0 -21213 -57601
1 -21217 -57601
2 -21216 -57601
3 -21230 -57601
4 -21218 -57601
5 -21217 -57601
6 -21214 -57601
7 -21216 -57601
8 -21220 -57601
9 -21222 -57601
10 -21215 -57601
11 -21221 -57601
12 -21217 -57601
13 -21216 -57601
14 3386 -57601
15 -21215 -57601
16 -21224 -57601
17 -21217 -57601
18 -21220 -57601
19 -21215 -57601
20 -21220 -57601
21 -21213 -57601
22 -21224 -57601
23 -21213 -57601
24 -21223 -57601
25 -21218 -57601
26 -21216 -57601
27 -21216 -57601
28 -21215 -57601
29 -21220 -57601
30 -21219 -57601
31 -21218 -57601
32 -21218 -57601
33 -21218 -57601
34 -21217 -57601
35 -21217 -57601
36 -21215 -57601
37 -21215 -57601
38 -21218 -57601
39 -21219 -57601
40 -21216 -57601
41 -21218 -57601
42 -21220 -57601
43 -21217 -57601
44 -21215 -57601
45 -21210 -57601
46 -21217 -57601
47 -21212 -57601
48 -21217 -57601
49 -21213 -57601
50 -21219 -57601
51 -21218 -57601
52 -21220 -57601
53 -21230 -57601
54 -21220 -57601
55 -21221 -57601
56 -21219 -57601
57 -21218 -57601
58 -21218 -57601
59 -21216 -57601
60 -21223 -57601
61 -21216 -57601
62 -21217 -57601
63 -21216 -57601
64 -21217 -57601
65 -21227 -57601
66 -21225 -57601
67 -21217 -57601
68 -21217 -57601
69 -21216 -57601
70 -21212 -57601
71 -21218 -57601
72 -21220 -57601
73 -21229 -57601
74 -21222 -57601
75 -21220 -57601
76 -21220 -57601
77 -21215 -57601
78 -21217 -57601
79 -21217 -57601
80 -21241 -57601
81 -21218 -57601
82 -21218 -57601
83 -21221 -57601
84 -21212 -57601
85 -21218 -57601
86 -21217 -57601
87 -21217 -57601
88 -21215 -57601
89 -21218 -57601
90 -21215 -57601
91 -21217 -57601
92 -21232 -57601
93 -21220 -57601
94 -21210 -57601
95 -21217 -57601
96 -21218 -57601
97 -21216 -57601
98 -21219 -57601
99 -21216 -57601
100 -21219 -57601
101 -21218 -57601
102 -21216 -57601
103 -21215 -57601
104 -21217 -57601
105 -21214 -57601
106 -21217 -57601
107 -21226 -57601
108 -21216 -57601
109 -21217 -57601
110 -21217 -57601
111 -21218 -57601
112 -21222 -57601
113 -21227 -57601
114 -21230 -57601
115 -21215 -57601
116 -21221 -57601
117 -21220 -57601
118 -21217 -57601
119 -21217 -57601
120 -21215 -57601
121 -21267 -57601
122 -21221 -57601
123 -21213 -57601
124 -21215 -57601
125 -21219 -57601
126 -21218 -57601
127 -21225 -57601
128 -21223 -57601
129 -21223 -57601
130 -21221 -57601
131 -21218 -57601
132 -21217 -57601
133 -21217 -57601
134 -21218 -57601
135 -21216 -57601
136 -21230 -57601
137 -21219 -57601
138 -21216 -57601
139 -21218 -57601
140 -21218 -57601
141 -21217 -57601
142 -21217 -57601
143 -21228 -57601
144 -21223 -57601
145 -21216 -57601
146 -21216 -57601
147 -21218 -57601
148 -21218 -57601
149 -21217 -57601
150 -21221 -57601
151 -21219 -57601
152 -21217 -57601
153 -21225 -57601
154 -21217 -57601
155 -21227 -57601
156 -21216 -57601
157 -21221 -57601
158 -21219 -57601
159 -21218 -57601
160 -21216 -57601
161 -21217 -57601
162 -21218 -57601
163 -21219 -57601
164 -21222 -57601
165 -21224 -57601
166 -21214 -57601
167 -21223 -57601
168 -21215 -57601
169 -21212 -57601
170 -21221 -57601
171 -21219 -57601
172 -21212 -57601
173 -21215 -57601
174 -21221 -57601
175 -21223 -57601
176 -21219 -57601
177 -21213 -57601
178 -21217 -57601
179 -21222 -57601
180 -21223 -57601
181 -21216 -57601
182 -21219 -57601
183 -21222 -57601
184 -21197 -57601
185 -21213 -57601
186 -21222 -57601
187 -21224 -57601
188 -21211 -57601
189 -21223 -57601
190 -21215 -57601
191 -21219 -57601
192 -21217 -57601
193 -21214 -57601
194 -21217 -57601
195 -21215 -57601
196 -21214 -57601
197 -21213 -57601
198 -21218 -57601
199 -21219 -57601
200 -21216 -57601
201 -21216 -57601
202 -21220 -57601
203 -21215 -57601
204 -21219 -57601
205 -21218 -57601
206 -21220 -57601
207 -21216 -57601
208 -21212 -57601
209 -21219 -57601
210 -21219 -57601
211 -21220 -57601
212 -21220 -57601
213 -21221 -57601
214 -21217 -57601
215 -21227 -57601
216 -21218 -57601
217 -21214 -57601
218 -21221 -57601
219 -21219 -57601
220 -21217 -57601
221 -21218 -57601
222 -21215 -57601
223 -21212 -57601
224 -21213 -57601
225 -21216 -57601
226 -21223 -57601
227 -21220 -57601
228 -21213 -57601
229 -21232 -57601
230 -21215 -57601
231 -21221 -57601
232 -21217 -57601
233 -21222 -57601
234 -21215 -57601
235 -21224 -57601
236 -21223 -57601
237 -21214 -57601
238 -21215 -57601
239 -21220 -57601
240 -21221 -57601
241 -21213 -57601
242 -21219 -57601
243 -21223 -57601
244 -21221 -57601
245 -21221 -57601
246 -21218 -57601
247 -21216 -57601
248 -21220 -57601
249 -21217 -57601
250 -21232 -57601
251 -21227 -57601
252 -21218 -57601
253 -21219 -57601
254 -21225 -57601
255 -21216 -57601
256 -21218 -57601
257 -21224 -57601
258 -21227 -57601
259 -21214 -57601
260 -21223 -57601
261 -21218 -57601
262 -21220 -57601
263 -21220 -57601
264 -21222 -57601
265 -21214 -57601
266 -21221 -57601
267 -21218 -57601
268 -21216 -57601
269 -21216 -57601
270 -21223 -57601
271 -21218 -57601
272 -21221 -57601
273 -21212 -57601
274 -21218 -57601
275 -21213 -57601
276 -21227 -57601
277 -21219 -57601
278 -21212 -57601
279 -21220 -57601
280 -21218 -57601
281 -21217 -57601
282 -21213 -57601
283 -21226 -57601
284 -21218 -57601
285 -21216 -57601
286 -21217 -57601
287 -21216 -57601
288 -21217 -57601
289 -21232 -57601
290 -21215 -57601
291 -21226 -57601
292 -21217 -57601
293 -21220 -57601
294 -21217 -57601
295 -21216 -57601
296 -21217 -57601
297 -21217 -57601
298 -21216 -57601
299 -21219 -57601
300 -21217 -57601
301 -21216 -57601
302 -21219 -57601
303 -21220 -57601
304 -21222 -57601
305 -21220 -57601
306 -21222 -57601
307 -21217 -57601
308 -21218 -57601
309 -21218 -57601
310 -21236 -57601
311 -21215 -57601
312 -21916 -57601
313 -21216 -57601
314 -21223 -57601
315 -21230 -57601
316 -21216 -57601
317 -21221 -57601
318 -21218 -57601
319 -21220 -57601
320 -21216 -57601
321 -21219 -57601
322 -21220 -57601
323 -21222 -57601
324 -21218 -57601
325 -21221 -57601
326 -21218 -57601
327 -21217 -57601
328 -21225 -57601
329 -21217 -57601
330 -21219 -57601
331 -21219 -57601
332 -21214 -57601
333 -21217 -57601
334 -21214 -57601
335 -21218 -57601
336 -21217 -57601
337 -21220 -57601
338 -21223 -57601
339 -21220 -57601
340 -21227 -57601
341 -21215 -57601
342 -21215 -57601
343 -21218 -57601
344 -21213 -57601
345 -21218 -57601
346 -21224 -57601
347 -21219 -57601
348 -21226 -57601
349 -21216 -57601
350 -21218 -57601
351 -21220 -57601
352 -21217 -57601
353 -21218 -57601
354 -21217 -57601
355 -21218 -57601
356 -21218 -57601
357 -21216 -57601
358 -21227 -57601
359 -21217 -57601
360 -21215 -57601
361 -21215 -57601
362 -21218 -57601
363 -21220 -57601
364 -21220 -57601
365 -21215 -57601
366 -21220 -57601
367 -21219 -57601
368 -21227 -57601
369 -21216 -57601
370 -21218 -57601
371 -21224 -57601
372 -21224 -57601
373 -21214 -57601
374 -21221 -57601
375 -21214 -57601
376 -21223 -57601
377 -21225 -57601
378 -21214 -57601
379 -21219 -57601
380 -21217 -57601
381 -21217 -57601
382 -21230 -57601
383 -21217 -57601
384 -21226 -57601
385 -21215 -57601
386 -21216 -57601
387 -21226 -57601
388 -21219 -57601
389 6791 -57601
390 -21214 -57601
391 -21221 -57601
392 -21216 -57601
393 -21221 -57601
394 -21213 -57601
395 -21219 -57601
396 -21217 -57601
397 -21226 -57601
398 -21222 -57601
399 -21217 -57601
400 -21219 -57601
401 -21218 -57601
402 -21224 -57601
403 -21217 -57601
404 -21215 -57601
405 -21220 -57601
406 -21217 -57601
407 -21218 -57601
408 -21221 -57601
409 -21221 -57601
410 -21216 -57601
411 -21219 -57601
412 -21217 -57601
413 -21221 -57601
414 -21217 -57601
415 -21215 -57601
416 -21217 -57601
417 -21214 -57601
418 -21219 -57601
419 -21217 -57601
420 -21217 -57601
421 -21221 -57601
422 -21221 -57601
423 -21218 -57601
424 -21218 -57601
425 -21221 -57601
426 -21219 -57601
427 -21213 -57601
428 -21213 -57601
429 -21219 -57601
430 -21216 -57601
431 -21220 -57601
432 -21232 -57601
433 -21215 -57601
434 -21218 -57601
435 -21220 -57601
436 -21217 -57601
437 -21220 -57601
438 -21223 -57601
439 -21201 -57601
440 -21217 -57601
441 -21223 -57601
442 -21221 -57601
443 -21220 -57601
444 -21220 -57601
445 -21219 -57601
446 -21216 -57601
447 -21218 -57601
448 -21217 -57601
449 -21223 -57601
450 -21218 -57601
451 -21217 -57601
452 -21229 -57601
453 -21219 -57601
454 -21216 -57601
455 -21213 -57601
456 -21215 -57601
457 -21223 -57601
458 -21213 -57601
459 -21218 -57601
460 -21227 -57601
461 -21220 -57601
462 -21212 -57601
463 -21217 -57601
464 -21219 -57601
465 -21216 -57601
466 -21215 -57601
467 -21211 -57601
468 -21228 -57601
469 -21221 -57601
470 -21221 -57601
471 -21217 -57601
472 -21216 -57601
473 -21219 -57601
474 -21220 -57601
475 -21216 -57601
476 -21216 -57601
477 -21217 -57601
478 -21221 -57601
479 -21216 -57601
480 -21215 -57601
481 -21222 -57601
482 -21218 -57601
483 -21217 -57601
484 -21220 -57601
485 -21224 -57601
486 -21219 -57601
487 -21222 -57601
488 -21217 -57601
489 -21219 -57601
490 -21215 -57601
491 -21212 -57601
492 -21215 -57601
493 -21219 -57601
494 -21216 -57601
495 -21214 -57601
496 -21214 -57601
497 -21222 -57601
498 -21213 -57601
499 -21219 -57601
500 -21220 -57601
501 -21217 -57601
502 -21216 -57601
503 -21225 -57601
504 -21216 -57601
505 -21218 -57601
506 -21217 -57601
507 -21216 -57601
508 -21218 -57601
509 -21213 -57601
510 -21218 -57601
511 -21214 -57601
512 -21218 -57601
513 -21226 -57601
514 -21214 -57601
515 -21220 -57601
516 -21218 -57601
517 -21211 -57601
518 -21222 -57601
519 -21222 -57601
520 -21218 -57601
521 -21218 -57601
522 -21216 -57601
523 -21223 -57601
524 -21223 -57601
525 -21226 -57601
526 -21228 -57601
527 -21217 -57601
528 -21222 -57601
529 -21217 -57601
530 -21217 -57601
531 -21222 -57601
532 -21225 -57601
533 -21216 -57601
534 -21220 -57601
535 -21216 -57601
536 -21217 -57601
537 -21218 -57601
538 -21224 -57601
539 -21219 -57601
540 -21219 -57601
541 -21217 -57601
542 -21220 -57601
543 -21224 -57601
544 -21218 -57601
545 -21215 -57601
546 -21217 -57601
547 -21219 -57601
548 -21219 -57601
549 -21223 -57601
550 -21212 -57601
551 -21215 -57601
552 -21220 -57601
553 3318 -57601
554 -21217 -57601
555 -21215 -57601
556 -21222 -57601
557 -21214 -57601
558 -21214 -57601
559 -21225 -57601
560 -21216 -57601
561 -21218 -57601
562 -21219 -57601
563 -21217 -57601
564 -21215 -57601
565 -21218 -57601
566 -21217 -57601
567 -21213 -57601
568 -21220 -57601
569 -21218 -57601
570 -21219 -57601
571 -21214 -57601
572 -21216 -57601
573 -21215 -57601
574 -21213 -57601
575 -21217 -57601
576 -21224 -57601
577 -21217 -57601
578 -21216 -57601
579 -21219 -57601
580 -21219 -57601
581 -21216 -57601
582 -21223 -57601
583 -21219 -57601
584 -21224 -57601
585 -21216 -57601
586 -21212 -57601
587 -21218 -57601
588 -21223 -57601
589 -21217 -57601
590 -21219 -57601
591 -21219 -57601
592 -21220 -57601
593 -21216 -57601
594 -21219 -57601
595 -21221 -57601
596 -21212 -57601
597 -21223 -57601
598 -21216 -57601
599 -21217 -57601
600 -21219 -57601
601 -21218 -57601
602 -21218 -57601
603 -21215 -57601
604 -21217 -57601
605 -21215 -57601
606 -21221 -57601
607 -21222 -57601
608 -182 -57601
609 -21221 -57601
610 -21217 -57601
611 -21215 -57601
612 -21223 -57601
613 -21228 -57601
614 -21218 -57601
615 -21219 -57601
616 -21215 -57601
617 -21216 -57601
618 -21213 -57601
619 -21215 -57601
620 -21221 -57601
621 -21217 -57601
622 -21218 -57601
623 -21212 -57601
624 -21217 -57601
625 -21223 -57601
626 -21214 -57601
627 -21214 -57601
628 -21216 -57601
629 -21221 -57601
630 -21218 -57601
631 -21221 -57601
632 -21218 -57601
633 -21215 -57601
634 -21221 -57601
635 -21215 -57601
636 -21222 -57601
637 -21219 -57601
638 -21226 -57601
639 -21217 -57601
640 -21211 -57601
641 -21219 -57601
642 -21211 -57601
643 -21216 -57601
644 -21214 -57601
645 -21221 -57601
646 -21216 -57601
647 -21221 -57601
648 -21220 -57601
649 -21216 -57601
650 -21217 -57601
651 -21219 -57601
652 -21216 -57601
653 -21216 -57601
654 -21217 -57601
655 -21215 -57601
656 -21219 -57601
657 -21219 -57601
658 -21214 -57601
659 -21222 -57601
660 -21220 -57601
661 -21219 -57601
662 -21222 -57601
663 -21219 -57601
664 -21222 -57601
665 -21213 -57601
666 -21221 -57601
667 -21216 -57601
668 -21219 -57601
669 -21218 -57601
670 -21214 -57601
671 -21221 -57601
672 -21222 -57601
673 -21215 -57601
674 -21224 -57601
675 -21220 -57601
676 -21217 -57601
677 -21217 -57601
678 -21219 -57601
679 -21222 -57601
680 -21226 -57601
681 -21220 -57601
682 -21213 -57601
683 -21219 -57601
684 -21218 -57601
685 -21217 -57601
686 -21220 -57601
687 -21217 -57601
688 -21213 -57601
689 -21210 -57601
690 -21222 -57601
691 -21221 -57601
692 -21225 -57601
693 -21217 -57601
694 -21225 -57601
695 -21218 -57601
696 -21225 -57601
697 -21220 -57601
698 -21211 -57601
699 -21216 -57601
700 -21216 -57601
701 -21216 -57601
702 -21231 -57601
703 -21217 -57601
704 -21215 -57601
705 -21226 -57601
706 -21220 -57601
707 -21217 -57601
708 -21226 -57601
709 -21223 -57601
710 -21219 -57601
711 -21218 -57601
712 -21215 -57601
713 -21219 -57601
714 -21219 -57601
715 -21220 -57601
716 -21217 -57601
717 -21214 -57601
718 -21223 -57601
719 -21221 -57601
720 -21216 -57601
721 -21221 -57601
722 -21221 -57601
723 -21223 -57601
724 -21220 -57601
725 -21219 -57601
726 -21229 -57601
727 -21214 -57601
728 -21215 -57601
729 -21218 -57601
730 -21215 -57601
731 -21211 -57601
732 -21218 -57601
733 -21221 -57601
734 -21230 -57601
735 -21221 -57601
736 -21221 -57601
737 -21215 -57601
738 -21253 -57601
739 -21217 -57601
740 -21216 -57601
741 -21223 -57601
742 -21217 -57601
743 -21218 -57601
744 -21221 -57601
745 -21222 -57601
746 -21218 -57601
747 -21228 -57601
748 -21224 -57601
749 -21214 -57601
750 -21215 -57601
751 -21218 -57601
752 -21219 -57601
753 -21215 -57601
754 -21216 -57601
755 -21219 -57601
756 -21219 -57601
757 -21218 -57601
758 -21216 -57601
759 -21213 -57601
760 -21212 -57601
761 -21218 -57601
762 -21221 -57601
763 -21218 -57601
764 -21223 -57601
765 -21229 -57601
766 -21218 -57601
767 -21213 -57601
768 -21221 -57601
769 -21219 -57601
770 -21221 -57601
771 -21220 -57601
772 -21213 -57601
773 -21212 -57601
774 -21215 -57601
775 -21219 -57601
776 -21228 -57601
777 -21215 -57601
778 -21218 -57601
779 -21218 -57601
780 -21215 -57601
781 -21221 -57601
782 -21218 -57601
783 -21222 -57601
784 -21219 -57601
785 -21221 -57601
786 -21222 -57601
787 -21214 -57601
788 -21220 -57601
789 -21221 -57601
790 -21225 -57601
791 -21225 -57601
792 -21215 -57601
793 -21219 -57601
794 -21226 -57601
795 -21215 -57601
796 -21217 -57601
797 -21217 -57601
798 -21218 -57601
799 -21213 -57601
800 -21219 -57601
801 -21228 -57601
802 -21220 -57601
803 -21222 -57601
804 -21221 -57601
805 -21218 -57601
806 -21214 -57601
807 -21217 -57601
808 -21219 -57601
809 -21217 -57601
810 -21221 -57601
811 -21221 -57601
812 -21215 -57601
813 -21215 -57601
814 -21223 -57601
815 -21216 -57601
816 -21214 -57601
817 -21219 -57601
818 -21219 -57601
819 -21219 -57601
820 -21213 -57601
821 -21215 -57601
822 -21219 -57601
823 -21220 -57601
824 -21219 -57601
825 -21219 -57601
826 -21216 -57601
827 -21218 -57601
828 -21218 -57601
829 -21220 -57601
830 -21219 -57601
831 -21227 -57601
832 -21221 -57601
833 -21213 -57601
834 -21232 -57601
835 -21220 -57601
836 -21229 -57601
837 -21222 -57601
838 -21219 -57601
839 -21220 -57601
840 -21221 -57601
841 -21215 -57601
842 -21218 -57601
843 -21215 -57601
844 -21215 -57601
845 -21220 -57601
846 -21216 -57601
847 -21219 -57601
848 -21221 -57601
849 -21219 -57601
850 -21216 -57601
851 -21224 -57601
852 -21220 -57601
853 -21219 -57601
854 -21216 -57601
855 -21226 -57601
856 -21215 -57601
857 -21222 -57601
858 -21217 -57601
859 -21216 -57601
860 -21212 -57601
861 -21218 -57601
862 -21220 -57601
863 -21220 -57601
864 -21219 -57601
865 -21213 -57601
866 -21215 -57601
867 -21214 -57601
868 -21214 -57601
869 -21223 -57601
870 -21217 -57601
871 -21218 -57601
872 -21215 -57601
873 -21217 -57601
874 -21219 -57601
875 -21218 -57601
876 -21219 -57601
877 -21224 -57601
878 -21225 -57601
879 -21215 -57601
880 -21217 -57601
881 -21216 -57601
882 -21215 -57601
883 -21219 -57601
884 -21215 -57601
885 -21215 -57601
886 -21217 -57601
887 -21227 -57601
888 -21213 -57601
889 -21223 -57601
890 -21224 -57601
891 -21226 -57601
892 -21220 -57601
893 -21221 -57601
894 -21199 -57601
895 -21210 -57601
896 -21215 -57601
897 -21214 -57601
898 -21215 -57601
899 -21225 -57601
900 -21214 -57601
901 -21216 -57601
902 6711 -57601
903 -21217 -57601
904 -21215 -57601
905 -21219 -57601
906 -21221 -57601
907 -21219 -57601
908 -21218 -57601
909 -21215 -57601
910 -21216 -57601
911 -21221 -57601
912 -21214 -57601
913 -21217 -57601
914 -21216 -57601
915 -21221 -57601
916 -21214 -57601
917 -21215 -57601
918 -21239 -57601
919 -21218 -57601
920 -21217 -57601
921 -21228 -57601
922 -21218 -57601
923 -21225 -57601
924 -21218 -57601
925 -21214 -57601
926 -21213 -57601
927 -21215 -57601
928 -21217 -57601
929 -21222 -57601
930 -21219 -57601
931 -21216 -57601
932 -21219 -57601
933 -21217 -57601
934 -21220 -57601
935 -21211 -57601
936 -21216 -57601
937 -21223 -57601
938 -21217 -57601
939 -21217 -57601
940 -21223 -57601
941 -21220 -57601
942 -21222 -57601
943 -21222 -57601
944 -21216 -57601
945 -21219 -57601
946 -21219 -57601
947 -21221 -57601
948 -21218 -57601
949 -21212 -57601
950 -21218 -57601
951 -21221 -57601
952 -21217 -57601
953 -21222 -57601
954 -21225 -57601
955 -21218 -57601
956 -21219 -57601
957 -21216 -57601
958 -21216 -57601
959 -21216 -57601
960 -21219 -57601
961 -21215 -57601
962 -21218 -57601
963 -21215 -57601
964 -21216 -57601
965 -21206 -57601
966 -21220 -57601
967 -21216 -57601
968 -21217 -57601
969 -21212 -57601
970 -21217 -57601
971 -21221 -57601
972 -21220 -57601
973 -21218 -57601
974 -21223 -57601
975 -21219 -57601
976 -21219 -57601
977 -21216 -57601
978 -21218 -57601
979 -21216 -57601
980 -21215 -57601
981 -21219 -57601
982 -21221 -57601
983 -21218 -57601
984 -21216 -57601
985 -21216 -57601
986 -21221 -57601
987 -21216 -57601
988 -21217 -57601
989 -21218 -57601
990 -21221 -57601
991 -21220 -57601
992 -21214 -57601
993 -21221 -57601
994 -21215 -57601
995 -21216 -57601
996 -21224 -57601
997 -21221 -57601
998 -21220 -57601
999 -21217 -57601
1000 -21221 -57601
1001 -21215 -57601
1002 -21215 -57601
1003 -21217 -57601
1004 -21224 -57601
1005 -21220 -57601
1006 -21219 -57601
1007 -21223 -57601
1008 -21224 -57601
1009 -21214 -57601
1010 -21224 -57601
1011 -21218 -57601
1012 -21218 -57601
1013 -21218 -57601
1014 -21219 -57601
1015 -21227 -57601
1016 -21220 -57601
1017 -21216 -57601
1018 -21216 -57601
1019 -21218 -57601
1020 -21218 -57601
1021 -21221 -57601
1022 -21216 -57601
1023 -21230 -57601
1024 -21216 -57601
1025 -21218 -57601
1026 -21210 -57601
1027 -21213 -57601
1028 -21220 -57601
1029 -21218 -57601
1030 -21220 -57601
1031 -21216 -57601
1032 -21221 -57601
1033 -21215 -57601
1034 -21218 -57601
1035 -21215 -57601
1036 -21217 -57601
1037 -21217 -57601
1038 -21215 -57601
1039 -21214 -57601
1040 -21215 -57601
1041 -21227 -57601
1042 -21216 -57601
1043 -21218 -57601
1044 -21221 -57601
1045 -21221 -57601
1046 -21215 -57601
1047 -21216 -57601
1048 -21222 -57601
1049 -21216 -57601
1050 -21224 -57601
1051 -21219 -57601
1052 -21216 -57601
1053 -7173 -57601
1054 -21215 -57601
1055 -21217 -57601
1056 -21214 -57601
1057 -21219 -57601
1058 -21224 -57601
1059 -21225 -57601
1060 -21218 -57601
1061 -21222 -57601
1062 -21215 -57601
1063 -21216 -57601
1064 -21223 -57601
1065 -21222 -57601
1066 -21217 -57601
1067 -21223 -57601
1068 -21213 -57601
1069 -21219 -57601
1070 -21214 -57601
1071 -21218 -57601
1072 -21218 -57601
1073 -21216 -57601
1074 -21219 -57601
1075 -21215 -57601
1076 -21221 -57601
1077 -21223 -57601
1078 -21212 -57601
1079 -21218 -57601
1080 -21217 -57601
1081 -21220 -57601
1082 -21213 -57601
1083 -21215 -57601
1084 -21216 -57601
1085 -21224 -57601
1086 -21214 -57601
1087 -21215 -57601
1088 -21222 -57601
1089 -21217 -57601
1090 -21218 -57601
1091 -21223 -57601
1092 -21218 -57601
1093 -21219 -57601
1094 -21221 -57601
1095 -21222 -57601
1096 -21224 -57601
1097 -21219 -57601
1098 -21213 -57601
1099 -21225 -57601
1100 -21214 -57601
1101 -21218 -57601
1102 -21216 -57601
1103 -21217 -57601
1104 -21222 -57601
1105 -21239 -57601
1106 -21217 -57601
1107 -21220 -57601
1108 -21219 -57601
1109 -21219 -57601
1110 -21214 -57601
1111 -21218 -57601
1112 -21218 -57601
1113 -21218 -57601
1114 -21217 -57601
1115 -21219 -57601
1116 -21217 -57601
1117 -21211 -57601
1118 -21216 -57601
1119 -21217 -57601
1120 -21222 -57601
1121 -21219 -57601
1122 -21221 -57601
1123 -21223 -57601
1124 -21215 -57601
1125 -21221 -57601
1126 -21219 -57601
1127 -21217 -57601
1128 -21215 -57601
1129 -21216 -57601
1130 -21218 -57601
1131 -21219 -57601
1132 -21218 -57601
1133 -21228 -57601
1134 -21221 -57601
1135 -21211 -57601
1136 -21223 -57601
1137 -21220 -57601
1138 -21214 -57601
1139 -21216 -57601
1140 -21219 -57601
1141 -21212 -57601
1142 -21217 -57601
1143 -21217 -57601
1144 -21223 -57601
1145 -21220 -57601
1146 -21215 -57601
1147 -21230 -57601
1148 -21213 -57601
1149 -21220 -57601
1150 -21215 -57601
1151 -21226 -57601
1152 -21222 -57601
1153 -21215 -57601
1154 -21217 -57601
1155 -21215 -57601
1156 -21221 -57601
1157 -21221 -57601
1158 -21219 -57601
1159 -21213 -57601
1160 -21222 -57601
1161 -21217 -57601
1162 -21209 -57601
1163 -21217 -57601
1164 -21214 -57601
1165 -21215 -57601
1166 -21224 -57601
1167 -21219 -57601
1168 -21216 -57601
1169 -21223 -57601
1170 -21220 -57601
1171 -21295 -57601
1172 -21225 -57601
1173 -21214 -57601
1174 -21219 -57601
1175 -21216 -57601
1176 -21221 -57601
1177 -21213 -57601
1178 -21213 -57601
1179 -21218 -57601
1180 -21213 -57601
1181 -21219 -57601
1182 -21215 -57601
1183 -21227 -57601
1184 -21218 -57601
1185 -21224 -57601
1186 -21216 -57601
1187 -21222 -57601
1188 -21212 -57601
1189 -21220 -57601
1190 -21221 -57601
1191 -21219 -57601
1192 -21225 -57601
1193 -21220 -57601
1194 -21215 -57601
1195 -21219 -57601
1196 -21216 -57601
1197 -21219 -57601
1198 -21218 -57601
1199 -21216 -57601
1200 -21214 -57601
1201 -21217 -57601
1202 -21214 -57601
1203 -21217 -57601
1204 -21218 -57601
1205 -21219 -57601
1206 -21215 -57601
1207 -21217 -57601
1208 -21231 -57601
1209 -21218 -57601
1210 -21216 -57601
1211 -21216 -57601
1212 -21218 -57601
1213 -21222 -57601
1214 -21220 -57601
1215 -21224 -57601
1216 -21216 -57601
1217 -21218 -57601
1218 -21218 -57601
1219 -21220 -57601
1220 -21220 -57601
1221 -21216 -57601
1222 -21218 -57601
1223 -21214 -57601
1224 -21217 -57601
1225 -21218 -57601
1226 -21218 -57601
1227 -21220 -57601
1228 -21222 -57601
1229 -21215 -57601
1230 -21215 -57601
1231 -21218 -57601
1232 -21217 -57601
1233 -21223 -57601
1234 -21228 -57601
1235 -21213 -57601
1236 -21221 -57601
1237 -21215 -57601
1238 -21220 -57601
1239 -21216 -57601
1240 -21217 -57601
1241 -21215 -57601
1242 -21216 -57601
1243 -21218 -57601
1244 -21215 -57601
1245 -21217 -57601
1246 -21215 -57601
1247 -21216 -57601
1248 -21219 -57601
1249 -21219 -57601
1250 -21226 -57601
1251 -21215 -57601
1252 -21215 -57601
1253 -21219 -57601
1254 -21218 -57601
1255 -21215 -57601
1256 -21221 -57601
1257 -21221 -57601
1258 -21219 -57601
1259 -21211 -57601
1260 -21214 -57601
1261 -21219 -57601
1262 -21224 -57601
1263 -21217 -57601
1264 -21221 -57601
1265 -21217 -57601
1266 -21217 -57601
1267 -21217 -57601
1268 -21223 -57601
1269 -21220 -57601
1270 -21222 -57601
1271 -21214 -57601
1272 -21215 -57601
1273 -21219 -57601
1274 -21219 -57601
1275 -21213 -57601
1276 -21215 -57601
1277 -21212 -57601
1278 -21213 -57601
1279 -21220 -57601
1280 -21218 -57601
1281 -21215 -57601
1282 -21217 -57601
1283 -21222 -57601
1284 -21222 -57601
1285 -21216 -57601
1286 -21215 -57601
1287 -21217 -57601
1288 -21213 -57601
1289 -21217 -57601
1290 -21222 -57601
1291 -21223 -57601
1292 -21218 -57601
1293 -21216 -57601
1294 -21221 -57601
1295 -21216 -57601
1296 -21213 -57601
1297 -21219 -57601
1298 -21219 -57601
1299 -21219 -57601
1300 -21222 -57601
1301 -21217 -57601
1302 -21221 -57601
1303 -21217 -57601
1304 -21216 -57601
1305 -21218 -57601
1306 -21218 -57601
1307 -21216 -57601
1308 -21215 -57601
1309 -21217 -57601
1310 -21213 -57601
1311 -21225 -57601
1312 -21218 -57601
1313 -21221 -57601
1314 -21226 -57601
1315 -21217 -57601
1316 -21216 -57601
1317 -21215 -57601
1318 -21219 -57601
1319 -21225 -57601
1320 -21234 -57601
1321 -21219 -57601
1322 -21215 -57601
1323 -21215 -57601
1324 -21216 -57601
1325 -21220 -57601
1326 -21218 -57601
1327 -21213 -57601
1328 -21223 -57601
1329 -21220 -57601
1330 -21233 -57601
1331 -21218 -57601
1332 -21217 -57601
1333 -21219 -57601
1334 -21218 -57601
1335 -21217 -57601
1336 -21216 -57601
1337 -21221 -57601
1338 -21219 -57601
1339 -21224 -57601
1340 -21217 -57601
1341 -21215 -57601
1342 -21222 -57601
1343 -21216 -57601
1344 -21220 -57601
1345 -21218 -57601
1346 -21214 -57601
1347 -21215 -57601
1348 -21219 -57601
1349 -21217 -57601
1350 -21213 -57601
1351 -21220 -57601
1352 -21219 -57601
1353 -21218 -57601
1354 -21213 -57601
1355 -21217 -57601
1356 -21219 -57601
1357 -21218 -57601
1358 -21217 -57601
1359 -21217 -57601
1360 -21224 -57601
1361 -21220 -57601
1362 -21219 -57601
1363 -21222 -57601
1364 -21220 -57601
1365 -21222 -57601
1366 -21217 -57601
1367 -21217 -57601
1368 -21217 -57601
1369 -21220 -57601
1370 -21218 -57601
1371 -21215 -57601
1372 -21222 -57601
1373 -21219 -57601
1374 -21221 -57601
1375 -21213 -57601
1376 -21219 -57601
1377 -21219 -57601
1378 -21217 -57601
1379 -21219 -57601
1380 -21223 -57601
1381 -21217 -57601
1382 -21218 -57601
1383 -21217 -57601
1384 -21226 -57601
1385 -21218 -57601
1386 -21217 -57601
1387 -21220 -57601
1388 -21222 -57601
1389 -21215 -57601
1390 -21215 -57601
1391 -21221 -57601
1392 -21218 -57601
1393 -21221 -57601
1394 -21217 -57601
1395 -21218 -57601
1396 -21216 -57601
1397 -21215 -57601
1398 -21221 -57601
1399 -21224 -57601
1400 -21218 -57601
1401 -21220 -57601
1402 -21218 -57601
1403 -21216 -57601
1404 -21218 -57601
1405 -21219 -57601
1406 -21213 -57601
1407 -21211 -57601
1408 -21226 -57601
1409 -21215 -57601
1410 -21215 -57601
1411 -21220 -57601
1412 -21228 -57601
1413 -21217 -57601
1414 -21221 -57601
1415 -21216 -57601
1416 -21217 -57601
1417 -21216 -57601
1418 -21226 -57601
1419 -21218 -57601
1420 -21219 -57601
1421 -21220 -57601
1422 -21217 -57601
1423 -21215 -57601
1424 -21212 -57601
1425 -21229 -57601
1426 -21216 -57601
1427 -21218 -57601
1428 -21213 -57601
1429 -21217 -57601
1430 -21218 -57601
1431 -21221 -57601
1432 -21221 -57601
1433 -21219 -57601
1434 -21215 -57601
1435 -21219 -57601
1436 -21215 -57601
1437 -21216 -57601
1438 -21222 -57601
1439 -21220 -57601
1440 -21223 -57601
1441 -21218 -57601
1442 -21215 -57601
1443 -21217 -57601
1444 -21219 -57601
1445 -21221 -57601
1446 -21221 -57601
1447 -21218 -57601
1448 -21218 -57601
1449 -21217 -57601
1450 -21218 -57601
1451 -21217 -57601
1452 -21200 -57601
1453 -21221 -57601
1454 -21217 -57601
1455 -21221 -57601
1456 -21256 -57601
1457 -21217 -57601
1458 -21218 -57601
1459 -21210 -57601
1460 -21215 -57601
1461 -21215 -57601
1462 -21218 -57601
1463 -21222 -57601
1464 -21219 -57601
1465 -21219 -57601
1466 -21216 -57601
1467 -21219 -57601
1468 -21222 -57601
1469 -21212 -57601
1470 -21218 -57601
1471 -21220 -57601
1472 -21221 -57601
1473 -21214 -57601
1474 -21216 -57601
1475 -21216 -57601
1476 -21216 -57601
1477 -21220 -57601
1478 -21227 -57601
1479 -21221 -57601
1480 -21217 -57601
1481 -21226 -57601
1482 -21221 -57601
1483 -21219 -57601
1484 -21217 -57601
1485 -21218 -57601
1486 -21214 -57601
1487 -21220 -57601
1488 -21216 -57601
1489 -21228 -57601
1490 -21215 -57601
1491 -21224 -57601
1492 -21215 -57601
1493 -21217 -57601
1494 -21216 -57601
1495 -21217 -57601
1496 -21212 -57601
1497 -21216 -57601
1498 -21216 -57601
1499 -21222 -57601
1500 -21218 -57601
1501 -21223 -57601
1502 -21220 -57601
1503 -21216 -57601
1504 -21220 -57601
1505 -21220 -57601
1506 -21216 -57601
1507 -21220 -57601
1508 -21219 -57601
1509 -21216 -57601
1510 -21217 -57601
1511 -21216 -57601
1512 -21222 -57601
1513 -21215 -57601
1514 -21217 -57601
1515 -21222 -57601
1516 -21219 -57601
1517 -21223 -57601
1518 -21227 -57601
1519 -21218 -57601
1520 -21228 -57601
1521 -21211 -57601
1522 -21218 -57601
1523 -21224 -57601
1524 -21217 -57601
1525 -21214 -57601
1526 -21223 -57601
1527 -21239 -57601
1528 -21217 -57601
1529 -21217 -57601
1530 -21220 -57601
1531 -21218 -57601
1532 -21217 -57601
1533 -21222 -57601
1534 -21230 -57601
1535 -21214 -57601
1536 -21221 -57601
1537 -21216 -57601
1538 -21222 -57601
1539 -21223 -57601
1540 -21219 -57601
1541 -21219 -57601
1542 -21216 -57601
1543 -21214 -57601
1544 -21221 -57601
1545 -21218 -57601
1546 -21219 -57601
1547 -21222 -57601
1548 -21215 -57601
1549 -21217 -57601
1550 -21224 -57601
1551 -21213 -57601
1552 -21219 -57601
1553 -21218 -57601
1554 -21222 -57601
1555 -21215 -57601
1556 -21217 -57601
1557 -21217 -57601
1558 -21226 -57601
1559 -21215 -57601
1560 -21228 -57601
1561 -21219 -57601
1562 -21221 -57601
1563 -21220 -57601
1564 -21216 -57601
1565 -21217 -57601
1566 -21220 -57601
1567 -21217 -57601
1568 -21215 -57601
1569 -21222 -57601
1570 -21223 -57601
1571 -21217 -57601
1572 -21220 -57601
1573 -21233 -57601
1574 -21217 -57601
1575 -21220 -57601
1576 -21220 -57601
1577 -21221 -57601
1578 -21216 -57601
1579 -21223 -57601
1580 -21216 -57601
1581 -21221 -57601
1582 -21216 -57601
1583 -21219 -57601
1584 -21218 -57601
1585 -21217 -57601
1586 -21228 -57601
1587 -21215 -57601
1588 -21218 -57601
1589 -21213 -57601
1590 -21218 -57601
1591 -21221 -57601
1592 -21216 -57601
1593 -21215 -57601
1594 -21218 -57601
1595 -21219 -57601
1596 -21217 -57601
1597 -21215 -57601
1598 -21221 -57601
1599 -21222 -57601
1600 -21216 -57601
1601 -21223 -57601
1602 -21224 -57601
1603 -21214 -57601
1604 -21222 -57601
1605 -21220 -57601
1606 -21218 -57601
1607 -21220 -57601
1608 -21216 -57601
1609 3319 -57601
1610 -21218 -57601
1611 -21216 -57601
1612 -21219 -57601
1613 -21218 -57601
1614 -21225 -57601
1615 -21218 -57601
1616 -21221 -57601
1617 -21216 -57601
1618 -21216 -57601
1619 -21214 -57601
1620 -21221 -57601
1621 -21219 -57601
1622 -21216 -57601
1623 -21221 -57601
1624 -21223 -57601
1625 -21219 -57601
1626 -21214 -57601
1627 -21219 -57601
1628 -21214 -57601
1629 -21217 -57601
1630 -21212 -57601
1631 -21214 -57601
1632 -21224 -57601
1633 -21224 -57601
1634 -21217 -57601
1635 -21217 -57601
1636 -21219 -57601
1637 -21218 -57601
1638 -21216 -57601
1639 -21219 -57601
1640 -21215 -57601
1641 -21218 -57601
1642 -21217 -57601
1643 -21236 -57601
1644 -21220 -57601
1645 -21214 -57601
1646 -21217 -57601
1647 -21214 -57601
1648 -21215 -57601
1649 -21227 -57601
1650 -21222 -57601
1651 -21218 -57601
1652 -21224 -57601
1653 -21218 -57601
1654 -21217 -57601
1655 -21218 -57601
1656 -21219 -57601
1657 -21215 -57601
1658 -21220 -57601
1659 -21216 -57601
1660 -21225 -57601
1661 -21216 -57601
1662 -21214 -57601
1663 -21217 -57601
1664 -21218 -57601
1665 -21216 -57601
1666 -21222 -57601
1667 -21213 -57601
1668 -21217 -57601
1669 -21217 -57601
1670 -21218 -57601
1671 -21216 -57601
1672 -21213 -57601
1673 -21220 -57601
1674 -3676 -57601
1675 -21215 -57601
1676 -21217 -57601
1677 -21216 -57601
1678 -21216 -57601
1679 -21215 -57601
1680 -21225 -57601
1681 -21226 -57601
1682 -21224 -57601
1683 -21222 -57601
1684 -21210 -57601
1685 -21217 -57601
1686 -21219 -57601
1687 -21219 -57601
1688 -21219 -57601
1689 -21223 -57601
1690 -21218 -57601
1691 -21218 -57601
1692 -21234 -57601
1693 -21222 -57601
1694 -21225 -57601
1695 -21221 -57601
1696 -21219 -57601
1697 -21219 -57601
1698 -21215 -57601
1699 -21214 -57601
1700 -21217 -57601
1701 -21231 -57601
1702 -21222 -57601
1703 -21220 -57601
1704 -21217 -57601
1705 -21216 -57601
1706 -21219 -57601
1707 -21220 -57601
1708 -21216 -57601
1709 -21218 -57601
1710 -21215 -57601
1711 -21215 -57601
1712 -21216 -57601
1713 -21216 -57601
1714 -21214 -57601
1715 -21215 -57601
1716 -21212 -57601
1717 -21223 -57601
1718 -21218 -57601
1719 -7244 -57601
1720 -21219 -57601
1721 -21223 -57601
1722 -21234 -57601
1723 -21217 -57601
1724 -21221 -57601
1725 -21218 -57601
1726 -21220 -57601
1727 -21217 -57601
1728 -21221 -57601
1729 -21217 -57601
1730 -21215 -57601
1731 -21219 -57601
1732 -21214 -57601
1733 -21217 -57601
1734 -21216 -57601
1735 -21220 -57601
1736 -21216 -57601
1737 -21214 -57601
1738 -21215 -57601
1739 -21218 -57601
1740 -21216 -57601
1741 -21222 -57601
1742 -21217 -57601
1743 -21215 -57601
1744 -21223 -57601
1745 -21222 -57601
1746 -21216 -57601
1747 -21214 -57601
1748 -21222 -57601
1749 -21220 -57601
1750 -21212 -57601
1751 -21216 -57601
1752 -21224 -57601
1753 -21214 -57601
1754 -21221 -57601
1755 -21226 -57601
1756 -21223 -57601
1757 -21218 -57601
1758 -21218 -57601
1759 -21213 -57601
1760 -21220 -57601
1761 -21217 -57601
1762 -21221 -57601
1763 -21215 -57601
1764 -21218 -57601
1765 -21225 -57601
1766 -21220 -57601
1767 -21219 -57601
1768 -21212 -57601
1769 -21220 -57601
1770 -21217 -57601
1771 -21222 -57601
1772 -21223 -57601
1773 -21211 -57601
1774 -21219 -57601
1775 -21223 -57601
1776 -21219 -57601
1777 -21220 -57601
1778 -21218 -57601
1779 -21213 -57601
1780 -21213 -57601
1781 -21214 -57601
1782 -21215 -57601
1783 -21219 -57601
1784 -21212 -57601
1785 -21217 -57601
1786 -21223 -57601
1787 -21219 -57601
1788 -21220 -57601
1789 -21220 -57601
1790 -21218 -57601
1791 -21217 -57601
1792 -21219 -57601
1793 -21216 -57601
1794 -21221 -57601
1795 -21228 -57601
1796 -21217 -57601
1797 -21218 -57601
1798 -21213 -57601
1799 -21227 -57601
1800 -21215 -57601
1801 -21220 -57601
1802 -21216 -57601
1803 -21222 -57601
1804 -21213 -57601
1805 -21221 -57601
1806 -21220 -57601
1807 -21219 -57601
1808 -21214 -57601
1809 -21216 -57601
1810 -21215 -57601
1811 -21215 -57601
1812 -21225 -57601
1813 -21216 -57601
1814 -21217 -57601
1815 -21219 -57601
1816 -21217 -57601
1817 -21218 -57601
1818 -21215 -57601
1819 -21215 -57601
1820 -21218 -57601
1821 -21219 -57601
1822 -21220 -57601
1823 -21219 -57601
1824 -21215 -57601
1825 -21222 -57601
1826 -21220 -57601
1827 -21216 -57601
1828 -21221 -57601
1829 -21218 -57601
1830 -21224 -57601
1831 -21219 -57601
1832 -21218 -57601
1833 -21224 -57601
1834 -21214 -57601
1835 -21217 -57601
1836 -21223 -57601
1837 -21218 -57601
1838 -21220 -57601
1839 -21216 -57601
1840 -21218 -57601
1841 -21216 -57601
1842 -21220 -57601
1843 -21213 -57601
1844 -21214 -57601
1845 -21218 -57601
1846 -21217 -57601
1847 -21218 -57601
1848 -21218 -57601
1849 -21214 -57601
1850 -21220 -57601
1851 -21218 -57601
1852 -21217 -57601
1853 -21218 -57601
1854 -21219 -57601
1855 -21217 -57601
1856 -21225 -57601
1857 -21220 -57601
1858 -21213 -57601
1859 -21216 -57601
1860 -21222 -57601
1861 -21220 -57601
1862 -21228 -57601
1863 -21216 -57601
1864 -21221 -57601
1865 -21217 -57601
1866 -21219 -57601
1867 -21225 -57601
1868 -7226 -57601
1869 -21216 -57601
1870 -21214 -57601
1871 -21223 -57601
1872 -21218 -57601
1873 -21219 -57601
1874 -21229 -57601
1875 -21219 -57601
1876 -21217 -57601
1877 -21223 -57601
1878 -21218 -57601
1879 -21220 -57601
1880 -21221 -57601
1881 -21218 -57601
1882 -21216 -57601
1883 -21224 -57601
1884 -21222 -57601
1885 -21214 -57601
1886 -21214 -57601
1887 -21213 -57601
1888 -21219 -57601
1889 -21217 -57601
1890 -21225 -57601
1891 -21219 -57601
1892 -21219 -57601
1893 -21224 -57601
1894 -21214 -57601
1895 -21220 -57601
1896 -21216 -57601
1897 -21223 -57601
1898 -21219 -57601
1899 -21221 -57601
1900 -21220 -57601
1901 -21221 -57601
1902 -21217 -57601
1903 -21220 -57601
1904 -21219 -57601
1905 -21224 -57601
1906 -21215 -57601
1907 -21224 -57601
1908 -21221 -57601
1909 -21216 -57601
1910 -21226 -57601
1911 -21213 -57601
1912 -21222 -57601
1913 -21185 -57601
1914 -21212 -57601
1915 -21221 -57601
1916 -21230 -57601
1917 -21219 -57601
1918 -21216 -57601
1919 -21221 -57601
1920 -21220 -57601
1921 -21219 -57601
1922 -21219 -57601
1923 -21222 -57601
1924 -21221 -57601
1925 -21221 -57601
1926 -21220 -57601
1927 -21216 -57601
1928 -21215 -57601
1929 -21219 -57601
1930 -21219 -57601
1931 -21219 -57601
1932 -21214 -57601
1933 -21215 -57601
1934 -21217 -57601
1935 -21214 -57601
1936 -21218 -57601
1937 -21213 -57601
1938 -21215 -57601
1939 -21218 -57601
1940 -21217 -57601
1941 -21221 -57601
1942 -21219 -57601
1943 -21215 -57601
1944 -21214 -57601
1945 -21214 -57601
1946 -21219 -57601
1947 -21221 -57601
1948 -21222 -57601
1949 -21218 -57601
1950 -21219 -57601
1951 -21218 -57601
1952 -21219 -57601
1953 -21216 -57601
1954 -21216 -57601
1955 -21219 -57601
1956 -21224 -57601
1957 -21219 -57601
1958 -21214 -57601
1959 -21218 -57601
1960 -21215 -57601
1961 -21214 -57601
1962 -21214 -57601
1963 -21227 -57601
1964 -21218 -57601
1965 -21221 -57601
1966 -21215 -57601
1967 -21226 -57601
1968 -21219 -57601
1969 -21214 -57601
1970 -21216 -57601
1971 -21220 -57601
1972 -21225 -57601
1973 -21228 -57601
1974 -21216 -57601
1975 -21224 -57601
1976 -21218 -57601
1977 -21222 -57601
1978 -21218 -57601
1979 3419 -57601
1980 -21215 -57601
1981 -21223 -57601
1982 -21228 -57601
1983 -21225 -57601
1984 -21228 -57601
1985 -21220 -57601
1986 -21217 -57601
1987 -21226 -57601
1988 -21218 -57601
1989 -21215 -57601
1990 -21219 -57601
1991 -21224 -57601
1992 -21221 -57601
1993 -21218 -57601
1994 -21216 -57601
1995 -21214 -57601
1996 -21221 -57601
1997 -21218 -57601
1998 -21219 -57601
1999 -21216 -57601
2000 -21218 -57601
2001 -21219 -57601
2002 -21219 -57601
2003 -21214 -57601
2004 -21221 -57601
2005 -21216 -57601
2006 -21221 -57601
2007 -21216 -57601
2008 -21216 -57601
2009 -21216 -57601
2010 -21216 -57601
2011 -21217 -57601
2012 -21218 -57601
2013 -21221 -57601
2014 -21216 -57601
2015 -21227 -57601
2016 -21226 -57601
2017 -21218 -57601
2018 -21219 -57601
2019 -21213 -57601
2020 -21219 -57601
2021 -21210 -57601
2022 -21219 -57601
2023 -21220 -57601
2024 -149 -57601
2025 -21215 -57601
2026 -21211 -57601
2027 -21215 -57601
2028 -21215 -57601
2029 -21225 -57601
2030 -21223 -57601
2031 -21217 -57601
2032 -21217 -57601
2033 -21215 -57601
2034 -21219 -57601
2035 -21219 -57601
2036 -21220 -57601
2037 -21216 -57601
2038 -21221 -57601
2039 -21219 -57601
2040 -21222 -57601
2041 -21218 -57601
2042 -21219 -57601
2043 -21216 -57601
2044 -21226 -57601
2045 -21213 -57601
2046 -21222 -57601
2047 -21221 -57601
2048 -21217 -57601
2049 -21218 -57601
2050 -21217 -57601
2051 -21222 -57601
2052 -21217 -57601
2053 -21219 -57601
2054 -21218 -57601
2055 -21217 -57601
2056 -21218 -57601
2057 -21217 -57601
2058 -21222 -57601
2059 -21216 -57601
2060 -21220 -57601
2061 -21216 -57601
2062 -21221 -57601
2063 -21215 -57601
2064 -21218 -57601
2065 -21217 -57601
2066 -21225 -57601
2067 -21219 -57601
2068 -21216 -57601
2069 -21216 -57601
2070 -21220 -57601
2071 -21216 -57601
2072 -21222 -57601
2073 -21217 -57601
2074 -21217 -57601
2075 -21218 -57601
2076 -21220 -57601
2077 -21214 -57601
2078 -21222 -57601
2079 -21223 -57601
2080 -21217 -57601
2081 -21224 -57601
2082 -21221 -57601
2083 -21220 -57601
2084 -21215 -57601
2085 -21220 -57601
2086 -21221 -57601
2087 -21220 -57601
2088 -21216 -57601
2089 -21218 -57601
2090 -21219 -57601
2091 -21219 -57601
2092 -21220 -57601
2093 -21220 -57601
2094 -21218 -57601
2095 -21218 -57601
2096 -21218 -57601
2097 -21215 -57601
2098 -21215 -57601
2099 -21215 -57601
2100 -21215 -57601
2101 -21193 -57601
2102 -21220 -57601
2103 -21221 -57601
2104 -21220 -57601
2105 -21219 -57601
2106 -21212 -57601
2107 -21222 -57601
2108 -21217 -57601
2109 -21224 -57601
2110 -21223 -57601
2111 -21218 -57601
2112 -21218 -57601
2113 -21215 -57601
2114 -21213 -57601
2115 -21219 -57601
2116 -21221 -57601
2117 -21217 -57601
2118 -21218 -57601
2119 -21216 -57601
2120 -21215 -57601
2121 -21213 -57601
2122 -21215 -57601
2123 -21216 -57601
2124 -21220 -57601
2125 -21213 -57601
2126 -21209 -57601
2127 -21221 -57601
2128 -21215 -57601
2129 -21215 -57601
2130 -21218 -57601
2131 -21215 -57601
2132 -21218 -57601
2133 -21215 -57601
2134 -21221 -57601
2135 -21218 -57601
2136 -21220 -57601
2137 -21215 -57601
2138 -21218 -57601
2139 -21221 -57601
2140 -21212 -57601
2141 -21219 -57601
2142 -21220 -57601
2143 -21214 -57601
2144 -21217 -57601
2145 -21222 -57601
2146 -21218 -57601
2147 -21214 -57601
2148 -21217 -57601
2149 -21220 -57601
2150 -21221 -57601
2151 -21217 -57601
2152 -21223 -57601
2153 -21220 -57601
2154 -21222 -57601
2155 -21219 -57601
2156 -21220 -57601
2157 -21219 -57601
2158 -21215 -57601
2159 -21215 -57601
2160 -21218 -57601
2161 -21220 -57601
2162 -21219 -57601
2163 -21214 -57601
2164 -21216 -57601
2165 -21215 -57601
2166 -21217 -57601
2167 -21220 -57601
2168 -21225 -57601
2169 -21216 -57601
2170 -21221 -57601
2171 -21217 -57601
2172 -21224 -57601
2173 -21217 -57601
2174 -21217 -57601
2175 -21217 -57601
2176 -21221 -57601
2177 -21221 -57601
2178 -21216 -57601
2179 -21214 -57601
2180 -21220 -57601
2181 -21245 -57601
2182 -21210 -57601
2183 -21220 -57601
2184 -21217 -57601
2185 -21220 -57601
2186 -21217 -57601
2187 -21217 -57601
2188 -21218 -57601
2189 -21227 -57601
2190 -21222 -57601
2191 -21216 -57601
2192 -21219 -57601
2193 -21216 -57601
2194 -21220 -57601
2195 -21221 -57601
2196 -21218 -57601
2197 -21225 -57601
2198 -21215 -57601
2199 -21209 -57601
2200 -21225 -57601
2201 -21218 -57601
2202 -21218 -57601
2203 -21218 -57601
2204 -21222 -57601
2205 -21213 -57601
2206 -21226 -57601
2207 -21218 -57601
2208 -21222 -57601
2209 -21219 -57601
2210 -21216 -57601
2211 -21219 -57601
2212 -21230 -57601
2213 -21214 -57601
2214 -21217 -57601
2215 -21219 -57601
2216 -21218 -57601
2217 -21222 -57601
2218 -21214 -57601
2219 -21215 -57601
2220 -21212 -57601
2221 -21214 -57601
2222 -21211 -57601
2223 -21210 -57601
2224 -21214 -57601
2225 -21215 -57601
2226 -21218 -57601
2227 -21222 -57601
2228 -21219 -57601
2229 -21218 -57601
2230 -21219 -57601
2231 -21220 -57601
2232 -21213 -57601
2233 -21218 -57601
2234 -21217 -57601
2235 -21220 -57601
2236 -21214 -57601
2237 -21216 -57601
2238 -21216 -57601
2239 -21219 -57601
2240 -21230 -57601
2241 -21217 -57601
2242 -21226 -57601
2243 -21215 -57601
2244 -21216 -57601
2245 -21215 -57601
2246 -21216 -57601
2247 -21224 -57601
2248 -21219 -57601
2249 -21230 -57601
2250 -21219 -57601
2251 -21219 -57601
2252 -21214 -57601
2253 -21217 -57601
2254 -21219 -57601
2255 -21231 -57601
2256 -21222 -57601
2257 -21216 -57601
2258 -21215 -57601
2259 -21218 -57601
2260 -21227 -57601
2261 -21220 -57601
2262 -21216 -57601
2263 -188 -57601
2264 -21222 -57601
2265 -21217 -57601
2266 -21221 -57601
2267 -21212 -57601
2268 -21219 -57601
2269 -21219 -57601
2270 -21223 -57601
2271 -21217 -57601
2272 -21214 -57601
2273 -21218 -57601
2274 -21221 -57601
2275 -21218 -57601
2276 -21219 -57601
2277 -21217 -57601
2278 -21214 -57601
2279 -21223 -57601
2280 -21216 -57601
2281 -21223 -57601
2282 -21218 -57601
2283 -21219 -57601
2284 -21214 -57601
2285 -21222 -57601
2286 -21218 -57601
2287 -21223 -57601
2288 -21222 -57601
2289 -21219 -57601
2290 -21221 -57601
2291 -21218 -57601
2292 -21219 -57601
2293 -21221 -57601
2294 -21217 -57601
2295 -21220 -57601
2296 -21219 -57601
2297 -21219 -57601
2298 -21221 -57601
2299 -21222 -57601
2300 -21215 -57601
2301 -21218 -57601
2302 -21217 -57601
2303 -21218 -57601
2304 -21218 -57601
2305 -21216 -57601
2306 -21216 -57601
2307 -21217 -57601
2308 -21216 -57601
2309 -21219 -57601
2310 -21215 -57601
2311 -21216 -57601
2312 -21219 -57601
2313 -21215 -57601
2314 -21220 -57601
2315 -21220 -57601
2316 -21217 -57601
2317 -21217 -57601
2318 -21218 -57601
2319 -21219 -57601
2320 -21223 -57601
2321 -21220 -57601
2322 -21217 -57601
2323 -21221 -57601
2324 -21219 -57601
2325 -21220 -57601
2326 -21215 -57601
2327 -21216 -57601
2328 -21219 -57601
2329 -21218 -57601
2330 -21216 -57601
2331 -21220 -57601
2332 -21220 -57601
2333 -21225 -57601
2334 -21213 -57601
2335 -21217 -57601
2336 -21217 -57601
2337 -21229 -57601
2338 -21218 -57601
2339 -21218 -57601
2340 -21220 -57601
2341 -21226 -57601
2342 -21218 -57601
2343 -21222 -57601
2344 -21220 -57601
2345 -21222 -57601
2346 -21224 -57601
2347 -21214 -57601
2348 -21219 -57601
2349 -21222 -57601
2350 -21219 -57601
2351 -21217 -57601
2352 -21222 -57601
2353 -21217 -57601
2354 -21214 -57601
2355 -21222 -57601
2356 -21219 -57601
2357 -21219 -57601
2358 -21217 -57601
2359 -21218 -57601
2360 -21219 -57601
2361 -21218 -57601
2362 -21221 -57601
2363 -21217 -57601
2364 -21215 -57601
2365 -21220 -57601
2366 -21217 -57601
2367 -21218 -57601
2368 -21216 -57601
2369 -21218 -57601
2370 -21219 -57601
2371 -21215 -57601
2372 -21216 -57601
2373 -21217 -57601
2374 -21221 -57601
2375 -21214 -57601
2376 -21220 -57601
2377 -21220 -57601
2378 -21220 -57601
2379 -21221 -57601
2380 -21218 -57601
2381 -21212 -57601
2382 -21222 -57601
2383 -21227 -57601
2384 -21220 -57601
2385 -21214 -57601
2386 -21220 -57601
2387 -21222 -57601
2388 -21222 -57601
2389 -21219 -57601
2390 -21214 -57601
2391 -21220 -57601
2392 -21217 -57601
2393 -21217 -57601
2394 -21216 -57601
2395 -21218 -57601
2396 -21215 -57601
2397 -21214 -57601
2398 -153 -57601
2399 -21218 -57601
2400 -21218 -57601
2401 -21206 -57601
2402 -21213 -57601
2403 -21215 -57601
2404 -21216 -57601
2405 -21220 -57601
2406 -21214 -57601
2407 -21217 -57601
2408 -21218 -57601
2409 -21222 -57601
2410 -21224 -57601
2411 -21215 -57601
2412 -21214 -57601
2413 -21224 -57601
2414 -21220 -57601
2415 -21213 -57601
2416 -21228 -57601
2417 -21221 -57601
2418 -21218 -57601
2419 -21216 -57601
2420 -21223 -57601
2421 -21219 -57601
2422 -21220 -57601
2423 -21215 -57601
2424 -21218 -57601
2425 -21225 -57601
2426 -21226 -57601
2427 -21221 -57601
2428 -21224 -57601
2429 -21214 -57601
2430 -21214 -57601
2431 -21222 -57601
2432 -21213 -57601
2433 -21217 -57601
2434 -21218 -57601
2435 -21224 -57601
2436 -21216 -57601
2437 -21213 -57601
2438 -21224 -57601
2439 -21220 -57601
2440 -21216 -57601
2441 -21223 -57601
2442 -21216 -57601
2443 -21219 -57601
2444 -21224 -57601
2445 -21226 -57601
2446 -21218 -57601
2447 -21221 -57601
2448 -21214 -57601
2449 -21226 -57601
2450 -21214 -57601
2451 -21224 -57601
2452 -21223 -57601
2453 -21216 -57601
2454 -21217 -57601
2455 -21220 -57601
2456 -21215 -57601
2457 -21216 -57601
2458 -21225 -57601
2459 -21218 -57601
2460 -21216 -57601
2461 -21215 -57601
2462 -21219 -57601
2463 -21219 -57601
2464 -21221 -57601
2465 -21219 -57601
2466 -21224 -57601
2467 -21221 -57601
2468 -21224 -57601
2469 -21220 -57601
2470 -21214 -57601
2471 -21213 -57601
2472 -21216 -57601
2473 -21219 -57601
2474 -21218 -57601
2475 -21217 -57601
2476 -21215 -57601
2477 -21220 -57601
2478 -21214 -57601
2479 -21213 -57601
2480 -21218 -57601
2481 -21215 -57601
2482 -21220 -57601
2483 -21222 -57601
2484 -21218 -57601
2485 -21228 -57601
2486 -21213 -57601
2487 -21220 -57601
2488 -21217 -57601
2489 -21220 -57601
2490 -21217 -57601
2491 -21223 -57601
2492 -21216 -57601
2493 -21219 -57601
2494 -21217 -57601
2495 -21217 -57601
2496 -21225 -57601
2497 -21226 -57601
2498 -21221 -57601
2499 -21224 -57601
2500 3252 -57601
2501 -21213 -57601
2502 -21219 -57601
2503 -21219 -57601
2504 -21221 -57601
2505 -21215 -57601
2506 -21219 -57601
2507 -21214 -57601
2508 -21219 -57601
2509 -21219 -57601
2510 -21218 -57601
2511 -21219 -57601
2512 -21216 -57601
2513 -21214 -57601
2514 -21220 -57601
2515 -21229 -57601
2516 -21218 -57601
2517 -21217 -57601
2518 -21219 -57601
2519 -21226 -57601
2520 -21220 -57601
2521 -21217 -57601
2522 -21218 -57601
2523 -21217 -57601
2524 -21223 -57601
2525 -21216 -57601
2526 -21211 -57601
2527 -21218 -57601
2528 -21218 -57601
2529 -21223 -57601
2530 -21213 -57601
2531 -21214 -57601
2532 -21222 -57601
2533 -21226 -57601
2534 -21213 -57601
2535 -21221 -57601
2536 -21215 -57601
2537 -21218 -57601
2538 -21222 -57601
2539 -21217 -57601
2540 -21214 -57601
2541 -21223 -57601
2542 -21217 -57601
2543 -21217 -57601
2544 -21216 -57601
2545 -21222 -57601
2546 -21213 -57601
2547 -21218 -57601
2548 -21216 -57601
2549 -21220 -57601
2550 -21217 -57601
2551 -21221 -57601
2552 -21220 -57601
2553 -21217 -57601
2554 -21218 -57601
2555 -21224 -57601
2556 -21223 -57601
2557 -21217 -57601
2558 -21219 -57601
2559 -21217 -57601
2560 -21222 -57601
2561 -21221 -57601
2562 -21223 -57601
2563 -21219 -57601
2564 -21217 -57601
2565 -21213 -57601
2566 -21221 -57601
2567 -21219 -57601
2568 -21217 -57601
2569 -21221 -57601
2570 -21218 -57601
2571 -21219 -57601
2572 -21218 -57601
2573 -21217 -57601
2574 -21214 -57601
2575 -21230 -57601
2576 -21220 -57601
2577 -21212 -57601
2578 -21216 -57601
2579 -21217 -57601
2580 -21217 -57601
2581 -21213 -57601
2582 -21220 -57601
2583 -21214 -57601
2584 -21223 -57601
2585 -21215 -57601
2586 -21221 -57601
2587 -21216 -57601
2588 -21217 -57601
2589 -21222 -57601
2590 -21215 -57601
2591 -21218 -57601
2592 -21217 -57601
2593 -21225 -57601
2594 -21216 -57601
2595 -21221 -57601
2596 -21219 -57601
2597 -21220 -57601
2598 -21216 -57601
2599 -21216 -57601
2600 -21220 -57601
2601 -21228 -57601
2602 -21215 -57601
2603 -21218 -57601
2604 -21217 -57601
2605 -21217 -57601
2606 -21216 -57601
2607 -21217 -57601
2608 -21217 -57601
2609 -21219 -57601
2610 -21218 -57601
2611 -21214 -57601
2612 -21226 -57601
2613 -21224 -57601
2614 -21221 -57601
2615 -21219 -57601
2616 -21214 -57601
2617 -21218 -57601
2618 -21216 -57601
2619 -21213 -57601
2620 -21215 -57601
2621 -21226 -57601
2622 -21221 -57601
2623 -21216 -57601
2624 -21220 -57601
2625 -21219 -57601
2626 -21220 -57601
2627 -21217 -57601
2628 -21216 -57601
2629 -21265 -57601
2630 -21217 -57601
2631 -21220 -57601
2632 -21219 -57601
2633 -21222 -57601
2634 -21220 -57601
2635 -21220 -57601
2636 -21226 -57601
2637 -21216 -57601
2638 -21212 -57601
2639 -21224 -57601
2640 -21215 -57601
2641 -21214 -57601
2642 -21217 -57601
2643 -21223 -57601
2644 -21221 -57601
2645 -21217 -57601
2646 -21217 -57601
2647 -21216 -57601
2648 -21217 -57601
2649 -21220 -57601
2650 -21216 -57601
2651 -21224 -57601
2652 -21225 -57601
2653 -21216 -57601
2654 -21219 -57601
2655 -21221 -57601
2656 -21218 -57601
2657 -21218 -57601
2658 -21216 -57601
2659 -21213 -57601
2660 -21214 -57601
2661 -21219 -57601
2662 -21217 -57601
2663 -21218 -57601
2664 -21217 -57601
2665 -21217 -57601
2666 -21218 -57601
2667 -21216 -57601
2668 -21223 -57601
2669 -21214 -57601
2670 -21220 -57601
2671 -21217 -57601
2672 -21220 -57601
2673 -21219 -57601
2674 -21215 -57601
2675 -21221 -57601
2676 -21220 -57601
2677 -21211 -57601
2678 -21219 -57601
2679 -21220 -57601
2680 -21214 -57601
2681 -21222 -57601
2682 -21221 -57601
2683 -21216 -57601
2684 -21218 -57601
2685 -21220 -57601
2686 -21217 -57601
2687 -21226 -57601
2688 -21216 -57601
2689 -21216 -57601
2690 -21213 -57601
2691 -21218 -57601
2692 -21219 -57601
2693 -21215 -57601
2694 -21217 -57601
2695 -21217 -57601
2696 -21215 -57601
2697 -21223 -57601
2698 -21216 -57601
2699 -21215 -57601
2700 -21220 -57601
2701 -21219 -57601
2702 -21218 -57601
2703 -21215 -57601
2704 -21215 -57601
2705 -21226 -57601
2706 -21218 -57601
2707 -21217 -57601
2708 -21220 -57601
2709 -21214 -57601
2710 -21219 -57601
2711 -21214 -57601
2712 -21210 -57601
2713 -21216 -57601
2714 -21220 -57601
2715 -21218 -57601
2716 -21219 -57601
2717 -21222 -57601
2718 -21217 -57601
2719 -21216 -57601
2720 -21219 -57601
2721 -21220 -57601
2722 -21216 -57601
2723 -21215 -57601
2724 -21216 -57601
2725 -21220 -57601
2726 -21220 -57601
2727 -21219 -57601
2728 -21218 -57601
2729 -21221 -57601
2730 -21221 -57601
2731 -21217 -57601
2732 -21220 -57601
2733 -21219 -57601
2734 -21218 -57601
2735 -21220 -57601
2736 -21216 -57601
2737 -21217 -57601
2738 -21220 -57601
2739 -21215 -57601
2740 -21221 -57601
2741 -21220 -57601
2742 -21218 -57601
2743 -21212 -57601
2744 -21217 -57601
2745 -21217 -57601
2746 -21215 -57601
2747 -21211 -57601
2748 -21217 -57601
2749 -21212 -57601
2750 -21220 -57601
2751 -21225 -57601
2752 -21221 -57601
2753 -21219 -57601
2754 -21218 -57601
2755 -21218 -57601
2756 -21217 -57601
2757 -21229 -57601
2758 -21222 -57601
2759 -21217 -57601
2760 -21203 -57601
2761 -21216 -57601
2762 -21213 -57601
2763 -21217 -57601
2764 -21214 -57601
2765 -21223 -57601
2766 -21226 -57601
2767 -21217 -57601
2768 -21221 -57601
2769 -21214 -57601
2770 -21217 -57601
2771 -21215 -57601
2772 -21217 -57601
2773 -21215 -57601
2774 -21220 -57601
2775 -21210 -57601
2776 -21216 -57601
2777 -21215 -57601
2778 -21216 -57601
2779 -21225 -57601
2780 -21219 -57601
2781 -21218 -57601
2782 -21221 -57601
2783 -21214 -57601
2784 -21214 -57601
2785 -21219 -57601
2786 -21227 -57601
2787 -21218 -57601
2788 -21220 -57601
2789 -21219 -57601
2790 -21221 -57601
2791 -21222 -57601
2792 -21218 -57601
2793 -21216 -57601
2794 -21211 -57601
2795 -21216 -57601
2796 -21230 -57601
2797 -21214 -57601
2798 -21216 -57601
2799 -21226 -57601
2800 -21217 -57601
2801 -21221 -57601
2802 -21216 -57601
2803 -21214 -57601
2804 -21214 -57601
2805 -21215 -57601
2806 -21218 -57601
2807 -21215 -57601
2808 -21216 -57601
2809 -21218 -57601
2810 -21215 -57601
2811 -21215 -57601
2812 -21213 -57601
2813 -21219 -57601
2814 -21213 -57601
2815 -21220 -57601
2816 -21222 -57601
2817 -21220 -57601
2818 -21217 -57601
2819 -21217 -57601
2820 -21216 -57601
2821 -21219 -57601
2822 -21216 -57601
2823 -21219 -57601
2824 -21218 -57601
2825 -21219 -57601
2826 -21219 -57601
2827 -21216 -57601
2828 -21222 -57601
2829 -21217 -57601
2830 -21219 -57601
2831 -21217 -57601
2832 -21220 -57601
2833 -21217 -57601
2834 -21219 -57601
2835 -21218 -57601
2836 -21216 -57601
2837 -21217 -57601
2838 -21217 -57601
2839 -21217 -57601
2840 -21217 -57601
2841 -21219 -57601
2842 -21218 -57601
2843 -21217 -57601
2844 -21224 -57601
2845 -21219 -57601
2846 -21220 -57601
2847 -21216 -57601
2848 -21214 -57601
2849 -21212 -57601
2850 -21223 -57601
2851 -21215 -57601
2852 -21217 -57601
2853 -21218 -57601
2854 -21217 -57601
2855 -21214 -57601
2856 -21215 -57601
2857 -21215 -57601
2858 -21214 -57601
2859 -21220 -57601
2860 -21220 -57601
2861 -21220 -57601
2862 -21228 -57601
2863 -21219 -57601
2864 -21216 -57601
2865 -21216 -57601
2866 -21223 -57601
2867 -21218 -57601
2868 -21217 -57601
2869 -21223 -57601
2870 -21230 -57601
2871 -21218 -57601
2872 -21213 -57601
2873 -21216 -57601
2874 -21219 -57601
2875 -21216 -57601
2876 -21218 -57601
2877 -21217 -57601
2878 -21226 -57601
2879 -21222 -57601
2880 -21223 -57601
2881 -21214 -57601
2882 -21217 -57601
2883 -21216 -57601
2884 -21220 -57601
2885 -21224 -57601
2886 -21216 -57601
2887 -21216 -57601
2888 -21222 -57601
2889 -21214 -57601
2890 -21220 -57601
2891 -21218 -57601
2892 -21218 -57601
2893 -21221 -57601
2894 -21221 -57601
2895 -21218 -57601
2896 -21215 -57601
2897 -21223 -57601
2898 -21217 -57601
2899 -21213 -57601
2900 -21216 -57601
2901 -21219 -57601
2902 -21215 -57601
2903 -21216 -57601
2904 -21213 -57601
2905 -21216 -57601
2906 -21277 -57601
2907 -21218 -57601
2908 -21220 -57601
2909 -21196 -57601
2910 -21213 -57601
2911 -21186 -57601
2912 -21217 -57601
2913 -21215 -57601
2914 -21216 -57601
2915 -21215 -57601
2916 -21214 -57601
2917 -21219 -57601
2918 -21219 -57601
2919 -21216 -57601
2920 -21223 -57601
2921 -21216 -57601
2922 -21219 -57601
2923 -21219 -57601
2924 -21219 -57601
2925 -21214 -57601
2926 -21221 -57601
2927 -21217 -57601
2928 -21218 -57601
2929 -21218 -57601
2930 -7180 -57601
2931 -21220 -57601
2932 -21218 -57601
2933 -21217 -57601
2934 -21217 -57601
2935 -21215 -57601
2936 -21215 -57601
2937 -21220 -57601
2938 -21219 -57601
2939 -21222 -57601
2940 -21216 -57601
2941 -21216 -57601
2942 -21216 -57601
2943 -21221 -57601
2944 -21212 -57601
2945 -21217 -57601
2946 -21219 -57601
2947 -21214 -57601
2948 -21224 -57601
2949 -21216 -57601
2950 -21221 -57601
2951 -21215 -57601
2952 -21215 -57601
2953 -21220 -57601
2954 -21212 -57601
2955 -21216 -57601
2956 -21215 -57601
2957 -21218 -57601
2958 -21217 -57601
2959 -21219 -57601
2960 -21218 -57601
2961 -21214 -57601
2962 -21218 -57601
2963 -21217 -57601
2964 -21218 -57601
2965 -21217 -57601
2966 -21218 -57601
2967 -21213 -57601
2968 -21218 -57601
2969 -21215 -57601
2970 -21216 -57601
2971 -21219 -57601
2972 -21222 -57601
2973 -21222 -57601
2974 -21217 -57601
2975 -21218 -57601
2976 -21217 -57601
2977 -21216 -57601
2978 -21215 -57601
2979 -21214 -57601
2980 -21216 -57601
2981 -21223 -57601
2982 -21218 -57601
2983 -21221 -57601
2984 -21216 -57601
2985 -21223 -57601
2986 -21218 -57601
2987 -21218 -57601
2988 -21216 -57601
2989 -21216 -57601
2990 -21219 -57601
2991 -21219 -57601
2992 -21219 -57601
2993 -21217 -57601
2994 -21222 -57601
2995 -21218 -57601
2996 -21220 -57601
2997 -21215 -57601
2998 -21215 -57601
2999 -21228 -57601
3000 -21217 -57601
3001 -21226 -57601
3002 -21217 -57601
3003 -21224 -57601
3004 -21218 -57601
3005 -21216 -57601
3006 -21216 -57601
3007 -21225 -57601
3008 -21215 -57601
3009 -21219 -57601
3010 -21216 -57601
3011 -21219 -57601
3012 -21216 -57601
3013 -21217 -57601
3014 -21222 -57601
3015 -21217 -57601
3016 -21223 -57601
3017 -21224 -57601
3018 -21215 -57601
3019 -21216 -57601
3020 -21217 -57601
3021 -21218 -57601
3022 -21217 -57601
3023 -21213 -57601
3024 -21213 -57601
3025 -21216 -57601
3026 -21218 -57601
3027 -21216 -57601
3028 -21217 -57601
3029 -21218 -57601
3030 -21222 -57601
3031 -21223 -57601
3032 -21216 -57601
3033 -21217 -57601
3034 -21216 -57601
3035 -21224 -57601
3036 -21218 -57601
3037 -21223 -57601
3038 -21218 -57601
3039 -21223 -57601
3040 -21223 -57601
3041 -21221 -57601
3042 -21222 -57601
3043 -21214 -57601
3044 -21217 -57601
3045 -21220 -57601
3046 -21222 -57601
3047 -21217 -57601
3048 -21214 -57601
3049 -21186 -57601
3050 -21222 -57601
3051 -21219 -57601
3052 -21216 -57601
3053 -21218 -57601
3054 -21217 -57601
3055 -21217 -57601
3056 -21223 -57601
3057 -21217 -57601
3058 -21216 -57601
3059 -21223 -57601
3060 -21224 -57601
3061 -21218 -57601
3062 -21217 -57601
3063 -21222 -57601
3064 -21225 -57601
3065 -21217 -57601
3066 -21216 -57601
3067 -21217 -57601
3068 -21220 -57601
3069 -21217 -57601
3070 -21220 -57601
3071 -21217 -57601
3072 -21220 -57601
3073 -21212 -57601
3074 -21220 -57601
3075 -21216 -57601
3076 -21216 -57601
3077 -21221 -57601
3078 -21222 -57601
3079 -21223 -57601
3080 -21222 -57601
3081 -21220 -57601
3082 -21218 -57601
3083 -21220 -57601
3084 -21221 -57601
3085 -21214 -57601
3086 -21221 -57601
3087 -21219 -57601
3088 -21222 -57601
3089 -21220 -57601
3090 -21218 -57601
3091 -21215 -57601
3092 -21218 -57601
3093 -21218 -57601
3094 -21219 -57601
3095 -21216 -57601
3096 -21215 -57601
3097 -21222 -57601
3098 -21218 -57601
3099 -21220 -57601
3100 -197 -57601
3101 -21216 -57601
3102 -21219 -57601
3103 -21216 -57601
3104 -21218 -57601
3105 -21214 -57601
3106 -21218 -57601
3107 -21222 -57601
3108 -21219 -57601
3109 -21227 -57601
3110 -21218 -57601
3111 -21216 -57601
3112 -21219 -57601
3113 -21219 -57601
3114 -21215 -57601
3115 -21220 -57601
3116 -21218 -57601
3117 -21214 -57601
3118 -21215 -57601
3119 -21221 -57601
3120 -21218 -57601
3121 -21220 -57601
3122 -21222 -57601
3123 -21218 -57601
3124 -21219 -57601
3125 -21220 -57601
3126 -21222 -57601
3127 -21211 -57601
3128 -21212 -57601
3129 -21217 -57601
3130 -21221 -57601
3131 -21219 -57601
3132 -21217 -57601
3133 -3682 -57601
3134 -21215 -57601
3135 -21217 -57601
3136 -21216 -57601
3137 -21224 -57601
3138 -21218 -57601
3139 -21226 -57601
3140 -21221 -57601
3141 -21224 -57601
3142 -21219 -57601
3143 -21218 -57601
3144 -21218 -57601
3145 -21219 -57601
3146 -21219 -57601
3147 -21220 -57601
3148 -21219 -57601
3149 -21220 -57601
3150 -21223 -57601
3151 -21214 -57601
3152 -21211 -57601
3153 -21215 -57601
3154 -21214 -57601
3155 -21220 -57601
3156 -21220 -57601
3157 -21215 -57601
3158 -21216 -57601
3159 -21219 -57601
3160 -21214 -57601
3161 -21219 -57601
3162 -21209 -57601
3163 -21216 -57601
3164 -21221 -57601
3165 -21223 -57601
3166 -21217 -57601
3167 -21228 -57601
3168 -21225 -57601
3169 -21215 -57601
3170 -21220 -57601
3171 -21213 -57601
3172 -21214 -57601
3173 -21219 -57601
3174 -21215 -57601
3175 -21216 -57601
3176 -21215 -57601
3177 -21219 -57601
3178 -21224 -57601
3179 -21219 -57601
3180 -21226 -57601
3181 -21218 -57601
3182 -21223 -57601
3183 -21218 -57601
3184 -21215 -57601
3185 -21205 -57601
3186 -21220 -57601
3187 -21224 -57601
3188 -21213 -57601
3189 -21213 -57601
3190 -21216 -57601
3191 -21216 -57601
3192 -21220 -57601
3193 -21219 -57601
3194 -7221 -57601
3195 -21219 -57601
3196 -21215 -57601
3197 -21216 -57601
3198 -21213 -57601
3199 -21216 -57601
3200 -21217 -57601
3201 -21217 -57601
3202 -21219 -57601
3203 -21215 -57601
3204 -21220 -57601
3205 -21217 -57601
3206 -21224 -57601
3207 -21218 -57601
3208 -21221 -57601
3209 -21214 -57601
3210 -21220 -57601
3211 -21213 -57601
3212 -21219 -57601
3213 -21213 -57601
3214 -21218 -57601
3215 -21226 -57601
3216 -21224 -57601
3217 -21227 -57601
3218 -21213 -57601
3219 -21225 -57601
3220 -21214 -57601
3221 -21213 -57601
3222 -21222 -57601
3223 -21218 -57601
3224 -21221 -57601
3225 -21224 -57601
3226 -21219 -57601
3227 -21217 -57601
3228 -21226 -57601
3229 -21215 -57601
3230 -21228 -57601
3231 -21227 -57601
3232 -21220 -57601
3233 -21204 -57601
3234 -21216 -57601
3235 -21228 -57601
3236 -21220 -57601
3237 -21222 -57601
3238 -21221 -57601
3239 -21214 -57601
3240 -21217 -57601
3241 -21220 -57601
3242 -21220 -57601
3243 -21221 -57601
3244 -21222 -57601
3245 -21220 -57601
3246 -21213 -57601
3247 -21222 -57601
3248 -21219 -57601
3249 -21221 -57601
3250 -21214 -57601
3251 -21219 -57601
3252 -21223 -57601
3253 -21214 -57601
3254 -21220 -57601
3255 -21216 -57601
3256 -21210 -57601
3257 -21213 -57601
3258 -21215 -57601
3259 -21219 -57601
3260 -21219 -57601
3261 -21216 -57601
3262 -21228 -57601
3263 -21219 -57601
3264 -21223 -57601
3265 -21217 -57601
3266 -21220 -57601
3267 -21222 -57601
3268 -21223 -57601
3269 -21219 -57601
3270 -21218 -57601
3271 -21214 -57601
3272 -21213 -57601
3273 -21214 -57601
3274 -21220 -57601
3275 -21211 -57601
3276 -21218 -57601
3277 -21221 -57601
3278 -21223 -57601
3279 -21222 -57601
3280 -21217 -57601
3281 -21223 -57601
3282 -21217 -57601
3283 -21214 -57601
3284 -21219 -57601
3285 -21221 -57601
3286 -21219 -57601
3287 -21217 -57601
3288 -21221 -57601
3289 -21218 -57601
3290 -21221 -57601
3291 -21243 -57601
3292 -21224 -57601
3293 -21217 -57601
3294 -21213 -57601
3295 -21221 -57601
3296 -21233 -57601
3297 -21219 -57601
3298 -21217 -57601
3299 -21218 -57601
3300 -21213 -57601
3301 -21221 -57601
3302 -21219 -57601
3303 -21212 -57601
3304 -21212 -57601
3305 -21215 -57601
3306 -21214 -57601
3307 -21216 -57601
3308 -21215 -57601
3309 -21217 -57601
3310 -21213 -57601
3311 -21217 -57601
3312 -21221 -57601
3313 -21222 -57601
3314 -21218 -57601
3315 -21220 -57601
3316 -21216 -57601
3317 -21217 -57601
3318 -21215 -57601
3319 -21219 -57601
3320 -21214 -57601
3321 -21215 -57601
3322 -21217 -57601
3323 -21219 -57601
3324 -21212 -57601
3325 -21224 -57601
3326 -21216 -57601
3327 -21218 -57601
3328 -21217 -57601
3329 -21221 -57601
3330 -21215 -57601
3331 -21216 -57601
3332 -21218 -57601
3333 -21218 -57601
3334 -21222 -57601
3335 -21221 -57601
3336 -21217 -57601
3337 -21217 -57601
3338 -21216 -57601
3339 -21215 -57601
3340 -21221 -57601
3341 -21220 -57601
3342 -21220 -57601
3343 -21220 -57601
3344 -21213 -57601
3345 -21215 -57601
3346 -21211 -57601
3347 -21228 -57601
3348 -21215 -57601
3349 -21217 -57601
3350 -21223 -57601
3351 -21216 -57601
3352 -21223 -57601
3353 -21218 -57601
3354 -21219 -57601
3355 -21227 -57601
3356 -21219 -57601
3357 -21212 -57601
3358 -21220 -57601
3359 -21217 -57601
3360 -21226 -57601
3361 -21215 -57601
3362 -21216 -57601
3363 -21217 -57601
3364 -21218 -57601
3365 -21216 -57601
3366 -21218 -57601
3367 -21222 -57601
3368 -21213 -57601
3369 -21227 -57601
3370 -21222 -57601
3371 -21218 -57601
3372 -21221 -57601
3373 -21217 -57601
3374 -21217 -57601
3375 -21214 -57601
3376 -21213 -57601
3377 -21217 -57601
3378 -21215 -57601
3379 -21216 -57601
3380 -21212 -57601
3381 -21219 -57601
3382 -21217 -57601
3383 -21213 -57601
3384 -21214 -57601
3385 -21213 -57601
3386 -21226 -57601
3387 -21218 -57601
3388 -21218 -57601
3389 -21221 -57601
3390 -21215 -57601
3391 -21220 -57601
3392 -21220 -57601
3393 -21220 -57601
3394 -21215 -57601
3395 -21221 -57601
3396 -21215 -57601
3397 -21219 -57601
3398 -21218 -57601
3399 -21218 -57601
3400 -21220 -57601
3401 -21224 -57601
3402 -21225 -57601
3403 -21222 -57601
3404 -21221 -57601
3405 -21223 -57601
3406 -21223 -57601
3407 -21220 -57601
3408 -21225 -57601
3409 -21215 -57601
3410 -21212 -57601
3411 -21214 -57601
3412 -21216 -57601
3413 -21214 -57601
3414 -21221 -57601
3415 -21219 -57601
3416 -21218 -57601
3417 -21213 -57601
3418 -21215 -57601
3419 -21220 -57601
3420 -21224 -57601
3421 -21215 -57601
3422 -21215 -57601
3423 -21215 -57601
3424 -10701 -57601
3425 -21212 -57601
3426 -21218 -57601
3427 -21221 -57601
3428 -21215 -57601
3429 -21219 -57601
3430 -21223 -57601
3431 -21218 -57601
3432 -21220 -57601
3433 -21219 -57601
3434 -21219 -57601
3435 -21224 -57601
3436 -21211 -57601
3437 -21216 -57601
3438 -21220 -57601
3439 -21218 -57601
3440 -21223 -57601
3441 -21217 -57601
3442 -21216 -57601
3443 -21211 -57601
3444 -21224 -57601
3445 -21214 -57601
3446 -21214 -57601
3447 -21225 -57601
3448 -21224 -57601
3449 -21225 -57601
3450 -21219 -57601
3451 -21220 -57601
3452 -21219 -57601
3453 -21215 -57601
3454 -21219 -57601
3455 -21217 -57601
3456 -21221 -57601
3457 -21218 -57601
3458 -21222 -57601
3459 -21215 -57601
3460 -21220 -57601
3461 -21216 -57601
3462 -21220 -57601
3463 -21220 -57601
3464 -21216 -57601
3465 -21217 -57601
3466 -21218 -57601
3467 -21220 -57601
3468 -21222 -57601
3469 -21217 -57601
3470 -21215 -57601
3471 -21216 -57601
3472 -21223 -57601
3473 -21219 -57601
3474 -21214 -57601
3475 -21221 -57601
3476 -21220 -57601
3477 -21217 -57601
3478 -21216 -57601
3479 -21224 -57601
3480 -21219 -57601
3481 -21230 -57601
3482 -21219 -57601
3483 -21216 -57601
3484 6866 -57601
3485 -21216 -57601
3486 -21215 -57601
3487 -21231 -57601
3488 -21225 -57601
3489 -21223 -57601
3490 -21223 -57601
3491 -21217 -57601
3492 -21221 -57601
3493 -21217 -57601
3494 -21215 -57601
3495 -21216 -57601
3496 -21220 -57601
3497 -21221 -57601
3498 -7158 -57601
3499 -21218 -57601
3500 -21217 -57601
3501 -21221 -57601
3502 -21219 -57601
3503 -21224 -57601
3504 -21222 -57601
3505 -21223 -57601
3506 -21215 -57601
3507 -15938 -57601
3508 -21224 -57601
3509 -21214 -57601
3510 -21217 -57601
3511 -21223 -57601
3512 -21224 -57601
3513 -21216 -57601
3514 -21216 -57601
3515 -21217 -57601
3516 -21219 -57601
3517 -21219 -57601
3518 -21219 -57601
3519 -21225 -57601
3520 -21219 -57601
3521 -21218 -57601
3522 -21217 -57601
3523 -21225 -57601
3524 -21214 -57601
3525 -21213 -57601
3526 -21216 -57601
3527 -21215 -57601
3528 -21224 -57601
3529 -21216 -57601
3530 -21220 -57601
3531 -21216 -57601
3532 -21222 -57601
3533 -21224 -57601
3534 -21217 -57601
3535 -21241 -57601
3536 -21214 -57601
3537 -21219 -57601
3538 -21216 -57601
3539 -21218 -57601
3540 -21212 -57601
3541 -21222 -57601
3542 -21224 -57601
3543 -21224 -57601
3544 -21219 -57601
3545 -21217 -57601
3546 -21217 -57601
3547 -21213 -57601
3548 -21217 -57601
3549 -21219 -57601
3550 -21220 -57601
3551 -21218 -57601
3552 -21217 -57601
3553 -21218 -57601
3554 -21219 -57601
3555 -21219 -57601
3556 -21218 -57601
3557 -21216 -57601
3558 -21219 -57601
3559 -21216 -57601
3560 -21215 -57601
3561 -21217 -57601
3562 -21221 -57601
3563 -21218 -57601
3564 -21230 -57601
3565 -21219 -57601
3566 -21219 -57601
3567 -21222 -57601
3568 -21220 -57601
3569 -21219 -57601
3570 -21221 -57601
3571 -21211 -57601
3572 -21216 -57601
3573 -21216 -57601
3574 -21220 -57601
3575 -21217 -57601
3576 -21230 -57601
3577 -21216 -57601
3578 -21217 -57601
3579 -21227 -57601
3580 -21218 -57601
3581 -21221 -57601
3582 -21219 -57601
3583 -21219 -57601
3584 -21213 -57601
3585 -21214 -57601
3586 -21226 -57601
3587 -21222 -57601
3588 -21217 -57601
3589 -21214 -57601
3590 -21220 -57601
3591 -21219 -57601
3592 -21222 -57601
3593 -21216 -57601
3594 -21214 -57601
3595 -21221 -57601
3596 -21218 -57601
3597 -21221 -57601
3598 -21213 -57601
3599 -21215 -57601
3600 -21215 -57601
3601 -21224 -57601
3602 -21221 -57601
3603 -21219 -57601
3604 -21215 -57601
3605 -21215 -57601
3606 -21216 -57601
3607 -21219 -57601
3608 -21222 -57601
3609 -21223 -57601
3610 -21223 -57601
3611 -21219 -57601
3612 -21220 -57601
3613 -21217 -57601
3614 -21214 -57601
3615 -21213 -57601
3616 -21217 -57601
3617 -21219 -57601
3618 -21223 -57601
3619 -21217 -57601
3620 -21219 -57601
3621 -21218 -57601
3622 -21217 -57601
3623 -21220 -57601
3624 -21218 -57601
3625 -21219 -57601
3626 -21219 -57601
3627 -21215 -57601
3628 -21221 -57601
3629 -21215 -57601
3630 -21222 -57601
3631 -21222 -57601
3632 -21220 -57601
3633 -21219 -57601
3634 -21219 -57601
3635 -21220 -57601
3636 -21212 -57601
3637 -21219 -57601
3638 -21226 -57601
3639 -21219 -57601
3640 -21216 -57601
3641 -21215 -57601
3642 -21214 -57601
3643 -21213 -57601
3644 -21218 -57601
3645 -21215 -57601
3646 -21215 -57601
3647 -21219 -57601
3648 -21217 -57601
3649 -21218 -57601
3650 -21217 -57601
3651 -21218 -57601
3652 -21214 -57601
3653 -21220 -57601
3654 -21219 -57601
3655 -21219 -57601
3656 -21216 -57601
3657 -21218 -57601
3658 -21215 -57601
3659 -21214 -57601
3660 -21213 -57601
3661 -21220 -57601
3662 -21214 -57601
3663 -21217 -57601
3664 -21224 -57601
3665 -21220 -57601
3666 -21219 -57601
3667 -21215 -57601
3668 -21223 -57601
3669 -21219 -57601
3670 -21218 -57601
3671 -21217 -57601
3672 -21225 -57601
3673 -21228 -57601
3674 -21220 -57601
3675 -21217 -57601
3676 -21227 -57601
3677 -21218 -57601
3678 -21219 -57601
3679 -21215 -57601
3680 -21218 -57601
3681 -21222 -57601
3682 -21214 -57601
3683 -21220 -57601
3684 -21217 -57601
3685 -21217 -57601
3686 -21220 -57601
3687 -21219 -57601
3688 -21214 -57601
3689 -21220 -57601
3690 -21224 -57601
3691 -21216 -57601
3692 -21216 -57601
3693 -21219 -57601
3694 -21216 -57601
3695 -21232 -57601
3696 -21217 -57601
3697 -21222 -57601
3698 -21221 -57601
3699 -21218 -57601
3700 -21217 -57601
3701 -21217 -57601
3702 -21217 -57601
3703 -21217 -57601
3704 -21218 -57601
3705 -21218 -57601
3706 -21219 -57601
3707 -21220 -57601
3708 -21224 -57601
3709 -21216 -57601
3710 -21218 -57601
3711 -21214 -57601
3712 -21219 -57601
3713 -21230 -57601
3714 -21215 -57601
3715 -21214 -57601
3716 -21213 -57601
3717 -21214 -57601
3718 -21228 -57601
3719 -21218 -57601
3720 -21222 -57601
3721 -21216 -57601
3722 -21218 -57601
3723 -21222 -57601
3724 -21219 -57601
3725 -21217 -57601
3726 -21217 -57601
3727 -21210 -57601
3728 -21217 -57601
3729 -21213 -57601
3730 -21215 -57601
3731 -21220 -57601
3732 -21216 -57601
3733 -21219 -57601
3734 -21218 -57601
3735 -21221 -57601
3736 -21218 -57601
3737 -21218 -57601
3738 -21223 -57601
3739 -21217 -57601
3740 -21218 -57601
3741 -21225 -57601
3742 -21217 -57601
3743 -21221 -57601
3744 -21207 -57601
3745 -21220 -57601
3746 -21224 -57601
3747 -21220 -57601
3748 -21222 -57601
3749 -21219 -57601
3750 -21217 -57601
3751 -21217 -57601
3752 -21215 -57601
3753 -21215 -57601
3754 -21214 -57601
3755 -21215 -57601
3756 -21214 -57601
3757 -21224 -57601
3758 -21212 -57601
3759 -21219 -57601
3760 -21227 -57601
3761 -21214 -57601
3762 -21214 -57601
3763 -21217 -57601
3764 -21215 -57601
3765 -21212 -57601
3766 -21213 -57601
3767 -21218 -57601
3768 -21219 -57601
3769 -21213 -57601
3770 -21218 -57601
3771 -21214 -57601
3772 -21214 -57601
3773 -21217 -57601
3774 -21216 -57601
3775 -21221 -57601
3776 -21221 -57601
3777 -21214 -57601
3778 -21214 -57601
3779 -21222 -57601
3780 -21217 -57601
3781 -21225 -57601
3782 -21216 -57601
3783 -21221 -57601
3784 -21217 -57601
3785 -21215 -57601
3786 -21214 -57601
3787 -21217 -57601
3788 -21216 -57601
3789 -21220 -57601
3790 -21219 -57601
3791 -21218 -57601
3792 -21216 -57601
3793 -21216 -57601
3794 -21215 -57601
3795 -21214 -57601
3796 -21215 -57601
3797 -21224 -57601
3798 -21223 -57601
3799 -21209 -57601
3800 -21218 -57601
3801 -21220 -57601
3802 -21222 -57601
3803 -21211 -57601
3804 -21220 -57601
3805 -21220 -57601
3806 -21214 -57601
3807 -21230 -57601
3808 -21212 -57601
3809 -21219 -57601
3810 -21222 -57601
3811 -21213 -57601
3812 -21217 -57601
3813 -21226 -57601
3814 -21227 -57601
3815 -21219 -57601
3816 -21216 -57601
3817 -21216 -57601
3818 -21214 -57601
3819 -21218 -57601
3820 -21215 -57601
3821 -21213 -57601
3822 -21213 -57601
3823 -21217 -57601
3824 -21230 -57601
3825 -21217 -57601
3826 -3774 -57601
3827 -21217 -57601
3828 -21216 -57601
3829 -21221 -57601
3830 -21224 -57601
3831 -21219 -57601
3832 -21221 -57601
3833 -21214 -57601
3834 -21230 -57601
3835 -21218 -57601
3836 -21215 -57601
3837 -21216 -57601
3838 -21216 -57601
3839 -21217 -57601
3840 -21226 -57601
3841 -21213 -57601
3842 -21219 -57601
3843 -21222 -57601
3844 -21215 -57601
3845 -21220 -57601
3846 -21166 -57601
3847 -21215 -57601
3848 -21217 -57601
3849 -21219 -57601
3850 -21221 -57601
3851 -21220 -57601
3852 -21216 -57601
3853 -21220 -57601
3854 -21216 -57601
3855 -21215 -57601
3856 -21218 -57601
3857 -21213 -57601
3858 -21215 -57601
3859 -21219 -57601
3860 -21217 -57601
3861 -21221 -57601
3862 -21225 -57601
3863 -21220 -57601
3864 -21226 -57601
3865 -21218 -57601
3866 -21218 -57601
3867 -21225 -57601
3868 -21217 -57601
3869 -21214 -57601
3870 -21217 -57601
3871 -21217 -57601
3872 -21222 -57601
3873 -21221 -57601
3874 -21222 -57601
3875 -21223 -57601
3876 -21222 -57601
3877 -21219 -57601
3878 -21218 -57601
3879 -21219 -57601
3880 -21220 -57601
3881 -21230 -57601
3882 -21217 -57601
3883 -21223 -57601
3884 -21223 -57601
3885 -21219 -57601
3886 -21219 -57601
3887 -21218 -57601
3888 -21218 -57601
3889 -21221 -57601
3890 -21219 -57601
3891 -21214 -57601
3892 -21215 -57601
3893 -21216 -57601
3894 -21221 -57601
3895 -21209 -57601
3896 -21216 -57601
3897 -21220 -57601
3898 -21218 -57601
3899 -21214 -57601
3900 -21222 -57601
3901 -21219 -57601
3902 -21219 -57601
3903 -21217 -57601
3904 -21230 -57601
3905 -21219 -57601
3906 -21219 -57601
3907 -21219 -57601
3908 -21223 -57601
3909 -21214 -57601
3910 -21220 -57601
3911 -21215 -57601
3912 -21217 -57601
3913 -21220 -57601
3914 -21212 -57601
3915 -21218 -57601
3916 -21221 -57601
3917 -21218 -57601
3918 -21215 -57601
3919 -21221 -57601
3920 -21217 -57601
3921 -21218 -57601
3922 -21214 -57601
3923 -21216 -57601
3924 -21214 -57601
3925 -21222 -57601
3926 -21224 -57601
3927 -21218 -57601
3928 -21215 -57601
3929 -21219 -57601
3930 -21204 -57601
3931 -21222 -57601
3932 -21221 -57601
3933 -21216 -57601
3934 -21215 -57601
3935 -21213 -57601
3936 -21216 -57601
3937 -21216 -57601
3938 -21215 -57601
3939 -21220 -57601
3940 -21222 -57601
3941 -21220 -57601
3942 -21223 -57601
3943 -21216 -57601
3944 -21213 -57601
3945 -21214 -57601
3946 -21232 -57601
3947 -21216 -57601
3948 -21221 -57601
3949 -21216 -57601
3950 -21217 -57601
3951 -21215 -57601
3952 -21221 -57601
3953 -21218 -57601
3954 -21221 -57601
3955 -21215 -57601
3956 -21216 -57601
3957 -21218 -57601
3958 -21215 -57601
3959 -21209 -57601
3960 -21222 -57601
3961 -21219 -57601
3962 -21222 -57601
3963 -21219 -57601
3964 -21214 -57601
3965 -21219 -57601
3966 -21216 -57601
3967 -21202 -57601
3968 -21218 -57601
3969 -21213 -57601
3970 -21222 -57601
3971 -21221 -57601
3972 -21217 -57601
3973 -21217 -57601
3974 -21222 -57601
3975 -21216 -57601
3976 -21203 -57601
3977 -21217 -57601
3978 -21221 -57601
3979 -21215 -57601
3980 -21215 -57601
3981 -21213 -57601
3982 -21212 -57601
3983 -21213 -57601
3984 -21220 -57601
3985 -21215 -57601
3986 -21218 -57601
3987 -21220 -57601
3988 -21217 -57601
3989 -21221 -57601
3990 -21220 -57601
3991 -21217 -57601
3992 -21219 -57601
3993 -21216 -57601
3994 -21213 -57601
3995 -21215 -57601
3996 -21217 -57601
3997 -21217 -57601
3998 -21219 -57601
3999 -21219 -57601
4000 -21216 -57601
4001 -21215 -57601
4002 -21219 -57601
4003 -21226 -57601
4004 -21214 -57601
4005 -21220 -57601
4006 -21219 -57601
4007 -21213 -57601
4008 -21218 -57601
4009 -21216 -57601
4010 -21215 -57601
4011 -21223 -57601
4012 -21214 -57601
4013 -21213 -57601
4014 -21223 -57601
4015 -21224 -57601
4016 -21216 -57601
4017 -21218 -57601
4018 -21212 -57601
4019 -21218 -57601
4020 -21216 -57601
4021 -21216 -57601
4022 -21218 -57601
4023 -21219 -57601
4024 -21217 -57601
4025 -21212 -57601
4026 -21216 -57601
4027 -21225 -57601
4028 -21216 -57601
4029 -21224 -57601
4030 -21218 -57601
4031 -21221 -57601
4032 -21221 -57601
4033 -21220 -57601
4034 -21217 -57601
4035 -21219 -57601
4036 -21217 -57601
4037 -21214 -57601
4038 -21221 -57601
4039 -21216 -57601
4040 -21216 -57601
4041 -21218 -57601
4042 -21222 -57601
4043 -21213 -57601
4044 -21207 -57601
4045 -21217 -57601
4046 -21222 -57601
4047 -21219 -57601
4048 -21216 -57601
4049 -21217 -57601
4050 -21223 -57601
4051 -21226 -57601
4052 -21222 -57601
4053 -21219 -57601
4054 -21218 -57601
4055 -21216 -57601
4056 -21217 -57601
4057 -21218 -57601
4058 -21223 -57601
4059 -21219 -57601
4060 -21192 -57601
4061 -21217 -57601
4062 -21221 -57601
4063 -21233 -57601
4064 -21219 -57601
4065 -21215 -57601
4066 -21213 -57601
4067 -21218 -57601
4068 -21211 -57601
4069 -21221 -57601
4070 -21194 -57601
4071 -21214 -57601
4072 -21218 -57601
4073 -21215 -57601
4074 -21223 -57601
4075 -21215 -57601
4076 -21213 -57601
4077 -21230 -57601
4078 -21224 -57601
4079 -21215 -57601
4080 -21220 -57601
4081 -21222 -57601
4082 -21224 -57601
4083 -21216 -57601
4084 -21217 -57601
4085 -21214 -57601
4086 -21219 -57601
4087 -21215 -57601
4088 -21215 -57601
4089 -21216 -57601
4090 -21218 -57601
4091 -21220 -57601
4092 -21222 -57601
4093 -21216 -57601
4094 -21216 -57601
4095 -21212 -57601
4096 -21221 -57601
4097 -21223 -57601
4098 -21215 -57601
4099 -21217 -57601
4100 -21214 -57601
4101 -21223 -57601
4102 -21217 -57601
4103 -21218 -57601
4104 -21212 -57601
4105 -21217 -57601
4106 -21217 -57601
4107 -21221 -57601
4108 -21223 -57601
4109 -21219 -57601
4110 -21214 -57601
4111 -21214 -57601
4112 3297 -57601
4113 -21213 -57601
4114 -21221 -57601
4115 -21218 -57601
4116 -21215 -57601
4117 -21214 -57601
4118 -21218 -57601
4119 -21213 -57601
4120 -21217 -57601
4121 -21214 -57601
4122 -21207 -57601
4123 -21223 -57601
4124 -21224 -57601
4125 -21226 -57601
4126 -21216 -57601
4127 -21217 -57601
4128 -21220 -57601
4129 -21224 -57601
4130 -21214 -57601
4131 -21216 -57601
4132 -21219 -57601
4133 -21219 -57601
4134 -21216 -57601
4135 -21218 -57601
4136 -21218 -57601
4137 -21213 -57601
4138 -21217 -57601
4139 -21187 -57601
4140 -21214 -57601
4141 -21216 -57601
4142 -21220 -57601
4143 -21221 -57601
4144 -21253 -57601
4145 -21219 -57601
4146 -21218 -57601
4147 -21223 -57601
4148 -21222 -57601
4149 -21220 -57601
4150 -21217 -57601
4151 -21214 -57601
4152 -21219 -57601
4153 -21218 -57601
4154 -21242 -57601
4155 -21215 -57601
4156 -21217 -57601
4157 -21223 -57601
4158 -21214 -57601
4159 -21219 -57601
4160 -21217 -57601
4161 -21220 -57601
4162 -21217 -57601
4163 -21216 -57601
4164 -21219 -57601
4165 -21218 -57601
4166 -21212 -57601
4167 -21221 -57601
4168 -21217 -57601
4169 -21230 -57601
4170 -21219 -57601
4171 -21219 -57601
4172 -21219 -57601
4173 -21219 -57601
4174 -21217 -57601
4175 -21227 -57601
4176 -21218 -57601
4177 -21222 -57601
4178 -21230 -57601
4179 -21219 -57601
4180 -21284 -57601
4181 -21216 -57601
4182 -21220 -57601
4183 -21218 -57601
4184 -21216 -57601
4185 -21216 -57601
4186 -21214 -57601
4187 -21217 -57601
4188 -21216 -57601
4189 -21215 -57601
4190 -21219 -57601
4191 -21216 -57601
4192 -21212 -57601
4193 -21220 -57601
4194 -21223 -57601
4195 -21219 -57601
4196 -21216 -57601
4197 -21219 -57601
4198 -21214 -57601
4199 -21215 -57601
4200 -21219 -57601
4201 -21216 -57601
4202 -21222 -57601
4203 -21218 -57601
4204 -21217 -57601
4205 -21200 -57601
4206 -21215 -57601
4207 -21220 -57601
4208 -21217 -57601
4209 -21218 -57601
4210 -21220 -57601
4211 -21215 -57601
4212 -21219 -57601
4213 -21217 -57601
4214 -21214 -57601
4215 -21210 -57601
4216 -21220 -57601
4217 -21216 -57601
4218 -21219 -57601
4219 -21214 -57601
4220 -21217 -57601
4221 -21227 -57601
4222 -21213 -57601
4223 -21215 -57601
4224 -21216 -57601
4225 -21214 -57601
4226 -21223 -57601
4227 -21220 -57601
4228 -21219 -57601
4229 -21216 -57601
4230 -21216 -57601
4231 -21216 -57601
4232 -21214 -57601
4233 -21215 -57601
4234 -21220 -57601
4235 -21218 -57601
4236 -21217 -57601
4237 -21219 -57601
4238 -21218 -57601
4239 -21215 -57601
4240 -21216 -57601
4241 -21216 -57601
4242 -21223 -57601
4243 -21215 -57601
4244 -7151 -57601
4245 -21218 -57601
4246 -21215 -57601
4247 -21263 -57601
4248 -21221 -57601
4249 -21224 -57601
4250 -21218 -57601
4251 -21214 -57601
4252 -21218 -57601
4253 -21215 -57601
4254 -21217 -57601
4255 -21219 -57601
4256 -21219 -57601
4257 -21228 -57601
4258 -21214 -57601
4259 -21225 -57601
4260 -21222 -57601
4261 -21214 -57601
4262 -21213 -57601
4263 -21215 -57601
4264 -21221 -57601
4265 -21217 -57601
4266 -21217 -57601
4267 -21218 -57601
4268 -21217 -57601
4269 -21204 -57601
4270 -21219 -57601
4271 -21216 -57601
4272 -21228 -57601
4273 -21220 -57601
4274 -21230 -57601
4275 -21215 -57601
4276 -21217 -57601
4277 -21220 -57601
4278 -21220 -57601
4279 -21232 -57601
4280 -21218 -57601
4281 -21225 -57601
4282 -21219 -57601
4283 -21216 -57601
4284 -21220 -57601
4285 -21212 -57601
4286 -21215 -57601
4287 -21219 -57601
4288 -21191 -57601
4289 -21218 -57601
4290 -21215 -57601
4291 -21212 -57601
4292 -21182 -57601
4293 -21215 -57601
4294 -21233 -57601
4295 -21217 -57601
4296 -21217 -57601
4297 -21223 -57601
4298 -21215 -57601
4299 -21219 -57601
4300 -21219 -57601
4301 -21216 -57601
4302 -21219 -57601
4303 -21226 -57601
4304 -21219 -57601
4305 -21219 -57601
4306 -21218 -57601
4307 -21223 -57601
4308 -21220 -57601
4309 -21216 -57601
4310 -21220 -57601
4311 -21220 -57601
4312 -21219 -57601
4313 -21218 -57601
4314 -21214 -57601
4315 -21220 -57601
4316 -21219 -57601
4317 -21218 -57601
4318 -21214 -57601
4319 -21217 -57601
4320 -21217 -57601
4321 -21222 -57601
4322 -21217 -57601
4323 -21219 -57601
4324 -21211 -57601
4325 -21219 -57601
4326 -21218 -57601
4327 -21219 -57601
4328 -21219 -57601
4329 -21221 -57601
4330 -21217 -57601
4331 -21216 -57601
4332 -21214 -57601
4333 -21221 -57601
4334 -21231 -57601
4335 -21220 -57601
4336 -21217 -57601
4337 -21221 -57601
4338 -21218 -57601
4339 -21211 -57601
4340 -21215 -57601
4341 -21215 -57601
4342 -21214 -57601
4343 -21222 -57601
4344 -21220 -57601
4345 -21216 -57601
4346 -21215 -57601
4347 -21221 -57601
4348 -21215 -57601
4349 -21215 -57601
4350 -21223 -57601
4351 -21219 -57601
4352 -21221 -57601
4353 -21216 -57601
4354 -21220 -57601
4355 -21216 -57601
4356 -21217 -57601
4357 -21217 -57601
4358 -21222 -57601
4359 -21223 -57601
4360 -21216 -57601
4361 -21220 -57601
4362 -21217 -57601
4363 -21219 -57601
4364 -21222 -57601
4365 -21214 -57601
4366 -21221 -57601
4367 -21224 -57601
4368 -21222 -57601
4369 -21221 -57601
4370 -21216 -57601
4371 -21221 -57601
4372 -21202 -57601
4373 -21213 -57601
4374 -21217 -57601
4375 -21213 -57601
4376 -21218 -57601
4377 -21218 -57601
4378 -21216 -57601
4379 -21214 -57601
4380 -21214 -57601
4381 -21218 -57601
4382 -21221 -57601
4383 -21213 -57601
4384 -21214 -57601
4385 -21217 -57601
4386 -21226 -57601
4387 -21217 -57601
4388 -21212 -57601
4389 -21222 -57601
4390 -21216 -57601
4391 -21218 -57601
4392 -21217 -57601
4393 -21212 -57601
4394 -21220 -57601
4395 -21220 -57601
4396 -21213 -57601
4397 -21222 -57601
4398 -21218 -57601
4399 -21215 -57601
4400 -21215 -57601
4401 -21233 -57601
4402 -21213 -57601
4403 -21215 -57601
4404 -21219 -57601
4405 -21210 -57601
4406 -21212 -57601
4407 -21217 -57601
4408 -21215 -57601
4409 -21215 -57601
4410 -21216 -57601
4411 -21220 -57601
4412 -21220 -57601
4413 -21216 -57601
4414 -21222 -57601
4415 -21224 -57601
4416 -21215 -57601
4417 -21221 -57601
4418 -21221 -57601
4419 -21221 -57601
4420 -21213 -57601
4421 -21219 -57601
4422 -21220 -57601
4423 -21212 -57601
4424 -21218 -57601
4425 -21217 -57601
4426 -21219 -57601
4427 -21219 -57601
4428 -21218 -57601
4429 -21215 -57601
4430 -21223 -57601
4431 -21218 -57601
4432 -21217 -57601
4433 -21222 -57601
4434 -21215 -57601
4435 -21215 -57601
4436 -21215 -57601
4437 -21225 -57601
4438 -21222 -57601
4439 -21212 -57601
4440 -21221 -57601
4441 -21217 -57601
4442 -21213 -57601
4443 -21217 -57601
4444 -21216 -57601
4445 -21218 -57601
4446 -21223 -57601
4447 -21222 -57601
4448 -21219 -57601
4449 -21216 -57601
4450 -21222 -57601
4451 -21217 -57601
4452 -21217 -57601
4453 -21217 -57601
4454 -21214 -57601
4455 -21213 -57601
4456 -21216 -57601
4457 -21222 -57601
4458 -21212 -57601
4459 -21220 -57601
4460 -21215 -57601
4461 -21216 -57601
4462 -21230 -57601
4463 -21221 -57601
4464 -21223 -57601
4465 -21219 -57601
4466 -21217 -57601
4467 -21222 -57601
4468 -21223 -57601
4469 -21218 -57601
4470 -21212 -57601
4471 -21218 -57601
4472 -21218 -57601
4473 -21219 -57601
4474 -21223 -57601
4475 -21217 -57601
4476 -21219 -57601
4477 -21220 -57601
4478 -21217 -57601
4479 -21218 -57601
4480 -21221 -57601
4481 -21219 -57601
4482 -21216 -57601
4483 -21215 -57601
4484 -21215 -57601
4485 -21218 -57601
4486 -21214 -57601
4487 3334 -57601
4488 -21213 -57601
4489 -21216 -57601
4490 -21216 -57601
4491 -21221 -57601
4492 -21224 -57601
4493 -21225 -57601
4494 -21212 -57601
4495 -21222 -57601
4496 -21215 -57601
4497 -21221 -57601
4498 -21216 -57601
4499 -21215 -57601
4500 -21220 -57601
4501 -21223 -57601
4502 -21216 -57601
4503 -21217 -57601
4504 -21213 -57601
4505 -21215 -57601
4506 -21217 -57601
4507 -21216 -57601
4508 -21216 -57601
4509 -21231 -57601
4510 -21221 -57601
4511 -21215 -57601
4512 -21217 -57601
4513 -21217 -57601
4514 -21218 -57601
4515 -21216 -57601
4516 -21214 -57601
4517 -21218 -57601
4518 -21222 -57601
4519 -21217 -57601
4520 -21215 -57601
4521 -21217 -57601
4522 -21218 -57601
4523 -21218 -57601
4524 -21221 -57601
4525 -21224 -57601
4526 -21218 -57601
4527 -21216 -57601
4528 -21215 -57601
4529 -3680 -57601
4530 -21214 -57601
4531 -21215 -57601
4532 -21215 -57601
4533 -21221 -57601
4534 -21226 -57601
4535 -21217 -57601
4536 -21216 -57601
4537 -21224 -57601
4538 -21217 -57601
4539 -21220 -57601
4540 -21215 -57601
4541 -21221 -57601
4542 -21225 -57601
4543 -21219 -57601
4544 -21216 -57601
4545 -21226 -57601
4546 -21215 -57601
4547 -21219 -57601
4548 -21220 -57601
4549 -21215 -57601
4550 -21218 -57601
4551 -21220 -57601
4552 -21217 -57601
4553 -21217 -57601
4554 -21214 -57601
4555 -21224 -57601
4556 -21216 -57601
4557 -21217 -57601
4558 -21217 -57601
4559 -21220 -57601
4560 -21220 -57601
4561 -21225 -57601
4562 -21211 -57601
4563 -21213 -57601
4564 -21217 -57601
4565 -21217 -57601
4566 -21224 -57601
4567 -21213 -57601
4568 -21219 -57601
4569 -21215 -57601
4570 -21221 -57601
4571 -21216 -57601
4572 -21222 -57601
4573 -21214 -57601
4574 -21213 -57601
4575 -21221 -57601
4576 -21214 -57601
4577 -21220 -57601
4578 -21217 -57601
4579 -21225 -57601
4580 -21216 -57601
4581 -21219 -57601
4582 -21224 -57601
4583 -21218 -57601
4584 -21219 -57601
4585 -21222 -57601
4586 -21222 -57601
4587 -21223 -57601
4588 -21218 -57601
4589 -21222 -57601
4590 -21219 -57601
4591 -21221 -57601
4592 -21216 -57601
4593 -21221 -57601
4594 -21214 -57601
4595 -21219 -57601
4596 -21220 -57601
4597 -21219 -57601
4598 -21214 -57601
4599 -21218 -57601
4600 -21216 -57601
4601 -21220 -57601
4602 -21222 -57601
4603 -21219 -57601
4604 -21222 -57601
4605 -21217 -57601
4606 -21221 -57601
4607 -21217 -57601
4608 -21217 -57601
4609 -21225 -57601
4610 -21215 -57601
4611 -21222 -57601
4612 -21215 -57601
4613 -21218 -57601
4614 -21215 -57601
4615 -21216 -57601
4616 -21223 -57601
4617 -21217 -57601
4618 -21227 -57601
4619 -21218 -57601
4620 -21217 -57601
4621 -21219 -57601
4622 -21217 -57601
4623 -21214 -57601
4624 -21215 -57601
4625 -21218 -57601
4626 -21217 -57601
4627 -21218 -57601
4628 -21219 -57601
4629 -21217 -57601
4630 -21222 -57601
4631 -7148 -57601
4632 -21218 -57601
4633 -21212 -57601
4634 -21281 -57601
4635 -21213 -57601
4636 -21217 -57601
4637 -21218 -57601
4638 -21225 -57601
4639 -21218 -57601
4640 -21218 -57601
4641 -21230 -57601
4642 -21218 -57601
4643 -21216 -57601
4644 -21216 -57601
4645 -21216 -57601
4646 -21217 -57601
4647 -21220 -57601
4648 -21221 -57601
4649 -21214 -57601
4650 -21214 -57601
4651 -21224 -57601
4652 -21225 -57601
4653 -21219 -57601
4654 -21221 -57601
4655 -21214 -57601
4656 -21213 -57601
4657 -21217 -57601
4658 -21218 -57601
4659 -21216 -57601
4660 -21219 -57601
4661 -21217 -57601
4662 -21219 -57601
4663 -21221 -57601
4664 -21216 -57601
4665 -21216 -57601
4666 -21218 -57601
4667 -21212 -57601
4668 -21216 -57601
4669 -21221 -57601
4670 -21219 -57601
4671 -21217 -57601
4672 -21216 -57601
4673 -21213 -57601
4674 -21216 -57601
4675 -21218 -57601
4676 -21214 -57601
4677 -21221 -57601
4678 -21215 -57601
4679 -21215 -57601
4680 -21221 -57601
4681 -21217 -57601
4682 -21220 -57601
4683 -21219 -57601
4684 -21215 -57601
4685 -21219 -57601
4686 -21223 -57601
4687 -21217 -57601
4688 -21219 -57601
4689 -21220 -57601
4690 -21220 -57601
4691 -21219 -57601
4692 -21226 -57601
4693 -21218 -57601
4694 -21214 -57601
4695 -21219 -57601
4696 -21228 -57601
4697 -21214 -57601
4698 -21215 -57601
4699 -21218 -57601
4700 -21218 -57601
4701 -21222 -57601
4702 -21153 -57601
4703 -21215 -57601
4704 -21215 -57601
4705 -21229 -57601
4706 -21220 -57601
4707 -21224 -57601
4708 -21217 -57601
4709 -21217 -57601
4710 -21217 -57601
4711 -21221 -57601
4712 -21213 -57601
4713 -21227 -57601
4714 -21216 -57601
4715 -21215 -57601
4716 -21218 -57601
4717 -21231 -57601
4718 -21220 -57601
4719 -21220 -57601
4720 -21222 -57601
4721 -21215 -57601
4722 -21216 -57601
4723 -21221 -57601
4724 -21217 -57601
4725 -21223 -57601
4726 -21216 -57601
4727 -21218 -57601
4728 -21211 -57601
4729 -21220 -57601
4730 -21220 -57601
4731 -21216 -57601
4732 -21215 -57601
4733 -21220 -57601
4734 -21213 -57601
4735 -21220 -57601
4736 -21221 -57601
4737 -21214 -57601
4738 -21217 -57601
4739 -21222 -57601
4740 -21214 -57601
4741 -21219 -57601
4742 -21218 -57601
4743 -21223 -57601
4744 -21223 -57601
4745 -21216 -57601
4746 -21216 -57601
4747 -21213 -57601
4748 -21221 -57601
4749 -21220 -57601
4750 -21216 -57601
4751 -21214 -57601
4752 -21221 -57601
4753 -21216 -57601
4754 -21226 -57601
4755 -21221 -57601
4756 -21219 -57601
4757 -21217 -57601
4758 -21216 -57601
4759 -21216 -57601
4760 -21219 -57601
4761 -21217 -57601
4762 -21220 -57601
4763 -21220 -57601
4764 -21221 -57601
4765 -21215 -57601
4766 -21216 -57601
4767 -21283 -57601
4768 -21213 -57601
4769 -21215 -57601
4770 -21239 -57601
4771 -21220 -57601
4772 -21214 -57601
4773 -21229 -57601
4774 -21219 -57601
4775 -21218 -57601
4776 -21215 -57601
4777 -21220 -57601
4778 -21222 -57601
4779 -21217 -57601
4780 -21219 -57601
4781 -21218 -57601
4782 -21219 -57601
4783 -21217 -57601
4784 -21214 -57601
4785 3338 -57601
4786 -21220 -57601
4787 -21215 -57601
4788 -21215 -57601
4789 -21216 -57601
4790 -21214 -57601
4791 -21219 -57601
4792 -21216 -57601
4793 -21218 -57601
4794 -21223 -57601
4795 -21224 -57601
4796 -21220 -57601
4797 -21218 -57601
4798 -21218 -57601
4799 -21226 -57601
4800 -21218 -57601
4801 -21224 -57601
4802 -21218 -57601
4803 -21219 -57601
4804 -21215 -57601
4805 -21221 -57601
4806 -21218 -57601
4807 -21219 -57601
4808 -21224 -57601
4809 -21220 -57601
4810 -21215 -57601
4811 -21221 -57601
4812 -21217 -57601
4813 -21221 -57601
4814 -21218 -57601
4815 -21219 -57601
4816 -21219 -57601
4817 -21217 -57601
4818 -21219 -57601
4819 -21218 -57601
4820 -21218 -57601
4821 -21225 -57601
4822 -21222 -57601
4823 -21215 -57601
4824 -21216 -57601
4825 -21215 -57601
4826 -21224 -57601
4827 -21219 -57601
4828 -21216 -57601
4829 -21227 -57601
4830 -21219 -57601
4831 -21215 -57601
4832 -21221 -57601
4833 -21215 -57601
4834 -21213 -57601
4835 6831 -57601
4836 -21217 -57601
4837 -21214 -57601
4838 -21216 -57601
4839 -21215 -57601
4840 -21216 -57601
4841 -21217 -57601
4842 -21227 -57601
4843 -21218 -57601
4844 -21213 -57601
4845 -21213 -57601
4846 -21223 -57601
4847 -21210 -57601
4848 -21214 -57601
4849 -21224 -57601
4850 -21218 -57601
4851 -21217 -57601
4852 -21219 -57601
4853 -21217 -57601
4854 -21216 -57601
4855 -21216 -57601
4856 -21217 -57601
4857 -21218 -57601
4858 -21216 -57601
4859 -21218 -57601
4860 -21219 -57601
4861 -21216 -57601
4862 -21216 -57601
4863 -21220 -57601
4864 -21216 -57601
4865 -21220 -57601
4866 -21216 -57601
4867 -21221 -57601
4868 -21214 -57601
4869 -21220 -57601
4870 -21230 -57601
4871 -21220 -57601
4872 -21217 -57601
4873 -21216 -57601
4874 -21213 -57601
4875 -21217 -57601
4876 -21215 -57601
4877 -21217 -57601
4878 -21222 -57601
4879 -21215 -57601
4880 -21220 -57601
4881 -21213 -57601
4882 -21218 -57601
4883 -21215 -57601
4884 -21216 -57601
4885 -21213 -57601
4886 -21217 -57601
4887 -21224 -57601
4888 -21217 -57601
4889 -21215 -57601
4890 -21217 -57601
4891 -21217 -57601
4892 -21221 -57601
4893 -21216 -57601
4894 -21215 -57601
4895 -21225 -57601
4896 -21217 -57601
4897 -21218 -57601
4898 -21214 -57601
4899 -21224 -57601
4900 -21218 -57601
4901 -21216 -57601
4902 -21214 -57601
4903 -21217 -57601
4904 -21225 -57601
4905 -21217 -57601
4906 -21213 -57601
4907 -21219 -57601
4908 -21224 -57601
4909 -21215 -57601
4910 -21216 -57601
4911 -21219 -57601
4912 -21211 -57601
4913 -21217 -57601
4914 -21215 -57601
4915 -21222 -57601
4916 3349 -57601
4917 -21218 -57601
4918 -21217 -57601
4919 -21222 -57601
4920 -21218 -57601
4921 -21212 -57601
4922 -21213 -57601
4923 -21218 -57601
4924 -21212 -57601
4925 -21220 -57601
4926 -21224 -57601
4927 -21217 -57601
4928 -21213 -57601
4929 -21216 -57601
4930 -21217 -57601
4931 -21214 -57601
4932 -21222 -57601
4933 -21217 -57601
4934 -21218 -57601
4935 -21215 -57601
4936 -21226 -57601
4937 -21225 -57601
4938 -21219 -57601
4939 -21227 -57601
4940 -21219 -57601
4941 -21224 -57601
4942 -21218 -57601
4943 -21218 -57601
4944 -21226 -57601
4945 -21218 -57601
4946 -21218 -57601
4947 -21220 -57601
4948 -21218 -57601
4949 -21211 -57601
4950 -21220 -57601
4951 -21215 -57601
4952 -21215 -57601
4953 -21212 -57601
4954 -21217 -57601
4955 -21218 -57601
4956 -21214 -57601
4957 -21217 -57601
4958 -21217 -57601
4959 -21216 -57601
4960 -21214 -57601
4961 -21229 -57601
4962 -21219 -57601
4963 -21216 -57601
4964 -21214 -57601
4965 -21217 -57601
4966 -21220 -57601
4967 -21217 -57601
4968 -21222 -57601
4969 -21221 -57601
4970 -21224 -57601
4971 -21229 -57601
4972 -21216 -57601
4973 -21218 -57601
4974 -21221 -57601
4975 -21269 -57601
4976 -21219 -57601
4977 -21216 -57601
4978 -21215 -57601
4979 -21215 -57601
4980 -21219 -57601
4981 -21219 -57601
4982 -21215 -57601
4983 -21216 -57601
4984 -21212 -57601
4985 -21222 -57601
4986 -21224 -57601
4987 -21224 -57601
4988 -21219 -57601
4989 -21221 -57601
4990 -21220 -57601
4991 -21223 -57601
4992 -21215 -57601
4993 -21214 -57601
4994 -21216 -57601
4995 -21216 -57601
4996 -21218 -57601
4997 -21215 -57601
4998 -21219 -57601
4999 -21219 -57601
5000 -21214 -57601
5001 -21214 -57601
5002 -21218 -57601
5003 -21215 -57601
5004 -21220 -57601
5005 -21224 -57601
5006 -21217 -57601
5007 -21216 -57601
5008 -21217 -57601
5009 -21223 -57601
5010 -21220 -57601
5011 -21226 -57601
5012 3329 -57601
5013 -21214 -57601
5014 -21217 -57601
5015 -21218 -57601
5016 -21220 -57601
5017 -21215 -57601
5018 -21217 -57601
5019 -21222 -57601
5020 -21216 -57601
5021 -21214 -57601
5022 -21221 -57601
5023 -21219 -57601
5024 -21218 -57601
5025 -21220 -57601
5026 -21216 -57601
5027 -21218 -57601
5028 -21220 -57601
5029 -21218 -57601
5030 -21221 -57601
5031 -21202 -57601
5032 -21219 -57601
5033 -21220 -57601
5034 -21217 -57601
5035 -21225 -57601
5036 -21215 -57601
5037 -21223 -57601
5038 -21222 -57601
5039 -21222 -57601
5040 -21222 -57601
5041 -21218 -57601
5042 -21214 -57601
5043 -21214 -57601
5044 -21220 -57601
5045 -21215 -57601
5046 -21226 -57601
5047 -21216 -57601
5048 -21217 -57601
5049 -21221 -57601
5050 -21221 -57601
5051 -21218 -57601
5052 -21219 -57601
5053 -21218 -57601
5054 -21214 -57601
5055 -21216 -57601
5056 -21215 -57601
5057 -21213 -57601
5058 -21212 -57601
5059 -21223 -57601
5060 -21216 -57601
5061 -21218 -57601
