0 -20014 -20002
1 -20019 -20007
2 -20022 -20022
3 -20001 -20002
4 -19998 -19998
5 -20073 -20056
6 -20016 -20018
7 -20007 -20005
8 -20016 -20011
9 -20019 -20010
10 -20015 -20005
11 -20000 -19994
12 -19997 -19993
13 -20011 -20010
14 -20009 -19995
15 -20011 -20015
16 -20009 -20007
17 -20014 -20009
18 -20010 -20004
19 -20032 -20039
20 -20011 -20003
21 -20010 -20014
22 -20001 -20001
23 -20010 -20000
24 -20045 -20037
25 -20009 -20012
26 -20010 -20013
27 -20023 -20018
28 -20017 -20015
29 -20010 -20017
30 -20022 -20026
31 -20004 -20000
32 -20014 -20014
33 -20017 -20014
34 -20007 -20008
35 -20009 -20005
36 -20020 -20025
37 -20008 -20006
38 -20011 -20004
39 -20017 -20010
40 -20009 -20006
41 -20014 -20011
42 -20071 -20072
43 -20017 -20015
44 -20019 -20010
45 -20011 -20009
46 -20041 -20038
47 -20042 -20041
48 -20024 -20019
49 -20015 -20012
50 -20002 -19994
51 -20020 -20023
52 -20006 -19999
53 -20019 -20004
54 -20011 -20002
55 -20010 -20004
56 -20020 -20014
57 -20010 -20004
58 -20015 -20013
59 -20024 -20019
60 -20056 -20057
61 -20007 -20006
62 -19997 -20000
63 -20017 -20017
64 -20008 -20001
65 -20004 -20005
66 -20006 -19998
67 -20045 -20039
68 -20006 -20000
69 -20022 -20015
70 -20020 -20016
71 -19998 -19993
72 -20021 -20016
73 -20013 -20011
74 -20037 -20028
75 -20016 -20007
76 -19997 -19991
77 -20016 -20014
78 -19996 -19995
79 -20008 -20002
80 -20021 -20013
81 -20023 -20013
82 -20021 -20014
83 -20017 -20009
84 -20020 -20016
85 -20014 -20009
86 -20015 -20008
87 -20018 -20008
88 -20038 -20034
89 -20012 -20009
90 -20017 -20004
91 -20019 -20018
92 -20019 -20013
93 -20003 -20010
94 -20011 -20007
95 -20002 -19997
96 -20015 -20003
97 -20013 -20009
98 -20015 -20001
99 -20025 -20020
100 -20033 -20025
101 -20009 -20003
102 -20017 -20007
103 -19997 -20003
104 -19990 -19991
105 -20023 -20024
106 -20011 -20006
107 -20009 -19994
108 -20006 -20002
109 -20012 -20013
110 -20005 -19998
111 -20011 -20000
112 -20004 -20004
113 -20007 -19998
114 -20063 -20050
115 -20020 -20016
116 -20016 -20012
117 -20018 -20021
118 -20015 -20013
119 -20008 -20007
120 -20010 -20001
121 -20001 -19996
122 -19997 -19996
123 -20010 -19999
124 -20005 -20001
125 -19995 -19990
126 -20020 -20013
127 -20013 -20010
128 -20004 -19999
129 -20014 -20008
130 -20009 -20008
131 -19999 -20009
132 -20020 -20018
133 -20010 -20005
134 -20016 -20004
135 -20024 -20022
136 -20016 -20005
137 -19996 -19982
138 -19995 -20002
139 -20026 -20015
140 -20010 -20013
141 -20002 -20003
142 -19973 -19966
143 -20013 -20009
144 -20011 -20007
145 -20016 -20009
146 -20020 -20018
147 -20013 -20009
148 -20018 -20013
149 -20018 -20015
150 -20003 -19994
151 -20013 -20008
152 -20000 -19996
153 -20004 -19998
154 -20015 -20017
155 -20044 -20035
156 -20021 -20018
157 -20005 -20004
158 -20018 -20012
159 -20002 -19997
160 -20017 -20014
161 -20022 -20015
162 -20010 -20001
163 -20001 -20004
164 -20019 -20016
165 -20006 -19992
166 -20016 -20003
167 -19994 -19988
168 -20013 -20012
169 -20018 -20018
170 -20010 -20008
171 -20022 -20014
172 -20019 -20012
173 -20016 -20012
174 -20022 -20013
175 -20069 -20069
176 -20006 -20001
177 -20034 -20020
178 -20007 -20012
179 -20023 -20014
180 -20013 -20017
181 -20001 -19992
182 -20012 -20014
183 -20020 -20018
184 -20016 -20009
185 -20017 -20013
186 -20004 -19998
187 -20014 -20023
188 -20011 -20012
189 -20006 -20004
190 -20015 -20018
191 -20004 -19993
192 -20008 -20007
193 -20139 -20138
194 -20000 -19999
195 -19998 -19993
196 -20008 -19998
197 -20005 -20007
198 -20046 -20042
199 -20025 -20033
200 -20008 -20002
201 -20014 -20017
202 -20017 -20016
203 -20046 -20040
204 -20012 -20006
205 -19992 -19994
206 -20025 -20022
207 -20021 -20018
208 -20017 -20015
209 -20002 -20002
210 -20009 -20001
211 -20018 -20006
212 -20019 -20010
213 -20023 -20016
214 -19991 -19985
215 -20005 -19992
216 -20013 -20007
217 -20015 -20011
218 -20017 -20009
219 -20007 -19999
220 -20040 -20040
221 -20014 -20006
222 -20011 -20004
223 -20004 -20004
224 -20035 -20025
225 -20012 -20013
226 -20020 -20012
227 -19997 -20004
228 -20015 -20010
229 -20006 -20003
230 -20016 -20017
231 -20019 -20019
232 -20012 -20005
233 -20011 -20011
234 -20001 -20002
235 -20013 -20007
236 -20014 -20001
237 4524 4527
238 -20014 -20007
239 -20018 -20007
240 -20022 -20021
241 -20002 -19997
242 -20021 -20016
243 -20007 -19998
244 -20010 -20004
245 -20021 -20018
246 -20005 -19999
247 -20019 -20009
248 -20007 -20008
249 -20021 -20009
250 -20020 -20019
251 -20023 -20014
252 -20012 -20007
253 -20018 -20002
254 -20028 -20041
255 -20011 -20010
256 -20011 -20000
257 -20018 -20012
258 -20012 -20006
259 -20007 -20000
260 -20023 -20008
261 -20017 -20010
262 -20025 -20018
263 -20012 -20008
264 -20019 -20019
265 -20008 -20006
266 -20010 -19997
267 -20019 -20013
268 -20004 -20006
269 -20009 -19994
270 -19995 -19998
271 -20023 -20025
272 -20018 -20009
273 -20008 -19994
274 -20023 -20017
275 -20022 -20027
276 -20005 -20000
277 -20009 -19999
278 -20005 -20005
279 -20011 -20008
280 -20037 -20024
281 -19996 -20001
282 -20027 -20026
283 -20003 -19988
284 -20010 -20009
285 -20008 -20004
286 -20077 -20076
287 -20024 -20023
288 -20023 -20022
289 -20022 -20027
290 -20009 -20009
291 -20003 -20001
292 -20043 -20039
293 -20010 -19996
294 -20008 -19997
295 -20018 -20023
296 -20014 -20007
297 -20036 -20027
298 -20003 -19997
299 -20010 -19994
300 -20007 -20008
301 -20013 -20007
302 -20015 -20013
303 -20013 -19999
304 -20013 -20016
305 -20018 -20018
306 -20018 -20017
307 -20013 -20002
308 -20020 -20013
309 -20016 -20009
310 -20020 -20012
311 -20023 -20019
312 -20014 -20008
313 -19998 -19996
314 -20015 -20020
315 -20017 -20023
316 -20006 -20010
317 -20013 -20009
318 -20016 -20005
319 -20003 -19998
320 -20017 -20010
321 -20016 -20013
322 -20008 -20004
323 -20005 -20005
324 -20005 -19995
325 -20018 -20012
326 -20012 -20007
327 -20014 -20009
328 -20016 -20014
329 -20008 -20007
330 -20000 -20001
331 -19997 -19998
332 -20019 -20022
333 -20007 -19999
334 -20009 -20006
335 -20010 -20005
336 -20022 -20005
337 -20000 -19999
338 -20049 -20046
339 -20015 -20012
340 -20004 -20006
341 -20013 -20002
342 -19968 -19958
343 -20006 -20001
344 -20000 -20005
345 -20018 -20015
346 -20006 -20004
347 -20043 -20044
348 -20013 -20010
349 -20008 -20010
350 -20011 -20011
351 -20002 -20004
352 -20012 -20009
353 -20012 -20013
354 -20018 -20013
355 -20001 -19994
356 -20003 -20002
357 -20016 -20009
358 -20009 -19997
359 -20012 -20004
360 -20038 -20028
361 -20011 -20009
362 -20008 -19997
363 -20019 -20019
364 -20002 -20003
365 -20023 -20018
366 -20025 -20024
367 -20013 -20005
368 -20008 -19995
369 -20039 -20028
370 -19960 -19959
371 -20012 -20002
372 -20011 -20011
373 -20007 -20001
374 -20008 -20006
375 -20008 -20005
376 -20002 -20005
377 -20000 -19995
378 -20012 -20008
379 -20016 -20016
380 -20008 -20008
381 -20005 -19996
382 -20027 -20033
383 -20049 -20044
384 -20004 -19995
385 -20020 -20015
386 -20001 -19991
387 -20007 -19994
388 -20000 -20000
389 -20019 -20010
390 -20010 -20004
391 -20028 -20024
392 -20032 -20024
393 -20040 -20035
394 -20007 -19998
395 -20009 -20006
396 -20014 -20005
397 -20011 -20006
398 -20093 -20077
399 -20024 -20019
400 -20006 -20000
401 -20006 -19997
402 -20019 -20015
403 -20012 -20007
404 -20023 -20025
405 -20015 -20007
406 -20013 -20006
407 -20011 -20003
408 -20007 -20003
409 -20015 -20009
410 -20007 -20011
411 -19992 -19992
412 -20004 -19997
413 -20008 -20000
414 -20035 -20037
415 -20007 -19994
416 -20013 -20005
417 -20003 -20000
418 -20018 -20018
419 -20054 -20053
420 -20025 -20015
421 -20001 -19999
422 -20012 -19996
423 -20015 -20010
424 -20022 -20016
425 -20013 -20011
426 -20009 -20003
427 -20005 -20001
428 -20015 -20013
429 -20025 -20023
430 -20017 -20013
431 -20002 -19995
432 -20035 -20034
433 -20018 -20019
434 -20010 -20014
435 -20067 -20064
436 -20019 -20015
437 -20007 -20000
438 -20023 -20016
439 -20025 -20012
440 -20003 -19998
441 -20015 -20014
442 -20029 -20026
443 -20009 -20008
444 -20014 -20021
445 -20016 -20015
446 -19950 -19943
447 -20022 -20026
448 -19994 -20001
449 -20015 -20011
450 -20012 -20015
451 -20010 -20009
452 -20006 -20006
453 -20037 -20041
454 -20044 -20049
455 -20008 -20000
456 -20016 -20013
457 -20017 -20008
458 -20017 -20011
459 -20005 -20001
460 -20015 -20006
461 -20013 -20005
462 -20016 -20012
463 -20014 -20005
464 -19998 -19993
465 -20017 -20007
466 -20015 -20002
467 -20059 -20050
468 -20010 -20005
469 -20001 -19996
470 -19999 -19998
471 -20011 -20007
472 -20007 -20003
473 -20013 -20017
474 -20021 -20015
475 -20017 -20019
476 -20008 -19999
477 -20003 -20003
478 -20008 -20004
479 -20018 -20015
480 -20012 -20017
481 -20010 -20009
482 -20006 -19997
483 -20003 -20005
484 -20018 -20019
485 -20012 -20004
486 -20017 -20001
487 -20028 -20019
488 -20020 -20014
489 -20010 -20008
490 -20023 -20018
491 -20044 -20038
492 -20021 -20012
493 -20012 -20009
494 -20011 -20018
495 -20002 -20005
496 -20013 -20003
497 -20017 -20012
498 -20042 -20039
499 -20007 -20005
500 -20007 -20001
501 -20010 -20004
502 -20009 -20007
503 -20010 -20010
504 -20018 -20017
505 -20018 -20010
506 -20020 -20016
507 -20003 -19995
508 -20004 -19990
509 -20015 -20011
510 -20014 -20005
511 -20023 -20028
512 -20020 -20022
513 -20009 -20003
514 -20005 -20009
515 -20010 -20009
516 -20006 -20001
517 -20016 -20017
518 -20011 -20003
519 -20021 -20026
520 -20018 -20010
521 -20011 -20008
522 -20008 -20003
523 -20014 -20015
524 -20022 -20006
525 -20004 -20001
526 -20010 -20003
527 -20013 -20005
528 -20017 -20012
529 -20012 -20008
530 -20012 -20008
531 -20043 -20035
532 -20046 -20048
533 -20008 -20002
534 -20013 -20015
535 -20022 -20019
536 -20008 -20001
537 -20011 -20005
538 -20015 -20008
539 -20041 -20032
540 -20002 -20007
541 -20004 -20003
542 -20012 -20005
543 -20008 -20006
544 -20007 -20006
545 -20010 -20009
546 -20016 -20014
547 -20046 -20051
548 -20003 -19996
549 -20009 -20004
550 -20019 -20016
551 -20005 -20010
552 -20050 -20042
553 -20021 -20017
554 -20017 -20010
555 -20019 -20018
556 -20026 -20020
557 -20037 -20044
558 -20009 -20007
559 -20011 -20010
560 -20011 -20003
561 -20023 -20024
562 -19995 -19989
563 -19983 -19966
564 -20000 -19990
565 -20007 -20008
566 -20011 -20003
567 -20007 -20007
568 -20018 -20012
569 -20009 -20012
570 -20021 -20024
571 -19995 -19998
572 -20010 -20013
573 -20014 -20010
574 -20009 -20006
575 -20012 -19997
576 -20010 -20013
577 -20014 -19997
578 -20018 -20016
579 -20013 -20015
580 -20013 -20011
581 -20036 -20035
582 -19994 -19994
583 -20027 -20026
584 -20019 -20018
585 -20022 -20016
586 -19970 -19971
587 -20000 -19992
588 -20008 -20004
589 -19999 -19990
590 -20019 -20019
591 -20009 -20005
592 -20003 -19996
593 -20018 -20014
594 -20011 -20006
595 -20005 -20005
596 -20044 -20041
597 -20011 -20008
598 -20012 -20006
599 -20039 -20039
600 -20006 -19999
601 -20007 -19999
602 -20006 -19996
603 -20009 -20008
604 -20009 -20005
605 -20020 -20012
606 -20001 -19995
607 -20017 -20000
608 -20020 -20015
609 -20010 -20010
610 -20004 -20005
611 -20064 -20047
612 -20018 -20018
613 -20003 -20005
614 -20003 -20003
615 -20019 -20019
616 -20018 -20011
617 -20021 -20031
618 -19995 -19998
619 -19998 -20002
620 -20013 -20016
621 -19993 -19992
622 -19998 -19992
623 -20011 -20008
624 -20012 -20007
625 -20013 -20012
626 -20023 -20011
627 -20045 -20038
628 -20020 -20012
629 -20018 -20012
630 -20003 -20004
631 -20025 -20016
632 -20019 -20007
633 -20035 -20037
634 -20005 -19999
635 -20002 -20000
636 -20016 -20021
637 -20011 -20012
638 -20028 -20029
639 -20014 -20012
640 -20012 -20004
641 -20008 -20009
642 -20010 -20011
643 -20010 -19999
644 -20005 -20001
645 -20021 -20012
646 -20005 -20002
647 -20009 -20006
648 -19998 -19995
649 -20020 -20013
650 -20004 -20007
651 -20005 -19999
652 -20016 -20014
653 -20002 -20005
654 -20007 -20006
655 -20017 -20024
656 -20012 -20003
657 -20019 -20019
658 -20002 -20003
659 -20012 -20007
660 -20022 -20018
661 -20023 -20015
662 -20007 -20002
663 -20007 -20006
664 -20012 -20007
665 -20020 -20009
666 -20006 -20003
667 -20017 -20012
668 -20055 -20060
669 -20013 -20012
670 -20013 -20011
671 -20012 -20009
672 -20019 -20016
673 -20043 -20034
674 -20007 -20003
675 -20018 -20016
676 -20020 -20015
677 -20016 -20017
678 -20004 -20003
679 -20010 -20002
680 -20006 -20008
681 -20005 -20000
682 -19999 -19993
683 -20018 -20013
684 -20009 -20001
685 -20017 -20015
686 -20017 -20008
687 -20017 -20016
688 -20012 -20008
689 -20008 -20008
690 -20018 -20010
691 -20018 -20017
692 -20013 -20018
693 -20015 -20002
694 -20028 -20023
695 -20014 -20010
696 -20026 -20028
697 -20002 -20007
698 -20015 -20015
699 -20020 -20017
700 -19997 -19998
701 -20008 -20002
702 -20013 -20005
703 -20016 -20014
704 -20009 -20005
705 -20050 -20056
706 -20013 -20004
707 -20022 -20023
708 -20011 -20003
709 -20006 -20011
710 -20025 -20020
711 -20017 -20011
712 -20036 -20039
713 -20018 -20008
714 -20023 -20026
715 -20010 -20002
716 -20021 -20017
717 -20025 -20009
718 -20013 -19999
719 -20019 -20011
720 -20004 -20005
721 -20014 -20007
722 -20002 -19993
723 -20027 -20042
724 -19992 -19989
725 -20018 -20018
726 -20008 -20007
727 -20016 -20019
728 -20020 -20017
729 -20011 -20013
730 -20011 -20011
731 -20034 -20033
732 -20016 -20008
733 -20008 -20001
734 -20009 -20009
735 -20017 -20017
736 -20009 -20007
737 -20028 -20018
738 -20015 -20014
739 -19999 -19992
740 -20000 -19995
741 -20005 -20002
742 -20023 -20004
743 -19999 -19996
744 -20007 -20000
745 -20005 -20008
746 -19981 -19975
747 -20010 -20014
748 -20022 -20016
749 -20018 -20015
750 -20005 -20001
751 -20018 -20013
752 -20023 -20011
753 -20000 -19998
754 -20017 -20017
755 -20020 -20019
756 -20015 -20010
757 -20068 -20062
758 -20013 -20015
759 -20012 -19998
760 -20012 -20009
761 -20002 -20004
762 -19998 -19991
763 -20045 -20040
764 -20014 -20006
765 -20017 -20009
766 -20015 -20009
767 -20006 -19997
768 -20012 -20002
769 -20032 -20035
770 -20022 -20017
771 4576 4597
772 -20027 -20039
773 -20011 -20004
774 -20014 -20020
775 -20010 -20004
776 -20004 -20000
777 -20002 -20003
778 -20006 -19998
779 -20016 -20016
780 -20026 -20020
781 -20041 -20036
782 -20047 -20035
783 -20005 -20004
784 -20009 -20007
785 -20007 -20005
786 -20051 -20044
787 -20017 -20014
788 -20007 -20005
789 -20012 -19999
790 -20014 -20010
791 -20011 -20010
792 -20025 -20026
793 -20021 -20023
794 -19999 -19989
795 -20002 -19997
796 -20011 -20007
797 -20004 -20000
798 -20022 -20018
799 -20004 -20004
800 -20008 -20004
801 -20004 -19996
802 -20015 -20013
803 -20032 -20031
804 -20005 -20002
805 -20021 -20021
806 -20010 -20004
807 -20022 -20021
808 -20005 -20000
809 -20026 -20025
810 -20017 -20024
811 -20017 -20009
812 -20005 -20000
813 -20021 -20013
814 -20020 -20028
815 -20012 -19998
816 -20049 -20036
817 -20038 -20025
818 -20007 -20004
819 -20020 -20013
820 -20004 -20001
821 -20005 -20007
822 -20004 -19994
823 -19972 -19958
824 -20044 -20036
825 -20015 -20009
826 -20019 -20020
827 -20019 -20024
828 -20001 -20000
829 -20012 -20005
830 -20012 -20013
831 -20003 -19997
832 -20011 -20014
833 -20015 -20009
834 -19993 -19990
835 -20008 -20002
836 -20006 -19997
837 -20016 -20012
838 -20013 -20008
839 -20014 -20012
840 -20014 -20018
841 -20027 -20025
842 -20004 -20000
843 -20003 -19998
844 -20018 -20015
845 -20017 -20014
846 -20014 -20011
847 -20016 -20017
848 -20013 -20017
849 -20009 -20004
850 -20013 -20006
851 -20000 -19999
852 -20026 -20019
853 -20020 -20024
854 -19999 -19994
855 -19984 -19973
856 -20019 -20019
857 -20025 -20014
858 -20019 -20009
859 -20012 -20003
860 -20012 -20005
861 -20003 -20005
862 -20006 -19995
863 -20051 -20030
864 -20007 -20005
865 -20051 -20034
866 -20007 -19998
867 -20017 -20019
868 -19997 -19985
869 -20004 -20004
870 -20021 -20011
871 -20008 -20000
872 -20026 -20026
873 -20004 -19994
874 -20008 -20003
875 -20021 -20019
876 -20014 -20010
877 -20064 -20070
878 -20032 -20045
879 -20057 -20050
880 -20013 -20007
881 -20023 -20012
882 -20021 -20010
883 -20007 -19994
884 -20019 -20017
885 -20014 -20010
886 -20004 -20001
887 -20042 -20045
888 -20002 -19989
889 -20009 -20006
890 -20012 -20007
891 -20006 -20008
892 -20032 -20037
893 -19997 -19992
894 -20017 -20015
895 -20009 -19994
896 -20004 -19998
897 -20005 -20011
898 -20050 -20057
899 -20019 -20003
900 -20005 -20008
901 -19996 -19992
902 -20038 -20038
903 -20015 -20006
904 -20021 -20006
905 -20019 -20007
906 -20025 -20028
907 -20018 -20008
908 -20005 -19997
909 -20008 -20012
910 -20024 -20018
911 -20013 -20017
912 -20019 -20007
913 -20016 -20008
914 -20012 -20001
915 -20013 -20008
916 -20014 -20010
917 -20005 -19994
918 -20019 -20034
919 -20021 -20018
920 -20014 -20008
921 -20027 -20022
922 -20018 -20004
923 -19993 -19979
924 -20006 -19992
925 -20020 -20010
926 -20006 -20014
927 -20014 -20009
928 -20009 -20004
929 -20013 -20005
930 -20015 -20009
931 -20018 -20019
932 -20019 -20015
933 -20016 -20008
934 -20006 -19998
935 -20022 -20021
936 -20007 -19997
937 -20017 -20014
938 -20021 -20009
939 -19996 -19984
940 -20004 -20002
941 -20008 -19999
942 -20012 -20009
943 -20023 -20020
944 -20013 -20017
945 -20011 -20007
946 -20039 -20046
947 -20044 -20043
948 -20003 -19999
949 -20015 -20008
950 -20011 -20009
951 -20003 -20003
952 -20014 -20006
953 -20019 -20017
954 -20009 -20006
955 -20008 -20007
956 -20017 -20016
957 -19999 -19999
958 -20015 -20007
959 -20040 -20037
960 -20018 -20005
961 -19997 -19985
962 -20019 -20019
963 -20013 -20000
964 -20012 -20005
965 -20013 -20011
966 -20040 -20044
967 -20007 -20006
968 -20008 -20005
969 -20050 -20066
970 -20014 -20005
971 -20042 -20034
972 -20019 -20014
973 -20010 -20009
974 -20016 -19996
975 -20007 -20007
976 -20006 -20010
977 -20016 -20014
978 -19999 -19991
979 -20025 -20018
980 -20014 -20010
981 -20018 -20012
982 -20037 -20035
983 -20019 -20005
984 -20002 -20012
985 -19995 -19986
986 -20010 -20015
987 -20008 -20003
988 -20020 -20017
989 -20002 -20004
990 -20010 -19999
991 -20020 -20013
992 -20015 -20012
993 -20010 -19998
994 -20009 -19998
995 -20010 -20010
996 -20012 -20005
997 -20021 -20022
998 -20007 -20000
999 -20004 -20005
1000 -20009 -20008
1001 -20043 -20031
1002 -20020 -20023
1003 -20014 -20004
1004 -20000 -19995
1005 -20012 -20011
1006 -20013 -20005
1007 -20014 -20011
1008 -20018 -20012
1009 -20010 -20003
1010 -20020 -20016
1011 -19998 -19988
1012 -20015 -20002
1013 -20017 -19997
1014 -20008 -19991
1015 -20011 -20004
1016 -20010 -20010
1017 -20038 -20029
1018 -20004 -20000
1019 -20013 -20004
1020 -20016 -20013
1021 -20018 -20011
1022 -20013 -20011
1023 -20011 -20013
1024 -20014 -20001
1025 -20002 -20002
1026 -20008 -20008
1027 -20002 -19998
1028 -20011 -20018
1029 -20024 -20017
1030 -20021 -20021
1031 -20014 -20008
1032 -20008 -20005
1033 -20014 -20020
1034 -20008 -20009
1035 -20005 -19997
1036 -20010 -20015
1037 -20024 -20019
1038 -20010 -20008
1039 -20020 -20016
1040 -20014 -20003
1041 -20004 -20001
1042 -20018 -20019
1043 -20007 -20000
1044 -20017 -20011
1045 -20043 -20043
1046 -20004 -20000
1047 -20015 -20005
1048 -20044 -20039
1049 -20013 -20019
1050 -20000 -20002
1051 -20013 -20008
1052 -20016 -20013
1053 -20024 -20031
1054 -20006 -20005
1055 -20010 -20010
1056 -20015 -20011
1057 -20008 -20007
1058 -20023 -20016
1059 -20019 -20015
1060 -20012 -20007
1061 -20010 -20018
1062 -20011 -20008
1063 -20006 -20000
1064 -20006 -20003
1065 -20004 -20003
1066 -20009 -20019
1067 -20006 -19998
1068 -20044 -20042
1069 -20018 -20022
1070 -20014 -20015
1071 -20012 -20016
1072 -20009 -20004
1073 4550 4551
1074 -20000 -19991
1075 -20019 -20023
1076 -20046 -20048
1077 -20006 -20004
1078 -20004 -19995
1079 -20021 -20013
1080 -20017 -20015
1081 -20020 -20017
1082 -20018 -20009
1083 -20006 -20002
1084 -20041 -20040
1085 -20016 -20010
1086 -20020 -20023
1087 -20003 -20005
1088 -20020 -20007
1089 -20012 -20006
1090 -20020 -20011
1091 -20023 -20011
1092 -20023 -20001
1093 -20009 -19999
1094 -20000 -19993
1095 -20012 -20007
1096 -20001 -19999
1097 -20006 -20006
1098 -20002 -19994
1099 -20012 -20003
1100 -20014 -20007
1101 -20021 -20028
1102 -20020 -20038
1103 -20003 -20003
1104 -20007 -20003
1105 -20015 -20018
1106 -20004 -19998
1107 -20009 -20005
1108 -20013 -20005
1109 -20001 -20004
1110 -20013 -20011
1111 -20014 -20005
1112 -20008 -19996
1113 -20023 -20016
1114 -20024 -20017
1115 -20012 -20017
1116 -20010 -20006
1117 -20019 -20010
1118 -20014 -20000
1119 -20021 -20002
1120 -20007 -20008
1121 -20016 -20015
1122 -20006 -20009
1123 -20008 -20000
1124 -20010 -20012
1125 -20020 -20018
1126 -20018 -20009
1127 -20014 -20012
1128 -20050 -20051
1129 -20001 -19996
1130 -20043 -20038
1131 -20020 -20016
1132 -20004 -20006
1133 -20024 -20026
1134 -19999 -19992
1135 -20003 -20000
1136 -20017 -20013
1137 -20012 -20009
1138 -20011 -19996
1139 -20014 -20004
1140 -20015 -20000
1141 -20011 -20012
1142 -20013 -20008
1143 -20007 -20009
1144 -20009 -19998
1145 -20010 -20010
1146 -20017 -20020
1147 -20037 -20028
1148 -20024 -20020
1149 -20018 -20021
1150 -20010 -20006
1151 -20009 -20004
1152 -20023 -20021
1153 -20012 -19999
1154 -20009 -20008
1155 -20022 -20002
1156 -20020 -20013
1157 -20010 -20008
1158 -20023 -20025
1159 -20017 -20015
1160 -20017 -20014
1161 -20014 -20012
1162 -20017 -20014
1163 -20019 -20015
1164 -20002 -19995
1165 -20015 -20014
1166 -20010 -20010
1167 -20000 -19998
1168 -20010 -19998
1169 -20004 -20006
1170 -20003 -19997
1171 -20021 -20022
1172 -20012 -20016
1173 -20014 -20015
1174 -20019 -20009
1175 -20039 -20039
1176 -20036 -20019
1177 -20008 -20008
1178 -20010 -20012
1179 -20005 -20007
1180 -20026 -20040
1181 -20002 -19990
1182 -20017 -20015
1183 -20046 -20038
1184 -20021 -20020
1185 -20019 -20009
1186 -20028 -20021
1187 -20020 -20016
1188 -20000 -20003
1189 -20007 -20001
1190 -20012 -19987
1191 -20019 -20024
1192 -20020 -20016
1193 -20020 -20015
1194 -20014 -20017
1195 -20024 -20024
1196 -20012 -20009
1197 -20023 -20015
1198 -20003 -19999
1199 -20026 -20023
1200 -20021 -20025
1201 -20006 -19999
1202 -20000 -19993
1203 -20009 -20008
1204 -20015 -20007
1205 -20047 -20051
1206 -20041 -20033
1207 -20037 -20037
1208 -20023 -20026
1209 -20022 -20020
1210 -20001 -20000
1211 -20008 -20006
1212 -20006 -19998
1213 -20002 -20005
1214 -20007 -20002
1215 -20013 -19995
1216 -20003 -20001
1217 -20037 -20030
1218 -20022 -20015
1219 -20010 -20016
1220 -20020 -20017
1221 -20018 -20007
1222 -20032 -20032
1223 -20002 -20001
1224 -20079 -20084
1225 -20020 -20022
1226 -20003 -20002
1227 -19997 -19997
1228 -20012 -20001
1229 -20007 -19997
1230 -20022 -20012
1231 -20028 -20031
1232 -20010 -20010
1233 -20025 -20018
1234 -20029 -20028
1235 -19993 -19990
1236 -20002 -20001
1237 -20007 -20002
1238 -20013 -20011
1239 -20006 -20002
1240 -20022 -20019
1241 -20012 -20014
1242 -20015 -20008
1243 -20014 -20017
1244 -20011 -20002
1245 -19984 -19970
1246 -20009 -20003
1247 -20001 -20001
1248 -20016 -20016
1249 -20016 -20005
1250 -20016 -20009
1251 -20041 -20043
1252 -20009 -20006
1253 -20006 -20006
1254 -20004 -20006
1255 -19999 -19998
1256 -20016 -20010
1257 -20008 -20008
1258 -20015 -20004
1259 -20006 -19997
1260 -20028 -20023
1261 -20036 -20038
1262 -20022 -20010
1263 -20020 -20025
1264 -20013 -20002
1265 -20038 -20038
1266 -20015 -20014
1267 -20019 -20021
1268 -20042 -20036
1269 -20006 -20000
1270 -20014 -20011
1271 -20008 -20001
1272 -20011 -20001
1273 -20024 -20024
1274 -20017 -20006
1275 -20014 -20014
1276 -19990 -19985
1277 -20007 -19993
1278 -20016 -20004
1279 -20009 -20011
1280 -20004 -19994
1281 -20019 -20017
1282 -20022 -20023
1283 -20009 -20004
1284 -20010 -20017
1285 -20016 -20018
1286 -20009 -20002
1287 -20018 -20005
1288 -20014 -20010
1289 -20007 -20001
1290 -20014 -20011
1291 -20015 -20010
1292 -20004 -20005
1293 -20007 -20004
1294 -20009 -20003
1295 -20011 -20012
1296 -20008 -20007
1297 -20002 -20005
1298 -20045 -20043
1299 -19999 -19998
1300 -20014 -20010
1301 -20005 -19996
1302 -20009 -20011
1303 -20013 -20001
1304 -20062 -20070
1305 -20020 -20029
1306 -20010 -20001
1307 -20007 -20000
1308 -20008 -20007
1309 -20018 -20016
1310 -19999 -20003
1311 -20005 -20004
1312 -20021 -20021
1313 -20006 -20005
1314 -20020 -20009
1315 -20023 -20028
1316 -20014 -20004
1317 -20043 -20039
1318 -20017 -20017
1319 -20005 -20000
1320 -20025 -20034
1321 -20019 -20014
1322 -20005 -20002
1323 -20006 -20002
1324 -20021 -20023
1325 -20006 -20011
1326 -20023 -20011
1327 -19991 -19974
1328 -19992 -19988
1329 -20015 -20014
1330 -20014 -20014
1331 -20022 -20011
1332 -20010 -20002
1333 -20008 -20005
1334 -20013 -20019
1335 -20040 -20042
1336 -20021 -20008
1337 -20013 -20010
1338 -20014 -20001
1339 -20014 -20009
1340 -20014 -20014
1341 -20018 -20017
1342 -20062 -20052
1343 -20010 -20010
1344 -19993 -19983
1345 -20008 -20007
1346 -20036 -20033
1347 -20011 -20011
1348 -20018 -20030
1349 -20014 -20004
1350 -20008 -20015
1351 -20009 -20014
1352 -20021 -20003
1353 -20011 -20008
1354 -20019 -20012
1355 -20044 -20036
1356 -20036 -20035
1357 -20009 -20006
1358 -20018 -20025
1359 -20021 -20016
1360 -20017 -20017
1361 -20017 -20018
1362 -20005 -20002
1363 -20045 -20042
1364 -20023 -20017
1365 -20017 -20011
1366 -20011 -20013
1367 -20012 -20023
1368 -20009 -20004
1369 -20030 -20016
1370 -20016 -20005
1371 -20015 -20009
1372 -20018 -20010
1373 -20024 -20017
1374 -20006 -20006
1375 -19993 -19979
1376 -20014 -20000
1377 -20025 -20019
1378 -20003 -20004
1379 -20020 -20017
1380 -20021 -20016
1381 -20016 -20015
1382 -19997 -19994
1383 -20000 -19989
1384 -20006 -20003
1385 -20023 -20029
1386 -20015 -20010
1387 -20022 -20013
1388 -20010 -20010
1389 -20028 -20020
1390 -20010 -20011
1391 -20013 -20011
1392 -20000 -19999
1393 -19998 -20010
1394 -20015 -20011
1395 -20008 -20013
1396 -19998 -19998
1397 -20016 -20015
1398 -20009 -20009
1399 -20021 -20014
1400 -20007 -20000
1401 -20014 -20008
1402 -20005 -20005
1403 -20003 -19994
1404 -20013 -20003
1405 -20009 -20000
1406 -20010 -20004
1407 -20010 -20009
1408 -20012 -20013
1409 -20007 -20003
1410 -20012 -20007
1411 -20012 -20006
1412 -20007 -20007
1413 -20014 -20008
1414 -20044 -20040
1415 -20017 -20010
1416 -20020 -20008
1417 -20027 -20019
1418 -20021 -20026
1419 -20020 -20006
1420 -20014 -20004
1421 -20006 -20005
1422 -20024 -20013
1423 -20028 -20026
1424 -20041 -20037
1425 -20015 -20008
1426 -20040 -20037
1427 -20002 -20003
1428 -20012 -20008
1429 -20015 -20005
1430 -19991 -19983
1431 -20009 -20005
1432 -20013 -20009
1433 -20019 -20012
1434 -20004 -19997
1435 -20020 -20017
1436 -20017 -20008
1437 -20019 -20016
1438 -20005 -20003
1439 -20004 -20001
1440 -20006 -20007
1441 -20014 -20006
1442 -20017 -20008
1443 -20008 -20009
1444 -20016 -20021
1445 -20010 -20009
1446 -20089 -20082
1447 -20006 -20007
1448 -20020 -20015
1449 -20014 -20012
1450 -20011 -20003
1451 -20034 -20026
1452 -20008 -20010
1453 -20014 -20009
1454 -20003 -20001
1455 -20019 -20016
1456 -20013 -20007
1457 -20011 -20009
1458 -20009 -20008
1459 -20017 -20002
1460 -20003 -20004
1461 -20014 -20005
1462 -20014 -20010
1463 -20011 -20006
1464 -20027 -20026
1465 -20004 -19994
1466 -20022 -20016
1467 -20008 -20006
1468 -20033 -20028
1469 -19995 -19993
1470 -20008 -20003
1471 -20012 -20007
1472 -20029 -20025
1473 -20005 -20006
1474 -20013 -20005
1475 -20004 -19998
1476 -20017 -20006
1477 -20007 -20011
1478 -20018 -20010
1479 -20038 -20031
1480 -20015 -19998
1481 -20028 -20025
1482 -20016 -20010
1483 -20005 -20005
1484 -20011 -20013
1485 -20013 -20008
1486 -20011 -20007
1487 -20005 -20003
1488 -20018 -20014
1489 -19994 -19996
1490 -20020 -20015
1491 -20015 -20003
1492 -20012 -20004
1493 -20025 -20026
1494 -20018 -20017
1495 -20023 -20017
1496 -20021 -20037
1497 -20017 -20007
1498 -20017 -20017
1499 -20025 -20026
1500 -20007 -20002
1501 -20018 -20011
1502 -20040 -20035
1503 -20008 -19997
1504 -20080 -20074
1505 -20045 -20051
1506 -20025 -20016
1507 -20012 -20007
1508 -19986 -19988
1509 -20011 -20011
1510 -20019 -20013
1511 -20017 -20006
1512 -20005 -20002
1513 -20014 -20019
1514 -20012 -20004
1515 -20006 -20002
1516 -20019 -20005
1517 -19998 -19998
1518 -20013 -19998
1519 -20014 -20004
1520 -20005 -20005
1521 -20011 -20010
1522 -20018 -20016
1523 -20023 -20026
1524 -20008 -19998
1525 -20040 -20035
1526 -20002 -20001
1527 -20004 -20006
1528 -20003 -19992
1529 -20011 -20003
1530 -20011 -20008
1531 -20017 -20009
1532 -20031 -20029
1533 -20018 -20016
1534 -20009 -20009
1535 -19996 -19998
1536 -20013 -20013
1537 -20028 -20025
1538 -20039 -20034
1539 -20017 -20013
1540 -20009 -20001
1541 -20017 -20008
1542 -20011 -20007
1543 -19997 -20001
1544 -20049 -20020
1545 -19999 -20000
1546 -20021 -20025
1547 -20006 -20000
1548 -19995 -19992
1549 -20004 -20007
1550 -20041 -20040
1551 -20004 -19999
1552 -20002 -20001
1553 -20010 -20002
1554 -20012 -20003
1555 -20018 -20015
1556 -20016 -20012
1557 -20009 -20004
1558 -20009 -20008
1559 -20022 -20022
1560 -20010 -20004
1561 -20001 -20001
1562 -20016 -20013
1563 -20010 -20013
1564 -20007 -20015
1565 -20008 -20014
1566 -20010 -20000
1567 -20017 -20017
1568 -20022 -20017
1569 -20003 -20003
1570 -20027 -20030
1571 -20005 -20008
1572 -20022 -20007
1573 -20008 -20011
1574 -20016 -20011
1575 -20010 -20013
1576 -20019 -20023
1577 -20015 -20015
1578 -20010 -20007
1579 -20020 -20012
1580 -20009 -19999
1581 -20004 -19999
1582 -20020 -20019
1583 -20011 -20004
1584 -20019 -20009
1585 -20014 -20009
1586 -20014 -20014
1587 -20023 -20018
1588 -20019 -20014
1589 -20020 -20013
1590 -20005 -20001
1591 -20023 -20026
1592 -20012 -20012
1593 -20021 -20020
1594 -20014 -20027
1595 -20000 -19991
1596 -20044 -20037
1597 -20022 -20013
1598 -20041 -20027
1599 -20015 -20013
1600 -20014 -20014
1601 -20018 -20019
1602 -19996 -19993
1603 -20014 -20002
1604 -20021 -20018
1605 -20014 -20007
1606 -20018 -20008
1607 -20014 -20005
1608 -20022 -20018
1609 -20025 -20017
1610 -20008 -20007
1611 -20024 -20011
1612 -20012 -20013
1613 -20005 -20009
1614 -20024 -20016
1615 -20016 -20018
1616 -20011 -20008
1617 -20014 -20003
1618 -20011 -20011
1619 -19997 -19997
1620 -20013 -20009
1621 -19996 -19982
1622 -20005 -20005
1623 -20015 -20007
1624 -20007 -19995
1625 -20011 -20016
1626 -20027 -20025
1627 -20029 -20046
1628 -19996 -19990
1629 -20019 -20012
1630 -20020 -20021
1631 -20006 -20005
1632 -20011 -20007
1633 -20037 -20028
1634 -20011 -20004
1635 -20004 -19990
1636 -20008 -20004
1637 -20006 -19998
1638 -20020 -20015
1639 -20013 -20005
1640 -14777 -14769
1641 -20010 -20007
1642 -20011 -20006
1643 -20016 -20010
1644 -20036 -20053
1645 -20028 -20027
1646 -20021 -20019
1647 -20000 -19994
1648 -19997 -19999
1649 -20016 -20001
1650 -20018 -20009
1651 -20015 -20020
1652 -20011 -20002
1653 -20015 -20012
1654 -20010 -19998
1655 -20039 -20036
1656 -20003 -20005
1657 -20019 -20019
1658 -20022 -20020
1659 -19999 -20009
1660 -20006 -20002
1661 -20012 -20009
1662 -20000 -19998
1663 -20012 -20003
1664 -20019 -20017
1665 -20016 -20011
1666 -20020 -20014
1667 -20022 -20014
1668 -20015 -19997
1669 -20046 -20037
1670 -20021 -20015
1671 -19998 -19995
1672 -20005 -20004
1673 -20005 -20011
1674 -20014 -20007
1675 -20002 -20003
1676 -20011 -20004
1677 -20002 -20002
1678 -20021 -20018
1679 -20022 -20011
1680 -20042 -20046
1681 -20032 -20023
1682 -20025 -20020
1683 -20011 -20007
1684 -20018 -20023
1685 -20016 -20008
1686 -20019 -20008
1687 -20044 -20043
1688 -20038 -20024
1689 -20003 -20002
1690 -20017 -20017
1691 -20001 -19998
1692 -20042 -20045
1693 -20013 -20003
1694 -20044 -20042
1695 -20010 -20017
1696 -20010 -20010
1697 -20013 -20005
1698 -20007 -19999
1699 -19998 -19988
1700 -20011 -20001
1701 -20011 -20000
1702 -19998 -19998
1703 -20018 -20015
1704 -20001 -19998
1705 -20007 -20002
1706 -20010 -20007
1707 -20015 -20014
1708 -20016 -20020
1709 -20017 -20015
1710 -20013 -20014
1711 -20006 -19993
1712 -20015 -20030
1713 -20017 -20019
1714 -20010 -20005
1715 -20009 -19998
1716 -20028 -20027
1717 -20004 -20009
1718 -20013 -20007
1719 -19998 -19993
1720 -20016 -20011
1721 -20009 -20002
1722 -20002 -19998
1723 -20007 -20004
1724 -20001 -19996
1725 -20017 -20011
1726 -20019 -20010
1727 -20013 -20013
1728 -20011 -20006
1729 -20008 -20003
1730 -20014 -20004
1731 -20003 -20003
1732 -20005 -19989
1733 -20020 -20012
1734 -20013 -20015
1735 -20009 -20010
1736 -20019 -20013
1737 -20015 -20002
1738 -20001 -20001
1739 -20025 -20022
1740 -20005 -20001
1741 -19995 -19996
1742 -20002 -20002
1743 -20012 -20009
1744 -20013 -20016
1745 -20017 -20027
1746 -20004 -20004
1747 -20012 -20009
1748 -20016 -20019
1749 -20023 -20026
1750 -20000 -19991
1751 -20015 -20016
1752 -20008 -19996
1753 -20010 -20010
1754 -20014 -20014
1755 -20011 -20005
1756 -20009 -20003
1757 -20041 -20031
1758 -20013 -20015
1759 -20007 -20001
1760 -20007 -20008
1761 -20015 -20005
1762 -20006 -20008
1763 -20010 -20005
1764 -20010 -19997
1765 -20015 -20021
1766 -20016 -20011
1767 -20011 -20005
1768 -20012 -20010
1769 -20010 -20004
1770 -20004 -20001
1771 -20012 -20007
1772 -20001 -20008
1773 -20010 -20008
1774 -20001 -20000
1775 -20020 -20012
1776 -20015 -20011
1777 -20022 -20012
1778 -20011 -20006
1779 -20027 -20026
1780 -20016 -20018
1781 -20021 -20013
1782 -19999 -19996
1783 -20002 -20003
1784 -20014 -20016
1785 -20014 -20009
1786 -20021 -20028
1787 -20012 -20003
1788 -20004 -19996
1789 -20022 -20014
1790 -20003 -19998
1791 -20006 -20000
1792 -20024 -20019
1793 -20006 -19999
1794 -20003 -19999
1795 -20016 -20011
1796 -20013 -20001
1797 -20014 -20012
1798 -20016 -20014
1799 -20005 -20003
1800 -20012 -20009
1801 -20022 -20023
1802 -20010 -20005
1803 -20009 -20010
1804 -20011 -20013
1805 -20011 -19996
1806 -20024 -20025
1807 -20023 -20017
1808 -20019 -20021
1809 -20018 -20011
1810 -20027 -20044
1811 -20004 -20001
1812 -20024 -20022
1813 -20019 -20015
1814 -20018 -20007
1815 -20019 -20025
1816 -20022 -20013
1817 -20005 -20008
1818 -20004 -20009
1819 -20018 -20016
1820 -20008 -20003
1821 -20009 -19998
1822 -20010 -19993
1823 -20017 -20008
1824 -19997 -19993
1825 -20011 -20006
1826 -20019 -20014
1827 -20024 -20021
1828 -20012 -20001
1829 -20007 -20005
1830 -20015 -20005
1831 -20019 -20009
1832 -20012 -19999
1833 -20017 -20010
1834 -19993 -19990
1835 -20020 -20019
1836 -20016 -20022
1837 -20015 -20018
1838 -20011 -20012
1839 -20103 -20094
1840 -20042 -20045
1841 -20002 -20001
1842 -20002 -19999
1843 -19998 -19991
1844 -20010 -20000
1845 -20006 -20009
1846 -20020 -20020
1847 -20014 -20007
1848 -20012 -20007
1849 -20018 -20024
1850 -20010 -19993
1851 -20013 -20014
1852 -20019 -20008
1853 -20019 -20017
1854 -20002 -20001
1855 -20014 -19998
1856 -20015 -20017
1857 -20013 -20000
1858 -20007 -20001
1859 -20025 -20026
1860 -20005 -19999
1861 -20021 -20009
1862 -20023 -20011
1863 -20018 -20009
1864 -20019 -20018
1865 -20003 -20001
1866 -20012 -20004
1867 -20008 -20011
1868 -20010 -20007
1869 -20041 -20041
1870 -20013 -20025
1871 -20007 -20001
1872 -20000 -20002
1873 -20015 -20009
1874 -20008 -20001
1875 -20007 -20008
1876 -20020 -20024
1877 -20013 -20015
1878 -20013 -20005
1879 -20022 -20029
1880 -20032 -20032
1881 -20012 -20020
1882 -20023 -20014
1883 -20013 -20010
1884 -20019 -20017
1885 -20009 -20007
1886 -20007 -20004
1887 -20000 -19994
1888 -20004 -19994
1889 -20044 -20039
1890 -20004 -19999
1891 -20004 -20005
1892 -20010 -20005
1893 -20002 -19999
1894 -20009 -20008
1895 -20020 -20012
1896 -20009 -20006
1897 -20003 -20004
1898 -20015 -20000
1899 -20006 -20004
1900 -20014 -20003
1901 -20017 -20013
1902 -20006 -20000
1903 -20012 -20001
1904 -20000 -19985
1905 -20022 -20018
1906 -19996 -19996
1907 -20005 -20001
1908 -20011 -20002
1909 -20025 -20024
1910 -20018 -20020
1911 -20010 -19998
1912 -20009 -20006
1913 -20014 -20006
1914 -20023 -20029
1915 -20039 -20034
1916 -20012 -20009
1917 -20002 -19991
1918 -20038 -20038
1919 -20015 -20010
1920 -20022 -20018
1921 -20011 -20006
1922 -20001 -19999
1923 -20021 -20015
1924 -20038 -20042
1925 -20009 -20001
1926 -20017 -20010
1927 -20002 -19994
1928 -20000 -20001
1929 -20007 -20010
1930 -20016 -20008
1931 -20003 -20002
1932 -20021 -20006
1933 -20010 -20012
1934 -20017 -20005
1935 -20020 -20014
1936 -20017 -20019
1937 -20011 -20015
1938 -20009 -20002
1939 -20006 -20010
1940 -20001 -19996
1941 -20014 -20014
1942 -20021 -20028
1943 -20021 -20024
1944 -20007 -20004
1945 -20006 -20004
1946 -20014 -19998
1947 -20020 -20017
1948 -20006 -19998
1949 -20018 -20009
1950 -20007 -20003
1951 -20010 -19994
1952 -20004 -20005
1953 -20007 -20004
1954 -20032 -20028
1955 -19997 -19994
1956 -20008 -20005
1957 -20013 -20011
1958 -20013 -20008
1959 -20012 -20003
1960 -20010 -20013
1961 -20014 -20004
1962 -20014 -20009
1963 -20018 -20017
1964 -20005 -20008
1965 -20002 -20001
1966 -20003 -20003
1967 -20013 -20005
1968 -20008 -20011
1969 -20015 -20008
1970 -20016 -20012
1971 -20016 -20015
1972 -20010 -20008
1973 -20000 -20005
1974 -20008 -20005
1975 -20006 -20000
1976 -20014 -20010
1977 -20019 -20009
1978 -20002 -19999
1979 -19999 -20000
1980 -20014 -20016
1981 -20011 -19997
1982 -20028 -20030
1983 -20016 -20012
1984 -20010 -20005
1985 -20005 -20002
1986 -20027 -20034
1987 -20013 -20008
1988 -20018 -20006
1989 -20021 -20009
1990 -19997 -19995
1991 -20090 -20086
1992 -20019 -20009
1993 -20016 -20010
1994 -20019 -20015
1995 -20020 -20024
1996 -20009 -20008
1997 -20041 -20040
1998 -20008 -20006
1999 -20003 -19993
2000 -20010 -20006
2001 -20013 -20013
2002 -20021 -20018
2003 -19999 -20002
2004 -20008 -19998
2005 -20011 -20005
2006 -20016 -20002
2007 -20003 -20000
2008 -20006 -20001
2009 -20001 -20008
2010 -19999 -20002
2011 -20039 -20032
2012 -20016 -20021
2013 -20020 -20020
2014 -20002 -20004
2015 -20002 -20011
2016 -20056 -20049
2017 -20017 -20021
2018 -20016 -20009
2019 -20012 -20005
2020 -20010 -20000
2021 -20012 -20012
2022 -20016 -20012
2023 -20013 -20016
2024 -20023 -20013
2025 -20005 -19994
2026 -20006 -19995
2027 -20013 -20013
2028 -20035 -20032
2029 -20014 -20014
2030 -20021 -20014
2031 -20020 -20014
2032 -20036 -20042
2033 -20014 -20001
2034 -20020 -20004
2035 -20016 -20020
2036 -20005 -19996
2037 -20022 -20011
2038 4506 4508
2039 -20016 -20013
2040 -20015 -20012
2041 -20016 -20015
2042 -20016 -20015
2043 -20014 -20010
2044 -20012 -20009
2045 -20023 -20022
2046 -20033 -20033
2047 -20015 -20008
2048 -20045 -20041
2049 -20008 -20000
2050 -20001 -19995
2051 -20013 -20012
2052 -20011 -19999
2053 -20016 -20004
2054 -20019 -20021
2055 -20004 -19997
2056 -20021 -20012
2057 -20023 -20018
2058 -20014 -20007
2059 -20042 -20041
2060 -20029 -20025
2061 -20011 -20010
2062 -19998 -19993
2063 -19999 -19995
2064 -20007 -20002
2065 -20017 -20024
2066 -20002 -19999
2067 -20012 -20012
2068 -20006 -20002
2069 -20015 -20005
2070 -19998 -19993
2071 -20019 -20015
2072 -20173 -20168
2073 -20015 -20012
2074 -20018 -20015
2075 -20021 -20024
2076 -20005 -20003
2077 -20036 -20038
2078 -20014 -20015
2079 -20012 -20009
2080 -20010 -20002
2081 -20020 -20009
2082 -20007 -19998
2083 -20020 -20005
2084 -20008 -20002
2085 -19999 -19984
2086 -20044 -20036
2087 -20043 -20036
2088 -20007 -20005
2089 -20007 -20001
2090 -20026 -20020
2091 -20017 -20023
2092 -20009 -20010
2093 -20009 -20006
2094 -20015 -20010
2095 -20003 -19995
2096 -20012 -20010
2097 -20037 -20031
2098 -20036 -20027
2099 -20014 -20010
2100 -20021 -20015
2101 -20022 -20020
2102 -20019 -20025
2103 -20019 -20027
2104 -20005 -19999
2105 -20012 -20016
2106 -20013 -20007
2107 -19989 -19990
2108 -20017 -20010
2109 -20001 -19996
2110 -20005 -19999
2111 -20011 -20007
2112 -20009 -20008
2113 -20020 -20016
2114 -20025 -20018
2115 -20001 -19992
2116 -20015 -20014
2117 -20022 -20019
2118 -20007 -20007
2119 -20013 -20002
2120 -20002 -20005
2121 -20005 -20006
2122 -2511 -2512
2123 -20010 -20008
2124 -20018 -20018
2125 -20031 -20041
2126 -20016 -20019
2127 -20009 -20009
2128 -20021 -20016
2129 -20001 -19994
2130 -20007 -20006
2131 -19997 -19993
2132 -20017 -20015
2133 -20002 -19998
2134 -20028 -20027
2135 -20009 -20005
2136 -20018 -20011
2137 -20006 -20001
2138 -20014 -20005
2139 -20017 -20013
2140 -20016 -20012
2141 -20003 -20003
2142 -20004 -20002
2143 -20004 -20006
2144 -20010 -19995
2145 -20010 -20011
2146 -20017 -20016
2147 -20017 -20010
2148 -20086 -20079
2149 -20010 -20008
2150 -20020 -20005
2151 -20018 -20015
2152 -20009 -20003
2153 -20013 -20013
2154 -20015 -20009
2155 -20019 -20011
2156 -20018 -20010
2157 -20001 -20002
2158 -20011 -20006
2159 -20000 -19995
2160 -20010 -20007
2161 -20011 -20005
2162 -20012 -20004
2163 -19984 -19966
2164 -20007 -20000
2165 -20012 -20009
2166 -20005 -19998
2167 -20017 -20013
2168 -20002 -20000
2169 -20008 -20012
2170 -20001 -20005
2171 -20015 -20009
2172 -20018 -20008
2173 -20008 -20007
2174 -19999 -19990
2175 -20006 -19998
2176 -19995 -19992
2177 -20004 -19995
2178 -20015 -20012
2179 -20009 -19997
2180 -20024 -20021
2181 -20032 -20015
2182 -20013 -20017
2183 -20015 -20012
2184 -20011 -20006
2185 -20034 -20027
2186 -20012 -20001
2187 -20004 -20000
2188 -20037 -20039
2189 -20018 -20008
2190 -20017 -20019
2191 -20015 -20007
2192 -20015 -20014
2193 -20009 -19999
2194 -20009 -20003
2195 -20009 -20007
2196 -20027 -20021
2197 -20024 -20016
2198 -20012 -20011
2199 -20022 -20024
2200 -20020 -20009
2201 -20020 -20023
2202 -20015 -20007
2203 -20016 -20000
2204 -20016 -20006
2205 -20002 -19999
2206 -20014 -20006
2207 -20003 -20002
2208 -20016 -20007
2209 -20011 -20009
2210 -20004 -19997
2211 -20042 -20028
2212 -20041 -20041
2213 -20018 -20014
2214 -20015 -20011
2215 -20029 -20023
2216 -20014 -19998
2217 -20027 -20018
2218 -20011 -20009
2219 -20023 -20026
2220 -20010 -19999
2221 -20003 -20000
2222 -20045 -20035
2223 -5989 -5985
2224 -20010 -20010
2225 -20067 -20066
2226 -20012 -20010
2227 -20007 -20002
2228 -20014 -20015
2229 -20020 -20012
2230 -20012 -20008
2231 -20004 -20003
2232 -20017 -20022
2233 -20020 -20006
2234 -20002 -20001
2235 -20009 -20000
2236 -19998 -19999
2237 -20010 -20004
2238 -19997 -20007
2239 -20006 -20005
2240 -20015 -20022
2241 -20009 -20008
2242 -20008 -19997
2243 -20029 -20024
2244 -20013 -20006
2245 -20015 -20000
2246 -20011 -20002
2247 -20011 -20015
2248 -20010 -20003
2249 -20016 -20017
2250 -20021 -20019
2251 -20021 -20028
2252 -20021 -20012
2253 -20010 -20003
2254 -20015 -20003
2255 -20011 -20004
2256 -20024 -20031
2257 -20008 -20007
2258 -20022 -20009
2259 -20009 -19997
2260 -20039 -20037
2261 -20021 -20021
2262 -20010 -20002
2263 -20022 -20019
2264 -20012 -20005
2265 -20009 -20004
2266 -20015 -20000
2267 -20016 -20015
2268 -20014 -20004
2269 -20024 -20021
2270 -20011 -20004
2271 -20000 -19993
2272 -20000 -19994
2273 -20017 -20012
2274 -20022 -20023
2275 -20009 -20013
2276 -20027 -20028
2277 -20015 -20007
2278 -20020 -20018
2279 -20005 -20005
2280 -20017 -20021
2281 -20010 -20007
2282 -20017 -20024
2283 -20011 -20014
2284 -20011 -20007
2285 -20008 -19997
2286 -20017 -20021
2287 -20001 -20000
2288 -20014 -20015
2289 -19996 -19986
2290 -20001 -19998
2291 -20007 -20004
2292 -20022 -20036
2293 -20001 -19992
2294 -20036 -20032
2295 -20017 -20020
2296 -20020 -20015
2297 -20009 -20009
2298 -20014 -20006
2299 -19998 -20001
2300 -20006 -20002
2301 -20008 -20008
2302 -20020 -20013
2303 -20019 -20016
2304 -20023 -20014
2305 -20020 -20009
2306 -20018 -20016
2307 -20018 -20017
2308 -20020 -20020
2309 -20016 -20017
2310 -20009 -20001
2311 -20006 -19994
2312 -20018 -20013
2313 -20005 -20001
2314 -20013 -20015
2315 -20002 -19990
2316 -20019 -20019
2317 -20008 -20002
2318 -20029 -20031
2319 -20006 -20013
2320 -20017 -20017
2321 -20012 -20005
2322 -20023 -20026
2323 -20022 -20008
2324 -20016 -20005
2325 -20013 -20009
2326 -19998 -20000
2327 -20012 -20000
2328 -20018 -20009
2329 -20006 -20006
2330 -20014 -20007
2331 -20004 -20003
2332 -20012 -20004
2333 -20020 -20021
2334 -20027 -20027
2335 -20010 -20001
2336 -20006 -20001
2337 -20011 -20009
2338 -19996 -19983
2339 -20004 -19999
2340 -20018 -19999
2341 -20018 -20013
2342 -20011 -20002
2343 -20002 -20004
2344 -20016 -20008
2345 -20000 -19999
2346 -20057 -20064
2347 -20009 -20006
2348 -20021 -20010
2349 -20006 -19999
2350 -20014 -20010
2351 -20005 -20002
2352 -20010 -20006
2353 -20044 -20028
2354 -20014 -20005
2355 -20012 -20014
2356 -19994 -19998
2357 -20004 -20009
2358 -20024 -20023
2359 -20012 -20012
2360 -20017 -20014
2361 -20016 -20016
2362 -20008 -20001
2363 -20019 -20025
2364 -19997 -19981
2365 -20004 -20003
2366 -20007 -19999
2367 -20012 -20007
2368 -20018 -20012
2369 -20001 -20000
2370 -20020 -20017
2371 -20050 -20059
2372 -20028 -20029
2373 -20014 -20008
2374 -20014 -20007
2375 -20006 -20006
2376 -20039 -20048
2377 -20007 -19989
2378 -20014 -20010
2379 -20022 -20017
2380 -20015 -20006
2381 -20018 -20014
2382 -20011 -20002
2383 -20012 -20006
2384 -20022 -20019
2385 -20011 -20004
2386 -20013 -20006
2387 -20010 -20009
2388 -20005 -19991
2389 -20020 -20018
2390 -20022 -20017
2391 -20010 -20001
2392 -20026 -20010
2393 -20015 -20009
2394 -20010 -20005
2395 -20008 -20006
2396 -20011 -20001
2397 -20010 -20009
2398 -20024 -20026
2399 -20035 -20029
2400 -20011 -20011
2401 -20003 -20003
2402 -20007 -20006
2403 -20018 -20010
2404 -20019 -20008
2405 -20017 -20018
2406 -20012 -20002
2407 -19997 -20000
2408 -20001 -19996
2409 -20009 -20015
2410 -20018 -20013
2411 -19999 -19994
2412 -19997 -19998
2413 -20004 -19997
2414 -20004 -20002
2415 -20006 -19991
2416 -20016 -20017
2417 -20030 -20027
2418 -20029 -20030
2419 -20007 -20005
2420 -20014 -20014
2421 -20021 -20022
2422 -20014 -20012
2423 -20013 -20003
2424 -20009 -19996
2425 -20041 -20040
2426 -20016 -20011
2427 -20009 -20006
2428 -20025 -20012
2429 -20010 -20004
2430 -20002 -19994
2431 -20020 -20021
2432 -20002 -19992
2433 -20042 -20038
2434 -19974 -19965
2435 -20008 -19997
2436 -20015 -20015
2437 -20016 -20009
2438 -19996 -19997
2439 -20018 -20012
2440 -19993 -19990
2441 -19997 -20000
2442 -20002 -20002
2443 -20024 -20022
2444 -20012 -20003
2445 -20014 -20005
2446 -20015 -20013
2447 -20007 -20004
2448 -20007 -20004
2449 -20012 -20012
2450 -20018 -20004
2451 -20018 -20016
2452 -20006 -20008
2453 -20017 -20010
2454 -20015 -20017
2455 -20012 -20029
2456 -20009 -20006
2457 -20012 -20010
2458 -20004 -20002
2459 -20032 -20030
2460 -20009 -20005
2461 -20006 -20001
2462 -20010 -20007
2463 -20013 -20018
2464 -20000 -20003
2465 -20024 -20018
2466 -20017 -20015
2467 -20017 -20016
2468 -20023 -20024
2469 -20018 -20011
2470 -20015 -20013
2471 -19994 -19993
2472 -20011 -20008
2473 -20016 -20005
2474 -20018 -20014
2475 -20007 -20003
2476 -20010 -20008
2477 -20006 -20000
2478 -20015 -20008
2479 -20012 -19999
2480 -20010 -20006
2481 -20022 -20022
2482 -20002 -19996
2483 -20004 -19996
2484 -20016 -20010
2485 -20005 -20002
2486 -20005 -20000
2487 -20004 -20007
2488 -20023 -20019
2489 -20009 -20014
2490 -20039 -20040
2491 -20038 -20030
2492 -20005 -19997
2493 -19999 -19988
2494 -20008 -20004
2495 -20023 -20011
2496 -20022 -20022
2497 -20011 -20002
2498 -20017 -20008
2499 -20039 -20034
2500 -20000 -20005
2501 -20018 -20015
2502 -20017 -20014
2503 -20015 -20024
2504 -20005 -20001
2505 -6038 -6023
2506 -20024 -20019
2507 -20018 -20013
2508 -19995 -19991
2509 -20016 -20013
2510 -19999 -19998
2511 -20026 -20023
2512 -20016 -20012
2513 -20001 -19991
2514 -20014 -20008
2515 -20013 -20012
2516 -20012 -20011
2517 -20010 -19998
2518 -20008 -20000
2519 -20001 -19998
2520 -20007 -19994
2521 -20023 -20024
2522 -20017 -20019
2523 -20010 -20011
2524 -20010 -20012
2525 -20021 -20012
2526 -20008 -20003
2527 -20008 -20004
2528 -20015 -20008
2529 -20022 -20014
2530 -20062 -20007
2531 -20016 -20025
2532 -20044 -20034
2533 -20017 -20007
2534 -20018 -20014
2535 -20011 -20010
2536 -20018 -20011
2537 -20014 -20018
2538 -20020 -20002
2539 -20011 -20014
2540 -20014 -20011
2541 -20010 -20004
2542 -20006 -19994
2543 -20009 -20010
2544 -20005 -20003
2545 -20008 -20003
2546 -20005 -20008
2547 -20029 -20037
2548 -20018 -20019
2549 -20000 -19992
2550 -20016 -20007
2551 -20045 -20039
2552 -20013 -20011
2553 -20025 -20019
2554 -20015 -20016
2555 -20012 -20002
2556 -20018 -20008
2557 -20007 -20003
2558 -20000 -20003
2559 -20002 -20001
2560 -20014 -20006
2561 -20013 -20013
2562 -20016 -20015
2563 -20045 -20044
2564 -20011 -20009
2565 -20018 -20014
2566 -20017 -20011
2567 -20011 -20022
2568 -20007 -20001
2569 -20009 -20004
2570 -20018 -20014
2571 -20021 -20013
2572 -19958 -19956
2573 -20010 -20008
2574 -20003 -19998
2575 -20015 -20007
2576 -20010 -20010
2577 -20012 -20002
2578 -20022 -20020
2579 -20013 -20011
2580 -20013 -20012
2581 -20032 -20043
2582 -20000 -19996
2583 -20015 -20018
2584 -20020 -20012
2585 -20018 -20020
2586 -20013 -20013
2587 -20010 -20007
2588 -20000 -20000
2589 -20004 -20006
2590 -20024 -20020
2591 -20024 -20022
2592 -20021 -20018
2593 -20040 -20040
2594 -20013 -20013
2595 -20015 -20013
2596 -20019 -20020
2597 -20017 -20014
2598 -19999 -19994
2599 -20005 -19997
2600 -20026 -20018
2601 -20016 -20012
2602 -20044 -20042
2603 -20005 -19994
2604 -20007 -20010
2605 -20043 -20038
2606 -20000 -20007
2607 -20008 -20002
2608 -20011 -20002
2609 -20023 -20020
2610 -20010 -20001
2611 -20015 -20008
2612 -20023 -20021
2613 -20012 -20009
2614 -20010 -20007
2615 -20009 -19995
2616 -20024 -20015
2617 -20006 -19994
2618 -20018 -20010
2619 -19999 -19997
2620 -20016 -20010
2621 -20020 -20012
2622 -20015 -20012
2623 -20018 -20011
2624 -20014 -20004
2625 -20001 -19992
2626 -20009 -19996
2627 -20017 -20008
2628 -20015 -20008
2629 -20019 -20023
2630 -20010 -20007
2631 -19996 -19994
2632 -20019 -20014
2633 -20025 -20025
2634 -20015 -20015
2635 -20012 -20003
2636 -20025 -20018
2637 -20006 -20009
2638 -20017 -20000
2639 -20009 -20007
2640 -20020 -20014
2641 -20011 -20008
2642 -20006 -20004
2643 -20008 -20008
2644 -20044 -20043
2645 -20015 -20006
2646 -20007 -20004
2647 -20010 -20013
2648 -20008 -20001
2649 -20022 -20009
2650 -20013 -20008
2651 -20018 -20013
2652 -20017 -20016
2653 -20015 -20014
2654 -20004 -19998
2655 -20060 -20044
2656 -20004 -20003
2657 -20010 -20005
2658 -20014 -20012
2659 -20018 -20019
2660 -20008 -20002
2661 -20024 -20014
2662 -20009 -20005
2663 -20017 -20013
2664 -20018 -20010
2665 -20015 -20012
2666 -20008 -20003
2667 -20017 -20005
2668 -19998 -19996
2669 -20020 -20019
2670 -20012 -20009
2671 -20024 -20015
2672 -20018 -20017
2673 -20009 -20002
2674 -20025 -20006
2675 -20011 -20009
2676 -20004 -19997
2677 -20001 -19993
2678 -20031 -20018
2679 -20017 -20015
2680 -20006 -19994
2681 -20005 -19995
2682 -20025 -20017
2683 -20009 -20010
2684 -20023 -20019
2685 -20018 -20010
2686 -20009 -20014
2687 -20026 -20039
2688 -20009 -20007
2689 -20014 -20003
2690 -20027 -20042
2691 -20001 -20006
2692 -20019 -20021
2693 -20021 -20015
2694 -20015 -20018
2695 -20010 -20015
2696 -20006 -20003
2697 -20020 -20018
2698 -20020 -20021
2699 -20010 -20008
2700 -20021 -20008
2701 -20012 -20006
2702 -20018 -20013
2703 -20016 -20004
2704 -20023 -20020
2705 -20006 -20006
2706 -20023 -20006
2707 -20017 -20014
2708 -20049 -20035
2709 -20006 -20002
2710 -20001 -20005
2711 -20014 -20013
2712 -20025 -20022
2713 -20017 -20010
2714 -20005 -19997
2715 -20007 -20009
2716 -20010 -20011
2717 -20002 -20007
2718 -20015 -20006
2719 -20014 -20015
2720 -20026 -20018
2721 -20006 -19996
2722 -20017 -20012
2723 -20014 -20012
2724 -20009 -20004
2725 -20000 -20002
2726 -20023 -20020
2727 -20002 -20005
2728 -20005 -20007
2729 -20006 -20005
2730 -20018 -20010
2731 -20007 -20003
2732 -20017 -20009
2733 -20021 -20023
2734 -20017 -20011
2735 -20017 -20007
2736 -20005 -20014
2737 -20008 -20008
2738 -20017 -20011
2739 -20002 -20003
2740 -20021 -20021
2741 -20007 -20011
2742 -20007 -20004
2743 -20017 -20009
2744 -20016 -20012
2745 -19974 -19955
2746 -20012 -20015
2747 -20005 -19993
2748 -20003 -20000
2749 -20018 -20016
2750 -19993 -19990
2751 -20001 -19999
2752 -20014 -20006
2753 -20007 -20009
2754 -20041 -20041
2755 -20025 -20026
2756 -19997 -20003
2757 -20016 -20012
2758 -20003 -20000
2759 -20018 -20012
2760 -20026 -20032
2761 -20013 -19999
2762 -20012 -20016
2763 -20027 -20022
2764 -20018 -20016
2765 -20000 -19995
2766 -20001 -20000
2767 -20014 -20009
2768 -20009 -20002
2769 -20011 -20017
2770 -20003 -19998
2771 -20042 -20052
2772 -20002 -19998
2773 -20025 -20026
2774 -20000 -20000
2775 -20025 -20025
2776 -19998 -19999
2777 -20002 -20008
2778 -20013 -20015
2779 -20010 -20013
2780 -20002 -19994
2781 -20019 -20004
2782 -20001 -20004
2783 -20011 -20000
2784 -20021 -20030
2785 -19999 -19996
2786 -20013 -20003
2787 -20021 -20023
2788 -20009 -20006
2789 -20013 -20013
2790 -20021 -20032
2791 -20024 -20018
2792 -20012 -20010
2793 -20003 -19990
2794 -19994 -19992
2795 -20007 -20001
2796 -20001 -19997
2797 -20019 -20011
2798 -20010 -20010
2799 -20007 -20010
2800 -19999 -19999
2801 -20011 -20011
2802 -20007 -20005
2803 -20005 -20002
2804 -20008 -20006
2805 -19999 -19978
2806 -20013 -20011
2807 -20028 -20021
2808 -20014 -20016
2809 -20009 -20007
2810 -20021 -20017
2811 -20021 -20018
2812 -20015 -20004
2813 -20017 -20014
2814 -20019 -20012
2815 -20005 -20002
2816 -20007 -20009
2817 -20005 -20001
2818 -20017 -20011
2819 -20016 -20007
2820 -20012 -20000
2821 -20009 -20002
2822 -20012 -20004
2823 -19999 -19997
2824 -20008 -20007
2825 -20012 -20006
2826 -20009 -20006
2827 -20015 -20005
2828 -20010 -20015
2829 -20008 -20000
2830 -20004 -19998
2831 -20014 -20012
2832 -20016 -20013
2833 -20016 -20015
2834 -20014 -20006
2835 -20006 -19999
2836 -20016 -20007
2837 -20047 -20047
2838 -20006 -20001
2839 -20004 -19998
2840 -20006 -20004
2841 -20016 -20012
2842 -2464 -2463
2843 -20037 -20035
2844 -20018 -20010
2845 -20013 -20006
2846 -20015 -20010
2847 -20023 -20026
2848 -20047 -20042
2849 -20008 -19998
2850 -20029 -20032
2851 -20012 -20016
2852 -20034 -20037
2853 -20019 -20009
2854 -19995 -19988
2855 -20020 -20013
2856 -20008 -19997
2857 -20014 -20015
2858 -20013 -20003
2859 -20010 -20006
2860 -20006 -20000
2861 -20015 -20012
2862 -20024 -20022
2863 -20003 -19993
2864 -20008 -20007
2865 -20016 -20006
2866 -20010 -20008
2867 -19999 -19987
2868 -19998 -19997
2869 -20008 -19997
2870 -20013 -20007
2871 -20009 -20008
2872 -20011 -20016
2873 -20017 -20018
2874 -20000 -20004
2875 -19996 -19989
2876 -20009 -19997
2877 -20004 -19994
2878 -20006 -19995
2879 -20005 -20004
2880 -20028 -20032
2881 -20008 -20000
2882 -20006 -20003
2883 -20014 -20012
2884 -20015 -20015
2885 -20007 -20003
2886 -19992 -19976
2887 -20014 -20008
2888 -20039 -20040
2889 -20019 -20019
2890 -20003 -19998
2891 -20003 -19998
2892 -20013 -20002
2893 -20011 -20011
2894 -20014 -20018
2895 -20011 -20009
2896 -20017 -20012
2897 -20019 -20010
2898 -20018 -20018
2899 -20012 -20011
2900 -20010 -20011
2901 -20016 -20013
2902 -19999 -19997
2903 -20007 -19995
2904 -20008 -20007
2905 -20015 -20003
2906 -20001 -20005
2907 -20046 -20042
2908 -20014 -20006
2909 -20013 -20012
2910 -20023 -20023
2911 -20026 -20025
2912 -20007 -20006
2913 -19996 -20003
2914 -20025 -20023
2915 -20039 -20032
2916 -20006 -20002
2917 -20010 -20003
2918 -20042 -20037
2919 -20021 -20016
2920 -20009 -20000
2921 -20008 -19999
2922 -20014 -20011
2923 -20015 -20005
2924 -19997 -19997
2925 -20019 -20017
2926 -20013 -20006
2927 -20024 -20017
2928 -20002 -20003
2929 -20031 -20031
2930 -20019 -20006
2931 -20010 -20015
2932 -20001 -19995
2933 -20021 -20016
2934 -20011 -20004
2935 -20012 -20000
2936 -20014 -20012
2937 -20015 -20007
2938 -20026 -20028
2939 -20011 -20008
2940 -20021 -20022
2941 -20025 -20025
2942 -20015 -20018
2943 -20044 -20042
2944 -20019 -20015
2945 -20027 -20041
2946 -20024 -20013
2947 -20004 -20001
2948 -20012 -20010
2949 -20011 -19998
2950 -20011 -20016
2951 -19996 -19991
2952 -20018 -20020
2953 -20009 -20005
2954 -20016 -20011
2955 -20023 -20022
2956 -20019 -20009
2957 -20007 -20009
2958 -20012 -20003
2959 -20015 -20004
2960 -20016 -20009
2961 -20047 -20038
2962 -20016 -20010
2963 -20013 -20007
2964 -20004 -20000
2965 -20026 -20019
2966 -20012 -20012
2967 -20014 -20002
2968 -20149 -38941
2969 -20002 -19996
2970 -20012 -20005
2971 -20016 -20009
2972 -20054 -20042
2973 -19998 -20001
2974 -20022 -20015
2975 -20018 -20012
2976 -20014 -20004
2977 -20044 -20041
2978 -20013 -20011
2979 -20016 -20009
2980 -20010 -20002
2981 -20008 -20000
2982 -20003 -20000
2983 -20030 -20026
2984 -20009 -19998
2985 -20010 -20014
2986 -20048 -20047
2987 -19996 -19995
2988 -20014 -20016
2989 -20025 -20017
2990 -20043 -20044
2991 -20010 -20009
2992 -20009 -20005
2993 -20002 -19997
2994 -20024 -20012
2995 -20004 -20002
2996 -20017 -20008
2997 -20015 -20008
2998 -20022 -20024
2999 -20013 -20000
3000 -20039 -20034
3001 -20019 -20023
3002 -20007 -20009
3003 -20018 -20024
3004 -20085 -20082
3005 -20049 -20052
3006 -20011 -20009
3007 -20020 -20021
3008 -20016 -20022
3009 -20011 -19997
3010 -20001 -20000
3011 -20022 -20017
3012 -20013 -20007
3013 -20075 -20070
3014 -19998 -20004
3015 -20050 -20056
3016 -20042 -20040
3017 -20015 -20000
3018 -20000 -19999
3019 -20010 -20011
3020 -20021 -20012
3021 -20020 -20017
3022 -20010 -20014
3023 -20013 -20012
3024 -20013 -20009
3025 -20012 -20011
3026 -20016 -20017
3027 -20015 -20005
3028 -20052 -20021
3029 -20012 -20003
3030 -20003 -19995
3031 -20040 -20044
3032 -20008 -20008
3033 -20012 -20011
3034 -20022 -20021
3035 -20002 -19998
3036 -20040 -20028
3037 -20007 -20010
3038 -20017 -20009
3039 -20007 -20007
3040 -20001 -19995
3041 -20007 -20001
3042 -20010 -20010
3043 -20015 -20015
3044 -20010 -20010
3045 -20005 -20004
3046 -20010 -20011
3047 -20071 -20066
3048 -20018 -20006
3049 -20010 -20005
3050 -20007 -20013
3051 -20008 -20006
3052 -20013 -20008
3053 -20000 -19993
3054 -20014 -20005
3055 -20011 -20017
3056 -20005 -20007
3057 -20008 -20014
3058 -20024 -20019
3059 -20016 -20009
3060 -20014 -20010
3061 -20010 -20005
3062 -20009 -20010
3063 -20009 -20010
3064 -20024 -20027
3065 -20005 -20006
3066 -20000 -19998
3067 -20002 -20000
3068 -20008 -20002
3069 -20015 -19991
3070 -20022 -20032
3071 -20020 -20028
3072 -20018 -20020
3073 -20018 -20009
3074 -20011 -20004
3075 -20005 -20005
3076 -20042 -20042
3077 -20002 -20001
3078 -19964 -19939
3079 -20045 -20041
3080 -20012 -20000
3081 -20004 -20003
3082 -20001 -19997
3083 -20027 -20024
3084 -20002 -19993
3085 -20014 -20005
3086 -20006 -20001
3087 -20017 -20015
3088 -20021 -20015
3089 -20056 -20063
3090 -20010 -20003
3091 -20010 -19997
3092 -20013 -20008
3093 -20034 -20033
3094 -20009 -19990
3095 -20020 -20018
3096 -20012 -20010
3097 -20012 -20012
3098 -20017 -20007
3099 -20004 -20000
3100 -20003 -20001
3101 -20041 -20045
3102 -20041 -20040
3103 -20006 -20002
3104 -20014 -20007
3105 -20010 -20002
3106 -20022 -20015
3107 -20001 -20009
3108 -20000 -19997
3109 -20039 -20035
3110 -20006 -20007
3111 -20023 -20012
3112 -20015 -19999
3113 -20002 -19998
3114 -20027 -20042
3115 -20000 -20003
3116 -20009 -20004
3117 -20011 -19994
3118 -20004 -19992
3119 -20011 -20005
3120 -20010 -20005
3121 -20017 -20014
3122 -20014 -20014
3123 -20040 -20038
3124 -20015 -20003
3125 -20009 -20010
3126 -20017 -20007
3127 -20010 -20005
3128 -20009 -20004
3129 -20009 -20010
3130 -20005 -19998
3131 -20019 -20012
3132 -20039 -20038
3133 -20049 -20060
3134 -20009 -20006
3135 -20007 -19997
3136 -20016 -20009
3137 -20009 -20007
3138 -20005 -20013
3139 -20031 -20022
3140 -20008 -19994
3141 -20003 -19995
3142 -20012 -20008
3143 -20022 -20022
3144 -20009 -20009
3145 -20001 -20000
3146 -20002 -19999
3147 -20006 -20006
3148 -20014 -20008
3149 -20018 -20012
3150 -20021 -20023
3151 -20012 -20017
3152 -20020 -20018
3153 -20022 -20024
3154 -20016 -20007
3155 -20007 -19993
3156 -20003 -19993
3157 -20011 -20012
3158 -20016 -20011
3159 -20044 -20045
3160 -20021 -20021
3161 -19998 -19991
3162 -20011 -20001
3163 -20000 -20005
3164 -20013 -20001
3165 -20017 -20017
3166 -20007 -20007
3167 -20013 -20012
3168 -20024 -20019
3169 -20017 -20011
3170 -20015 -20007
3171 -20018 -20013
3172 -20004 -19994
3173 -20018 -20018
3174 -20012 -19997
3175 -20006 -19998
3176 -20002 -20001
3177 -20013 -20015
3178 -20008 -20000
3179 -20009 -20000
3180 -20031 -20027
3181 -20005 -20014
3182 -20002 -20007
3183 -20016 -20011
3184 -20013 -20005
3185 -20024 -20014
3186 -20000 -20001
3187 -20019 -20022
3188 -19995 -19995
3189 -20017 -20016
3190 -20016 -20012
3191 -20024 -20017
3192 -20003 -19999
3193 -20022 -20031
3194 -20030 -20034
3195 -20020 -20010
3196 -20014 -20008
3197 -20001 -19999
3198 -20007 -20003
3199 -20019 -20012
3200 -19996 -19991
3201 -20026 -20020
3202 -20011 -20004
3203 -19997 -19995
3204 -20004 -19999
3205 -20008 -19997
3206 -20010 -19997
3207 -20010 -20002
3208 -20003 -19999
3209 -20018 -20020
3210 -20041 -20030
3211 -20014 -19998
3212 -20020 -20007
3213 -20013 -20002
3214 -20015 -20009
3215 -20017 -20008
3216 -20034 -20028
3217 -20004 -20000
3218 -20046 -20049
3219 -20019 -20015
3220 -20009 -19992
3221 -20022 -20018
3222 -20036 -20032
3223 -20005 -20003
3224 -20025 -20029
3225 -20010 -20003
3226 -20007 -20001
3227 -20020 -20021
3228 -20010 -20009
3229 -20020 -20014
3230 -20006 -20006
3231 -20003 -19994
3232 -20019 -20022
3233 -20020 -20010
3234 -20009 -20013
3235 -20010 -20001
3236 -20013 -20010
3237 -20090 -20093
3238 -20017 -20008
3239 -20010 -20008
3240 -20017 -20009
3241 -20003 -20003
3242 -20019 -20013
3243 -20009 -20008
3244 -20027 -20020
3245 -20041 -20043
3246 -20020 -20018
3247 -20013 -19999
3248 -20042 -20047
3249 -20010 -20002
3250 -20014 -20017
3251 -20013 -20015
3252 -20048 -20046
3253 -20005 -20003
3254 -20026 -20013
3255 -20010 -20008
3256 -20012 -20007
3257 -20026 -20035
3258 -20010 -20005
3259 -20017 -20007
3260 -20018 -20009
3261 -20008 -20002
3262 -20024 -20027
3263 -20001 -19992
3264 -20010 -20006
3265 -20004 -20003
3266 -20013 -20020
3267 -20003 -20013
3268 -20014 -20002
3269 -20018 -20011
3270 -20002 -20004
3271 -20019 -20012
3272 -19998 -19998
3273 -20008 -19989
3274 -20015 -20013
3275 -20005 -20004
3276 -20006 -20001
3277 -20022 -20020
3278 -20016 -20011
3279 -20025 -20018
3280 -20008 -20016
3281 -20001 -19996
3282 -20018 -20011
3283 -20016 -20011
3284 -20016 -20015
3285 -20012 -19998
3286 -20014 -20009
3287 -20014 -20007
3288 -20015 -20017
3289 -20020 -20018
3290 -20009 -19998
3291 -20014 -20005
3292 -20023 -20025
3293 -20007 -20003
3294 -20002 -19998
3295 -20009 -20007
3296 -20028 -20033
3297 -20007 -20007
3298 -20019 -20012
3299 -20021 -20016
3300 -20008 -20010
3301 -20023 -20014
3302 -20024 -20025
3303 -20002 -20001
3304 -20002 -20007
3305 -20030 -20031
3306 -20001 -19997
3307 -20000 -19997
3308 -20002 -19994
3309 -20032 -20033
3310 -20014 -20008
3311 -20006 -20003
3312 -20044 -20038
3313 -20017 -20003
3314 -20014 -20009
3315 -20024 -20033
3316 -20003 -20004
3317 -20011 -20010
3318 -20015 -20008
3319 -19996 -19991
3320 -19961 -19965
3321 -20003 -20000
3322 -20008 -20003
3323 -20020 -20016
3324 -20013 -20013
3325 -20009 -20015
3326 -20006 -19997
3327 -20009 -20011
3328 -20020 -20011
3329 -20014 -20009
3330 -20044 -20044
3331 -20006 -19998
3332 -20015 -20010
3333 -19999 -20002
3334 -20012 -20004
3335 -20024 -20028
3336 -20003 -20002
3337 -20038 -20030
3338 -20012 -20010
3339 -20044 -20040
3340 -20011 -20006
3341 -20014 -20014
3342 -20014 -20000
3343 -20010 -19997
3344 -20008 -20007
3345 -20017 -20009
3346 -20038 -20030
3347 -20014 -20019
3348 -20019 -20014
3349 -20024 -20020
3350 -20001 -19994
3351 -20012 -20009
3352 -20015 -20017
3353 -19997 -19994
3354 -20004 -20005
3355 -20008 -20005
3356 -19994 -20001
3357 -20013 -20010
3358 -20009 -20002
3359 -20007 -20004
3360 -20020 -20014
3361 -19995 -19983
3362 -20024 -20026
3363 -20035 -20030
3364 -20011 -20011
3365 -20019 -20007
3366 -20006 -20000
3367 -20023 -20019
3368 -20018 -20002
3369 -20017 -20006
3370 -20012 -20000
3371 -20009 -20010
3372 -20014 -20014
3373 -20024 -20007
3374 -20024 -20023
3375 -20004 -20010
3376 -20041 -20042
3377 -20035 -20028
3378 -20013 -20006
3379 -20016 -20015
3380 -20017 -20011
3381 -20017 -20007
3382 -20039 -20038
3383 -20019 -20010
3384 -20015 -20013
3385 -20008 -20006
3386 -20000 -19998
3387 -20010 -20008
3388 -20022 -20011
3389 -19995 -19991
3390 -20023 -20035
3391 -20012 -20011
3392 -20044 -20042
3393 -20024 -20015
3394 -20019 -20015
3395 -20028 -20032
3396 -20016 -20004
3397 -20001 -20001
3398 -20016 -20008
3399 -20018 -20013
3400 -20014 -20005
3401 -20005 -20006
3402 -20013 -20008
3403 -20036 -20029
3404 -20010 -20015
3405 -20006 -20005
3406 -20013 -20022
3407 -20014 -20018
3408 -20005 -20004
3409 -19973 -19960
3410 -20003 -20004
3411 -20040 -20033
3412 -20018 -20024
3413 -20022 -20013
3414 -20020 -20014
3415 -20045 -20046
3416 -20003 -20001
3417 -20015 -20016
3418 -20022 -20016
3419 -20009 -20007
3420 -20000 -20001
3421 -20024 -20035
3422 -19999 -19998
3423 -20005 -20005
3424 -20018 -20016
3425 -20009 -20005
3426 -20020 -20023
3427 -20038 -20041
3428 -20004 -19995
3429 -20007 -20008
3430 -20019 -20021
3431 -20008 -20013
3432 -20019 -20014
3433 -20019 -20011
3434 -20007 -20007
3435 -20000 -19997
3436 -20020 -20019
3437 -20038 -20037
3438 -20007 -20000
3439 -20003 -19999
3440 -20015 -20016
3441 -20030 -20023
3442 -20043 -20037
3443 -20028 -20035
3444 -20002 -20005
3445 -20010 -20001
3446 -20011 -20011
3447 -20012 -20012
3448 -20015 -20017
3449 -20018 -20010
3450 -20009 -19998
3451 -20006 -20006
3452 -20009 -20009
3453 -20006 -20004
3454 -20040 -20035
3455 -20016 -20006
3456 -20004 -20006
3457 -20017 -20008
3458 -20012 -20014
3459 -20016 -20013
3460 -20018 -20009
3461 -20013 -20005
3462 -20014 -20020
3463 -20009 -20007
3464 -20007 -20005
3465 -20028 -20022
3466 -20010 -20009
3467 -20010 -19996
3468 -20002 -19990
3469 -20015 -20005
3470 -20009 -20009
3471 -20043 -20028
3472 -20010 -20008
3473 -20010 -20004
3474 -20012 -20012
3475 -5947 -5939
3476 -20014 -20012
3477 -20015 -20016
3478 -20007 -20001
3479 -20010 -20007
3480 -20010 -19999
3481 -20031 -20036
3482 -20005 -19998
3483 -20014 -20010
3484 -20039 -20039
3485 -20013 -20010
3486 -19999 -19993
3487 -20016 -20008
3488 -20015 -20009
3489 -20013 -20011
3490 -20009 -20003
3491 -20008 -20003
3492 -20020 -20010
3493 -20021 -20013
3494 -20001 -19998
3495 -19994 -19986
3496 -20010 -20006
3497 -20012 -20012
3498 -20000 -19988
3499 -20028 -20013
3500 -20007 -20001
3501 -20016 -20007
3502 -20018 -20010
3503 -20015 -20007
3504 -20013 -20010
3505 -20014 -20012
3506 -20017 -20012
3507 -20018 -20006
3508 -20018 -20020
3509 -20006 -20011
3510 -20041 -20039
3511 -20012 -20013
3512 -20008 -19999
3513 -20008 -20000
3514 -20006 -20000
3515 -20021 -20034
3516 -20013 -20011
3517 -20007 -20001
3518 -20017 -20009
3519 -20009 -20016
3520 -20023 -20015
3521 -20016 -20007
3522 -20003 -20007
3523 -20007 -20004
3524 -20001 -19992
3525 -20016 -20016
3526 -20021 -20024
3527 -20012 -20007
3528 -20013 -20014
3529 -20005 -20002
3530 -20019 -20006
3531 -20013 -20007
3532 -20011 -20010
3533 -20003 -20000
3534 -20006 -19999
3535 -20010 -20003
3536 -20004 -19995
3537 -20013 -20012
3538 -20047 -20034
3539 -20019 -20013
3540 -20012 -20005
3541 -20003 -20002
3542 -20002 -20000
3543 -20039 -20026
3544 -20013 -20008
3545 -20017 -20010
3546 -20021 -20013
3547 -20019 -20019
3548 -20016 -20003
3549 -19998 -20001
3550 -20018 -20010
3551 -20014 -20008
3552 -20012 -20008
3553 -20007 -20007
3554 -20037 -20033
3555 -20011 -20006
3556 -20006 -19996
3557 -20009 -20002
3558 -20002 -20000
3559 -20031 -20034
3560 -20016 -20011
3561 -20005 -20005
3562 -20018 -20020
3563 -20023 -20020
3564 -20011 -20005
3565 -20004 -20003
3566 -20007 -19996
3567 -20017 -20011
3568 -20015 -20011
3569 -20007 -20005
3570 -20004 -20007
3571 -20055 -20052
3572 -20008 -20000
3573 -20015 -20008
3574 -20015 -20013
3575 -20008 -19999
3576 -20020 -20015
3577 -20020 -20015
3578 -20010 -20009
3579 -20012 -20005
3580 -20005 -20006
3581 -20009 -20011
3582 -20019 -20009
3583 -20002 -19996
3584 -20022 -20023
3585 -20011 -20006
3586 -20003 -19999
3587 -20014 -20011
3588 -20020 -20018
3589 -20006 -19997
3590 -20037 -20040
3591 -20023 -20029
3592 -20014 -20009
3593 -20005 -20002
3594 -20016 -20007
3595 -20022 -20022
3596 -20067 -20057
3597 -20007 -20004
3598 -20009 -20007
3599 -19999 -19997
3600 -20013 -20019
3601 -20025 -20024
3602 -20018 -20013
3603 -20019 -20009
3604 -20051 -20044
3605 -20007 -20005
3606 -19988 -19975
3607 -20016 -20012
3608 -20011 -20004
3609 -20002 -19988
3610 -20018 -20008
3611 -20028 -20033
3612 -20036 -20030
3613 -20034 -20033
3614 -20008 -20002
3615 -20004 -19999
3616 -20024 -20016
3617 -20009 -20004
3618 -20008 -20014
3619 -20020 -20018
3620 -20063 -20062
3621 -20013 -20012
3622 -20013 -20000
3623 -20016 -20023
3624 -20036 -20023
3625 -20011 -20002
3626 -19996 -19995
3627 -20018 -20009
3628 -20012 -20020
3629 -20013 -20008
3630 -20041 -20037
3631 -20005 -20002
3632 -20008 -19998
3633 -20041 -20045
3634 -20013 -20013
3635 -20018 -20016
3636 -20023 -20030
3637 -20012 -20006
3638 -20008 -20000
3639 -20025 -20019
3640 -20005 -20009
3641 -20020 -20009
3642 -20006 -19998
3643 -20019 -20018
3644 -20009 -19997
3645 -20012 -20013
3646 -20007 -20002
3647 -20019 -20015
3648 -20050 -20041
3649 -20014 -20015
3650 -20005 -20006
3651 -20009 -20016
3652 -20018 -20019
3653 -20023 -20018
3654 -20013 -20015
3655 -20019 -20006
3656 -20000 -19995
3657 -20011 -20001
3658 -20044 -20042
3659 -20011 -20010
3660 -20005 -20003
3661 -20013 -20014
3662 -20018 -20006
3663 -20010 -20013
3664 -20012 -20005
3665 -20032 -20027
3666 -20007 -20002
3667 -20006 -20010
3668 -20009 -20001
3669 -20016 -20004
3670 -20017 -20018
3671 -20003 -20006
3672 -20026 -20025
3673 -20012 -20015
3674 -20004 -19995
3675 -20021 -20021
3676 -20007 -19997
3677 -20002 -20004
3678 -20011 -20009
3679 -19987 -19982
3680 -19999 -19990
3681 -20004 -19996
3682 -20004 -20000
3683 -20018 -20014
3684 -20007 -20000
3685 -20014 -20005
3686 -20005 -20004
3687 -20020 -20012
3688 -20018 -20020
3689 -19996 -19996
3690 -20014 -20014
3691 -20011 -20004
3692 -20015 -20008
3693 -20017 -20009
3694 -20012 -20005
3695 -20016 -20009
3696 -20013 -20006
3697 -20011 -20004
3698 -20024 -20021
3699 -20015 -20007
3700 -20013 -19994
3701 -20007 -19996
3702 -20041 -20034
3703 -20021 -20014
3704 -20013 -20005
3705 -20014 -20014
3706 -20007 -20011
3707 -20014 -20007
3708 -20016 -20006
3709 -20015 -20006
3710 -20024 -20034
3711 -20015 -20002
3712 -20016 -20009
3713 -20016 -20014
3714 -20019 -20004
3715 -20010 -19999
3716 -20018 -20017
