0 -21212 -57601
1 -21218 -57601
2 -21212 -57601
3 -21215 -57601
4 -21215 -57601
5 -21216 -57601
6 -21215 -57601
7 -21217 -57601
8 -21215 -57601
9 -21215 -57601
10 -21208 -57601
11 -21217 -57601
12 -21215 -57601
13 -21212 -57601
14 -21212 -57601
15 -21215 -57601
16 -21219 -57601
17 -21216 -57601
18 -21221 -57601
19 -21217 -57601
20 -21217 -57601
21 -21215 -57601
22 -21214 -57601
23 -21264 -57601
24 -21211 -57601
25 -21215 -57601
26 -21215 -57601
27 -21215 -57601
28 -21219 -57601
29 -21216 -57601
30 -21211 -57601
31 -21215 -57601
32 -21221 -57601
33 -21216 -57601
34 -21214 -57601
35 -21226 -57601
36 -21214 -57601
37 -21217 -57601
38 -21217 -57601
39 -21221 -57601
40 -21212 -57601
41 -21214 -57601
42 -21214 -57601
43 -21213 -57601
44 -21216 -57601
45 -21220 -57601
46 -21213 -57601
47 -21215 -57601
48 -21217 -57601
49 -21213 -57601
50 -21215 -57601
51 -21218 -57601
52 -21219 -57601
53 -21215 -57601
54 -21214 -57601
55 -21221 -57601
56 -21217 -57601
57 -21234 -57601
58 -21220 -57601
59 -21213 -57601
60 -21218 -57601
61 -21214 -57601
62 -21213 -57601
63 -21214 -57601
64 -21211 -57601
65 -21212 -57601
66 -21225 -57601
67 -21214 -57601
68 -21217 -57601
69 -21219 -57601
70 -21218 -57601
71 -21214 -57601
72 -21220 -57601
73 -21215 -57601
74 -21221 -57601
75 -21217 -57601
76 -21218 -57601
77 -21217 -57601
78 -21216 -57601
79 -21215 -57601
80 -21212 -57601
81 -21215 -57601
82 -21227 -57601
83 -21219 -57601
84 -21220 -57601
85 -21217 -57601
86 -21214 -57601
87 -21216 -57601
88 -21215 -57601
89 -21216 -57601
90 -21219 -57601
91 -21216 -57601
92 -21215 -57601
93 -21212 -57601
94 -21221 -57601
95 -21217 -57601
96 -21216 -57601
97 -21216 -57601
98 -21213 -57601
99 -21217 -57601
100 -21221 -57601
101 -21211 -57601
102 -21218 -57601
103 -21215 -57601
104 -21214 -57601
105 -21740 -57601
106 -21215 -57601
107 -21218 -57601
108 -21216 -57601
109 -21215 -57601
110 -21220 -57601
111 -21226 -57601
112 -21215 -57601
113 -21215 -57601
114 -21216 -57601
115 -21215 -57601
116 -21216 -57601
117 -21216 -57601
118 -21215 -57601
119 -21221 -57601
120 -21219 -57601
121 -21217 -57601
122 -21214 -57601
123 -21217 -57601
124 -21214 -57601
125 -21218 -57601
126 -21213 -57601
127 -21221 -57601
128 -21213 -57601
129 -21216 -57601
130 -21216 -57601
131 -21216 -57601
132 -21213 -57601
133 -21216 -57601
134 -21216 -57601
135 -21213 -57601
136 -21215 -57601
137 -21219 -57601
138 -21209 -57601
139 -21217 -57601
140 -21224 -57601
141 -21225 -57601
142 -21215 -57601
143 -21216 -57601
144 -21218 -57601
145 -21225 -57601
146 -21215 -57601
147 -21219 -57601
148 -21215 -57601
149 -21213 -57601
150 -21218 -57601
151 -21211 -57601
152 -21217 -57601
153 -21210 -57601
154 -21215 -57601
155 -21214 -57601
156 -21213 -57601
157 -21216 -57601
158 -21218 -57601
159 -21213 -57601
160 -21217 -57601
161 -21213 -57601
162 -21212 -57601
163 -21217 -57601
164 -21218 -57601
165 -21216 -57601
166 -21218 -57601
167 -21213 -57601
168 -21218 -57601
169 -21214 -57601
170 -21214 -57601
171 -21211 -57601
172 -21214 -57601
173 -21215 -57601
174 -21220 -57601
175 -21216 -57601
176 -21215 -57601
177 -21218 -57601
178 -21214 -57601
179 -21218 -57601
180 -21211 -57601
181 -21216 -57601
182 -21218 -57601
183 -21218 -57601
184 -21214 -57601
185 -21216 -57601
186 -21216 -57601
187 -21214 -57601
188 -21213 -57601
189 -21217 -57601
190 -21212 -57601
191 -21210 -57601
192 -21215 -57601
193 -21209 -57601
194 -21214 -57601
195 -21217 -57601
196 -21219 -57601
197 -21219 -57601
198 -21217 -57601
199 -21219 -57601
200 -21222 -57601
201 -21214 -57601
202 -21217 -57601
203 -21215 -57601
204 -21216 -57601
205 -21214 -57601
206 -21216 -57601
207 -21213 -57601
208 -21214 -57601
209 -21217 -57601
210 -21216 -57601
211 -21245 -57601
212 -21216 -57601
213 -21215 -57601
214 -21218 -57601
