0 -20016 -20001
1 -20023 -20012
2 -20044 -20053
3 -20008 -20001
4 -20002 -19998
5 -20020 -20023
6 -20006 -20000
7 -20015 -20012
8 -20005 -20009
9 -20015 -20018
10 -20012 -20017
11 -20025 -20036
12 -20013 -20004
13 -20006 -19997
14 -20039 -20034
15 -19993 -19984
16 -19995 -19994
17 -20009 -20010
18 -20014 -20010
19 -20010 -20007
20 -20013 -20010
21 -20007 -20001
22 -20002 -19982
23 -20010 -20003
24 -20022 -20015
25 -20015 -20014
26 -20010 -19993
27 -20015 -20004
28 -20006 -20009
29 -20002 -19996
30 -20005 -20004
31 -20050 -20052
32 -20019 -20020
33 -20013 -20008
34 -20009 -20003
35 -20000 -19987
36 -19994 -19993
37 -20011 -20004
38 -20008 -20006
39 -20000 -19994
40 -20021 -20022
41 -20010 -20004
42 -19999 -19996
43 -20012 -20008
44 -20008 -20001
45 -20037 -20024
46 -20014 -20016
47 -20024 -20026
48 -20018 -20024
49 -20005 -20000
50 -20009 -19998
51 -20008 -20012
52 -20011 -20010
53 -20004 -20003
54 -20051 -20051
55 -20033 -20018
56 -19991 -19987
57 -20018 -20011
58 -19993 -19985
59 -20004 -20001
60 -20013 -20000
61 -20003 -19997
62 -19998 -19994
63 -20067 -20069
64 -20013 -20016
65 -20014 -20008
66 -20012 -20004
67 -20011 -20020
68 -20009 -20010
69 -20003 -20002
70 -20040 -20033
71 -20005 -20002
72 -20012 -20008
73 -20029 -20020
74 -20020 -20020
75 -20010 -20007
76 -20019 -20012
77 -20011 -20009
78 -20007 -20010
79 -20007 -20004
80 -20039 -20039
81 -20010 -20012
82 -20012 -20010
83 -20012 -20016
84 -20016 -20013
85 -20020 -20019
86 -20019 -20014
87 -20019 -20017
88 -20014 -20011
89 -20042 -20044
90 -20016 -20009
91 -19995 -19984
92 -20010 -20004
93 -20006 -20008
94 -20020 -20012
95 -20013 -20017
96 -20019 -20021
97 -20019 -20014
98 -20013 -20010
99 -20009 -19994
100 -20002 -20009
101 -19998 -19992
102 -20017 -20012
103 -20009 -20014
104 -20015 -20014
105 -20025 -20033
106 -20018 -20016
107 -19995 -19991
108 -19981 -19967
109 -20000 -19996
110 -20020 -20021
111 -20048 -20052
112 -20010 -20009
113 -20012 -20008
114 -20013 -20017
115 -20001 -19997
116 -20015 -20010
117 -20000 -19991
118 -19995 -19999
119 -20017 -20010
120 -20005 -19996
121 -20035 -20028
122 -20027 -20017
123 -20005 -19998
124 -20005 -19993
125 -20005 -19995
126 -20037 -20026
127 -20036 -20035
128 -20013 -20003
129 -20012 -20009
130 -20018 -20022
131 -20017 -20012
132 -20018 -20015
133 -20000 -19998
134 -20060 -20069
135 -20015 -20021
136 -20011 -20013
137 -20010 -20008
138 -20012 -20002
139 -20014 -20000
140 -20012 -20010
141 -20017 -20009
142 -20005 -20004
143 -20008 -19998
144 -20001 -20001
145 -20036 -20040
146 -20018 -20015
147 -20004 -20010
148 -20011 -20001
149 -20014 -20010
150 -20013 -20012
151 -20041 -20034
152 -20008 -20003
153 -20021 -20031
154 -20007 -20006
155 -20003 -19996
156 -20008 -20006
157 -20011 -20001
158 -20013 -20006
159 -20006 -19998
160 -20018 -20014
161 -20013 -20011
162 -19996 -19994
163 -20002 -20001
164 -20014 -20011
165 -20016 -20015
166 -20000 -19989
167 -20019 -20017
168 -20003 -20007
169 -20017 -20013
170 -20015 -20012
171 -20008 -20005
172 -19994 -19991
173 -20021 -20023
174 -19998 -20004
175 -20017 -20014
176 -20009 -20002
177 -20016 -20011
178 -20014 -20010
179 -20018 -20011
180 -19993 -19987
181 -20014 -20001
182 -20008 -19996
183 -20007 -20003
184 -19999 -19997
185 -20004 -20004
186 -20007 -20005
187 -20023 -20011
188 -20008 -20003
189 1018 1017
190 -20012 -20012
191 -20012 -19992
192 -19981 -19982
193 -20006 -20006
194 -20045 -20041
195 -20011 -20000
196 -20003 -19995
197 -20018 -20014
198 -20015 -20012
199 -20010 -20002
200 -20038 -20047
201 -19989 -19989
202 -20008 -20002
203 -20011 -20008
204 -20013 -20002
205 -20000 -20003
206 -20009 -20009
207 -20013 -20009
208 -20022 -20027
209 -19989 -19984
210 -19957 -19953
211 -20021 -20021
212 -20012 -20006
213 -20005 -20007
214 -20006 -20006
215 -20023 -20017
216 -19997 -19992
217 -20001 -20002
218 -20035 -20031
219 -20013 -20006
220 -20010 -20006
221 -19998 -20000
222 -20035 -20035
223 -20019 -20000
224 -20036 -20031
225 -20023 -20020
226 -20034 -20033
227 -19995 -19995
228 -20037 -20030
229 -20042 -20037
230 -20000 -19997
231 -20010 -20015
232 -20016 -20000
233 -20003 -20001
234 -20063 -20058
235 -20012 -20006
236 -20016 -20005
237 -20008 -20007
238 -20008 -20005
239 -20017 -20015
240 -20015 -20011
241 -20011 -20004
242 -20008 -20001
243 -20016 -20013
244 -20031 -20031
245 -20008 -20000
246 -20009 -19999
247 -20018 -20014
248 -20002 -19992
249 -20011 -20009
250 -20015 -20006
251 -19973 -19968
252 -20007 -19993
253 -19999 -19996
254 -19997 -19991
255 -19998 -19996
256 -19994 -19991
257 -20019 -20013
258 -20026 -20025
259 -20050 -20044
260 -20011 -20015
261 -20012 -20001
262 -20006 -20004
263 -20027 -20024
264 -20007 -19996
265 -20022 -20023
266 -20015 -20018
267 -20015 -20007
268 -20016 -20005
269 -20001 -19996
270 -20009 -20005
271 -20005 -19998
272 -20003 -19997
273 -20004 -20004
274 -20010 -20018
275 -20017 -20011
276 -20026 -20025
277 -20016 -20021
278 -20008 -19999
279 -20004 -19996
280 -20018 -20011
281 -20013 -20004
282 -20028 -20027
283 -20004 -20009
284 -20011 -20005
285 -20011 -20014
286 -20018 -20015
287 -20050 -20048
288 -20000 -19992
289 -20008 -19999
290 -20011 -20007
291 -20020 -20013
292 -19999 -19996
293 -19997 -19999
294 -20006 -20002
295 -20015 -20010
296 -20016 -20015
297 -20004 -19999
298 -19995 -20000
299 -20002 -19997
300 -20006 -19988
301 -20022 -20013
302 -20007 -20004
303 -20012 -20012
304 -20007 -19997
305 -19997 -19994
306 -20040 -20032
307 -20039 -20033
308 -20032 -20025
309 -20019 -20013
310 -20021 -20016
311 -20011 -20005
312 -20015 -20013
313 -19986 -19965
314 -20004 -19995
315 -20016 -20010
316 -20012 -20012
317 -20041 -20041
318 -20013 -20013
319 -20018 -20009
320 -20009 -20011
321 -20011 -20007
322 -20043 -20040
323 -20007 -20005
324 -19985 -19968
325 -20003 -19996
326 -19964 -19962
327 -20014 -20002
328 -20015 -20006
329 -20011 -20005
330 -20018 -20018
331 -19997 -19993
332 -20011 -20006
333 -20015 -20008
334 -20004 -19994
335 -20038 -20036
336 -20008 -20009
337 -20008 -20007
338 -19992 -19984
339 -20027 -20017
340 -20007 -20004
341 -20000 -19992
342 -20014 -20013
343 -20017 -20017
344 -20006 -19999
345 -19998 -19995
346 -20009 -19996
347 -20013 -20006
348 -20002 -19997
349 -19995 -19990
350 -20009 -20008
351 -20015 -20012
352 -20006 -20011
353 -20014 -20028
354 -20009 -20004
355 -20015 -20012
356 -20012 -20010
357 -20008 -20001
358 -19987 -19971
359 -19988 -19975
360 -19998 -19991
361 -20038 -20033
362 -19998 -19994
363 -20004 -19998
364 -20000 -20000
365 -20010 -20007
366 -20008 -20012
367 -20006 -20001
368 -20011 -20010
369 -20020 -20035
370 -20009 -20008
371 -20005 -19990
372 -20055 -20065
373 -20005 -20002
374 -20009 -19999
375 -20017 -20014
376 -20002 -19994
377 -20018 -20028
378 -19995 -19987
379 -20006 -20000
380 -20015 -20013
381 -20001 -19992
382 -20041 -20041
383 -20002 -20002
384 -20000 -19991
385 -20002 -20001
386 -20000 -20001
387 -20018 -20015
388 -20019 -20018
389 -20019 -20017
390 -20009 -20012
391 -20013 -20013
392 -20016 -20012
393 -20014 -20001
394 -20020 -20016
395 -20005 -19990
396 -19998 -19991
397 -20023 -20009
398 -20042 -20044
399 -20012 -20009
400 -20001 -19992
401 -20012 -20020
402 -20002 -20006
403 -20045 -20046
404 -20012 -20005
405 -20004 -20002
406 -20007 -19997
407 -20007 -20000
408 -20009 -20008
409 -20018 -20013
410 -20020 -20003
411 -20015 -20007
412 -20009 -20013
413 -20018 -20012
414 -20006 -19998
415 -20005 -19996
416 -20014 -20007
417 -20012 -20005
418 -20012 -20010
419 -20014 -20015
420 -19999 -19997
421 -20004 -20004
422 -20006 -19988
423 -20049 -20050
424 -20015 -20026
425 -20005 -20002
426 -20015 -20009
427 -19999 -20002
428 -20001 -19999
429 -20010 -19993
430 -19995 -19980
431 -20006 -20002
432 -20005 -20015
433 -20002 -20000
434 -20015 -20007
435 -20013 -20016
436 -20034 -20028
437 -20012 -20011
438 -20005 -20004
439 -20007 -20008
440 -20002 -19993
441 -20014 -19998
442 -19999 -19991
443 -20006 -19996
444 -20009 -20007
445 -20008 -20007
446 -19993 -19982
447 -20006 -20007
448 -20032 -20023
449 -20012 -20005
450 -20020 -20020
451 -20022 -20022
452 -20024 -20026
453 -20014 -20005
454 -20026 -20033
455 -20048 -20052
456 -20011 -20013
457 -20004 -20000
458 -20021 -20013
459 -20045 -20046
460 -20016 -20017
461 -20016 -19994
462 -20007 -20006
463 -20017 -20018
464 -20014 -20002
465 -20024 -20031
466 -20022 -20023
467 -20013 -20005
468 -20014 -20020
469 -20017 -20017
470 -20006 -20004
471 -20002 -19994
472 -19995 -19989
473 -20005 -19997
474 -20023 -20014
475 -20011 -20007
476 -20001 -19993
477 -20007 -20004
478 -20032 -20031
479 -20015 -20015
480 -20010 -19998
481 -20008 -20002
482 -20013 -20017
483 -20024 -20021
484 -20018 -20026
485 -20016 -20009
486 -20026 -20033
487 -20000 -19997
488 -19999 -20000
489 -20015 -20019
490 -20013 -20004
491 -20011 -20009
492 -20007 -20003
493 -20004 -19995
494 -19999 -19998
495 -19999 -19997
496 -19997 -19996
497 -20021 -20022
498 -20015 -20009
499 -20022 -20022
500 -20013 -20011
501 -20001 -19992
502 -20003 -19994
503 -20007 -20004
504 -20027 -20044
505 -19999 -19994
506 -20010 -20012
507 -20018 -20009
508 -20020 -20019
509 -19998 -19995
510 -20006 -19994
511 -20014 -20012
512 -20008 -20012
513 -20011 -20006
514 -20004 -20008
515 -20001 -20002
516 -20008 -19998
517 -20024 -20021
518 -20008 -19999
519 -20003 -20002
520 -19993 -19976
521 -20017 -20011
522 -20017 -20012
523 -20011 -20009
524 -20012 -20011
525 -20007 -20002
526 -19999 -19987
527 -20000 -20002
528 -20018 -20011
529 -20040 -20033
530 -20021 -20021
531 -20009 -20013
532 -20013 -20013
533 -20013 -19998
534 -20008 -20004
535 -20009 -20002
536 -20006 -19999
537 -20004 -19998
538 -20021 -20014
539 -20009 -20010
540 -20002 -20001
541 -19994 -19995
542 -20016 -20002
543 -20016 -20016
544 -20014 -20019
545 -20006 -20003
546 -20005 -19995
547 -19998 -19997
548 -20013 -20013
549 -20014 -20017
550 -20041 -20034
551 -20012 -20021
552 -20010 -20008
553 -20039 -20037
554 -20004 -20003
555 -19998 -19999
556 -20012 -20007
557 -20014 -20004
558 -20022 -20016
559 -20004 -20005
560 -20009 -20008
561 -20012 -20018
562 -20016 -20003
563 -20010 -19993
564 -20009 -20008
565 -20005 -19994
566 -20003 -20002
567 -20005 -19994
568 -20038 -20028
569 -19995 -19990
570 -20037 -20041
571 -20014 -20004
572 -20015 -20011
573 -20032 -20028
574 -20007 -20007
575 -19991 -19994
576 -20006 -20009
577 -20005 -19998
578 -20005 -20001
579 -20014 -20006
580 -20005 -20002
581 -20008 -20008
582 -19999 -19997
583 -20003 -20002
584 -20015 -20003
585 -20006 -19999
586 -20016 -20026
587 -20017 -20011
588 -20011 -20010
589 -20009 -20005
590 -19998 -19995
591 -20011 -20012
592 -20013 -19997
593 -20005 -20002
594 -20010 -20008
595 -20115 -20084
596 -20015 -20012
597 -20008 -20006
598 -20002 -19999
599 -20017 -20010
600 -20018 -20008
601 -20018 -20019
602 -20005 -20004
603 -20028 -20027
604 -19998 -20002
605 -20008 -19998
606 -20015 -20012
607 -20009 -20005
608 -20016 -20009
609 -20047 -20057
610 -20008 -20006
611 -20000 -19995
612 -20008 -19993
613 -19997 -19995
614 -20031 -20042
615 -19996 -19998
616 -20003 -20004
617 -20002 -19999
618 -20009 -20006
619 -20032 -20027
620 -20046 -20041
621 -20008 -20005
622 -20004 -20004
623 -20023 -20026
624 -20006 -20001
625 -19973 -19969
626 -19996 -19993
627 -20007 -19997
628 -20001 -20001
629 -20015 -20005
630 -20015 -20010
631 -20001 -19999
632 -20004 -19993
633 -20037 -20030
634 -20002 -19995
635 -20051 -20037
636 -20003 -20002
637 -20008 -20000
638 -20004 -20001
639 -20018 -20027
640 -20012 -20017
641 -20001 -19996
642 -20037 -20030
643 -20036 -20028
644 -20000 -19999
645 -20035 -20037
646 -20020 -20014
647 -20002 -20000
648 -20025 -20022
649 -20040 -20042
650 -20036 -20031
651 -20009 -20008
652 -19997 -19998
653 -20018 -20012
654 -20006 -19986
655 -20040 -20036
656 -20015 -20019
657 -19998 -19994
658 -20003 -19998
659 -20011 -20008
660 -20012 -20011
661 -20016 -20008
662 -20009 -20015
663 -20010 -20016
664 -20015 -20001
665 -20001 -20005
666 -20022 -20025
667 -20003 -19996
668 -20013 -20013
669 -19999 -19995
670 -20009 -19999
671 -20011 -20004
672 -20012 -20010
673 -20011 -20005
674 -20015 -20005
675 -20007 -20010
676 -20003 -20006
677 -19998 -19996
678 -20002 -20001
679 -20000 -19998
680 -20064 -20065
681 -20035 -20043
682 -20024 -20020
683 -20010 -20014
684 -20012 -19998
685 -19998 -20002
686 -20011 -20004
687 -20014 -20002
688 -20011 -20007
689 -19999 -19996
690 -20016 -20021
691 -20010 -20004
692 -20020 -20013
693 -20006 -20004
694 -19999 -19997
695 -20012 -20014
696 -20006 -20010
697 -20005 -20003
698 -20008 -19995
699 -20015 -20007
700 -20014 -20004
701 -20021 -20026
702 -19991 -19983
703 -20033 -20033
704 -19998 -19989
705 -20004 -20002
706 -19997 -19998
707 -20022 -20023
708 -20014 -20014
709 -20010 -20009
710 -20020 -20016
711 -20018 -20008
712 -20011 -20001
713 -20016 -20012
714 -20004 -20002
715 -19998 -19998
716 -20012 -20011
717 -20016 -19999
718 -20038 -20038
719 -19994 -19992
720 -20016 -20011
721 -20016 -20017
722 -20021 -20007
723 -20000 -19998
724 -20000 -19991
725 -20021 -19998
726 -20005 -20003
727 -20009 -19996
728 -20011 -20010
729 -20014 -20009
730 -20009 -20002
731 -20013 -20014
732 -20006 -20003
733 -20009 -20001
734 -20012 -20002
735 -20008 -20010
736 -20015 -20014
737 -19990 -19992
738 -20009 -20008
739 -20018 -20021
740 -20007 -20007
741 -20001 -20003
742 -19998 -19997
743 -20005 -20010
744 -20031 -20033
745 -20014 -20008
746 -20035 -20041
747 -20019 -20017
748 -20008 -19998
749 -20015 -20021
750 -20003 -20001
751 -20019 -20017
752 -20002 -19999
753 -20008 -19997
754 -20009 -19996
755 -19999 -20001
756 -20009 -20001
757 -20004 -20003
758 -20008 -20002
759 -20015 -20015
760 -20009 -20006
761 -20015 -20010
762 -20034 -20037
763 -20008 -20009
764 -20010 -20011
765 -20009 -20006
766 -20005 -19994
767 -20013 -20002
768 -20015 -20012
769 -20007 -20004
770 -20013 -20013
771 -20015 -20010
772 -20020 -20016
773 -20008 -20010
774 -20013 -20003
775 -19995 -19995
776 -19998 -19992
777 -20001 -20005
778 -20015 -20016
779 -20006 -20006
780 -20061 -20074
781 -19996 -19990
782 -20011 -20000
783 -20149 -20140
784 -20019 -20015
785 -20021 -20018
786 -20008 -19996
787 -19991 -19993
788 -20003 -19995
789 -20017 -20022
790 -20007 -20005
791 -20006 -20009
792 -20007 -20000
793 -20010 -20004
794 -20037 -20038
795 -20007 -20013
796 -20009 -19997
797 -19994 -19994
798 -20015 -20008
799 -20000 -20003
800 -20016 -19998
801 -19990 -19993
802 -20015 -20007
803 -20011 -19998
804 -20008 -20006
805 -20004 -20000
806 -20011 -20016
807 -20012 -19995
808 -19999 -20002
809 -20015 -20008
810 -20002 -20004
811 -20010 -20008
812 -20014 -20003
813 -20002 -20007
814 -19997 -19998
815 -20012 -20007
816 -20011 -20003
817 -20007 -20002
818 -20072 -20050
819 -20042 -20052
820 -20001 -19992
821 -20009 -19998
822 -20015 -20018
823 -20009 -20011
824 -20013 -20009
825 -20004 -19990
826 -20015 -20017
827 -20007 -20002
828 -20008 -19999
829 -20035 -20028
830 -20016 -19999
831 -20012 -20000
832 -20009 -20004
833 -20011 -20005
834 -20024 -20021
835 -20015 -20012
836 -20008 -19999
837 -20036 -20030
838 -19996 -19995
839 -20002 -19991
840 -20008 -20005
841 -20011 -20003
842 -20038 -20024
843 -19996 -19993
844 -19992 -19995
845 -20012 -20009
846 -20008 -20012
847 -20015 -20020
848 -20002 -20001
849 -20007 -20003
850 -20000 -19999
851 -19967 -19965
852 -20014 -20011
853 -20022 -20018
854 -20007 -19998
855 -19999 -19994
856 -20006 -20005
857 -20020 -20010
858 -20011 -20001
859 -20019 -20022
860 -20007 -20006
861 -20009 -19991
862 -20040 -20037
863 -20013 -20009
864 -20004 -20007
865 -20022 -20023
866 -19999 -19996
867 -20009 -19994
868 -20009 -20005
869 -20013 -20015
870 -20016 -20006
871 -20016 -20027
872 -20036 -20032
873 -20011 -20006
874 -20014 -20011
875 -20011 -19996
876 -20251 -20251
877 -20007 -20008
878 -19996 -19996
879 -20007 -19994
880 -20013 -20010
881 -20009 -19994
882 -20026 -20027
883 -20003 -20004
884 -20002 -19994
885 -20009 -19998
886 -20008 -20002
887 -20009 -20006
888 -20039 -20029
889 -19999 -19987
890 -20013 -20004
891 -20006 -20012
892 -20004 -20000
893 -20017 -20018
894 -20012 -20015
895 -20000 -20003
896 -20016 -20015
897 -20004 -20002
898 -20014 -20019
899 -20018 -20007
900 -20013 -20008
901 -20009 -20008
902 -20038 -20031
903 -20017 -20011
904 -20009 -20000
905 -20017 -20005
906 -20004 -19996
907 -20014 -20006
908 -20000 -19991
909 -20034 -20029
910 -20016 -20011
911 -20010 -20013
912 -20003 -19997
913 -19990 -19990
914 -20003 -20004
915 -20015 -20013
916 -20014 -20011
917 -20005 -20006
918 -20020 -20025
919 -20017 -20014
920 -20013 -20009
921 -20006 -19996
922 -20001 -19993
923 -20007 -20003
924 -20072 -20078
925 -20013 -20008
926 -20040 -20024
927 -20032 -20024
928 -20004 -19996
929 -20001 -19996
930 -20022 -20024
931 -20002 -19989
932 -20002 -20002
933 -20003 -20003
934 -20006 -19999
935 -20009 -20003
936 -20014 -19993
937 -20010 -20004
938 -20013 -20008
939 -19996 -19995
940 -20011 -20004
941 -20021 -20011
942 -20006 -20004
943 -20003 -20004
944 -20013 -20009
945 -20039 -20037
946 -20018 -20011
947 -20020 -20004
948 -20010 -20023
949 -20003 -20013
950 -20003 -20000
951 -20011 -20001
952 -20021 -20022
953 -20013 -20009
954 -20006 -20004
955 -19991 -19985
956 -20010 -20002
957 -20011 -19999
958 -20016 -20019
959 -20009 -19997
960 -20008 -20007
961 -20000 -20004
962 -20015 -20009
963 -20024 -20021
964 -20013 -20005
965 -20004 -20005
966 -20015 -20006
967 -19998 -19978
968 -20018 -20010
969 -20009 -20008
970 -20008 -20006
971 -19999 -19991
972 -20017 -20016
973 -20030 -20021
974 -20006 -20005
975 -20004 -19998
976 -20012 -20015
977 -20010 -20008
978 -20002 -19994
979 -20006 -20007
980 -20017 -20009
981 -20039 -20035
982 -19994 -19989
983 -20000 -20005
984 -20008 -20013
985 -20004 -20002
986 -20021 -20013
987 -20017 -20009
988 -20017 -20001
989 -20000 -20000
990 -20010 -20016
991 -20064 -20062
992 -20008 -19994
993 -20006 -20004
994 -20012 -19994
995 -20000 -19990
996 -20006 -19994
997 -20011 -19999
998 -20031 -20028
999 -20008 -20008
1000 -20010 -20002
1001 -20007 -20010
1002 -19999 -19985
1003 -20018 -20013
1004 -20016 -20004
1005 -20013 -20007
1006 -19990 -19998
1007 -20009 -19999
1008 -20004 -19996
1009 -20019 -20019
1010 -20003 -19999
1011 -20010 -20008
1012 -20014 -20007
1013 -20008 -20012
1014 -20010 -20010
1015 -20009 -19998
1016 -20014 -19995
1017 -20007 -20010
1018 -20018 -20025
1019 -20039 -20034
1020 -20019 -20015
1021 -20001 -20003
1022 -20012 -20002
1023 -20017 -20007
1024 -20001 -19998
1025 -20013 -20007
1026 -20015 -20002
1027 -20019 -20020
1028 -20001 -20000
1029 -20017 -20018
1030 -20007 -19999
1031 -20000 -19998
1032 -19993 -19995
1033 -20011 -20007
1034 -20011 -20006
1035 -20017 -20009
1036 -20013 -20007
1037 -20011 -20006
1038 -20009 -20000
1039 -20011 -20013
1040 -20034 -20018
1041 -20016 -20002
1042 -20008 -19996
1043 -20013 -20006
1044 -20031 -20029
1045 -20017 -20015
1046 -20009 -19998
1047 -20011 -20008
1048 -20006 -20004
1049 -19992 -19986
1050 -20012 -20012
1051 -20011 -20010
1052 -20023 -20030
1053 -20014 -20001
1054 -19999 -19999
1055 -20013 -20007
1056 -19996 -20002
1057 -20021 -20013
1058 -20005 -20008
1059 -20018 -20004
1060 -20016 -20011
1061 -20017 -20009
1062 -20009 -20006
1063 -20010 -20015
1064 -20017 -20017
1065 -19996 -19996
1066 -20017 -20013
1067 -20011 -20024
1068 -20014 -20010
1069 -20014 -20019
1070 -20003 -19992
1071 -20006 -20008
1072 -20003 -19995
1073 -20007 -20006
1074 -20018 -20006
1075 -20016 -20014
1076 -19997 -20000
1077 -19969 -19965
1078 -20016 -20007
1079 -20014 -20004
1080 -20006 -20011
1081 -20022 -20036
1082 -19998 -19996
1083 -20005 -19997
1084 -20012 -20010
1085 -20010 -20010
1086 -20019 -20011
1087 -20038 -20038
1088 -20013 -20007
1089 -20013 -20006
1090 -20016 -20013
1091 -20013 -20017
1092 -20018 -20017
1093 -20012 -20007
1094 -19996 -19991
1095 -20000 -20002
1096 -20009 -20006
1097 -20024 -20020
1098 -20011 -20012
1099 -20016 -20012
1100 -20010 -20011
1101 -20007 -20003
1102 -20013 -20009
1103 -20011 -20008
1104 -20008 -20003
1105 -20018 -20014
1106 -20000 -19996
1107 -20013 -20010
1108 -20006 -19994
1109 -19999 -19998
1110 -19998 -19997
1111 -20022 -20027
1112 -20013 -20012
1113 -20012 -20006
1114 -20024 -20022
1115 -20012 -20008
1116 -19994 -19999
1117 -20006 -20001
1118 -20022 -20024
1119 -20015 -20010
1120 -20013 -20006
1121 -20038 -20033
1122 -20018 -20018
1123 -20039 -20032
1124 -20013 -20005
1125 -20004 -19998
1126 -20024 -20011
1127 -20016 -20014
1128 -19999 -19999
1129 -20002 -19996
1130 -20013 -20008
1131 -20003 -20003
1132 -20037 -20031
1133 -20007 -20004
1134 -20009 -20002
1135 -20014 -20003
1136 -20011 -20005
1137 -20017 -20011
1138 -20003 -19999
1139 -20011 -20007
1140 -19999 -19996
1141 -20008 -20001
1142 -20009 -20005
1143 -20020 -20014
1144 -19994 -19995
1145 -20000 -19998
1146 -19998 -19991
1147 -19999 -19998
1148 -20004 -19996
1149 -20012 -20006
1150 -20018 -20005
1151 -20014 -20009
1152 -20012 -20010
1153 -19999 -19994
1154 -20004 -19999
1155 -20036 -20041
1156 -20004 -20013
1157 -20017 -20012
1158 -19996 -19999
1159 -20040 -20032
1160 -20011 -20011
1161 -20021 -20020
1162 -19997 -19994
1163 -20008 -20007
1164 -20014 -20017
1165 -20010 -20004
1166 -20006 -19990
1167 -20001 -20002
1168 -20007 -20007
1169 -20020 -20024
1170 -20021 -20020
1171 -20032 -20018
1172 -20021 -20017
1173 -20006 -19998
1174 -20000 -19992
1175 -20004 -19997
1176 -20034 -20039
1177 -20037 -20022
1178 -20008 -19998
1179 -20011 -20011
1180 -20020 -20018
1181 -20013 -20010
1182 -20011 -20012
1183 -20006 -20012
1184 -19995 -20008
1185 -20003 -19997
1186 -20013 -20017
1187 -20005 -20000
1188 -19998 -19990
1189 -20009 -20012
1190 -20012 -20010
1191 -20027 -20026
1192 -20011 -20008
1193 -19995 -19985
1194 -20004 -19998
1195 -20001 -19997
1196 -20022 -20020
1197 -20003 -20003
1198 -20003 -20007
1199 -20001 -19994
1200 -20023 -20032
1201 -20011 -20011
1202 -20017 -20019
1203 -20004 -20005
1204 -20021 -20030
1205 -20016 -20016
1206 -20011 -20016
1207 -20005 -20003
1208 -20022 -20015
1209 -20025 -20016
1210 -20047 -20046
1211 -19999 -19986
1212 -20000 -20000
1213 -20018 -20009
1214 -20009 -20008
1215 -20011 -20002
1216 -20035 -20032
1217 -20012 -20006
1218 -20015 -20008
1219 -20007 -20010
1220 -20007 -20002
1221 -20012 -20008
1222 -20007 -20008
1223 -20018 -20014
1224 -20022 -20024
1225 -20010 -20001
1226 -20003 -19990
1227 -20009 -20010
1228 -20009 -20016
1229 -20001 -19998
1230 -19996 -19991
1231 -20007 -20004
1232 -20018 -20011
1233 -20002 -19992
1234 -20008 -20007
1235 -19997 -19996
1236 -20016 -20015
1237 -20001 -20002
1238 -20008 -20001
1239 -20010 -20003
1240 -20002 -19996
1241 -20023 -20026
1242 -20015 -20006
1243 -20007 -19995
1244 -20007 -20004
1245 -20013 -20007
1246 -20008 -19995
1247 -20016 -20012
1248 -20000 -19987
1249 -20014 -20011
1250 -20012 -20009
1251 -20003 -19995
1252 -20010 -20003
1253 -20002 -19997
1254 -19999 -19995
1255 -20000 -20004
1256 -20044 -20041
1257 -20008 -20015
1258 -20017 -20009
1259 -20006 -20003
1260 -20021 -20009
1261 -20007 -20004
1262 -19995 -19994
1263 -20003 -19998
1264 1028 1025
1265 -20040 -20034
1266 -20011 -20004
1267 -20010 -20006
1268 -20017 -20013
1269 -20007 -20003
1270 -20015 -20009
1271 -20007 -20003
1272 -20003 -20003
1273 -20011 -20003
1274 -20079 -20072
1275 -20017 -20015
1276 -20036 -20019
1277 -20018 -20017
1278 -20010 -20011
1279 -20016 -20005
1280 -20004 -20001
1281 -20006 -19995
1282 -20004 -19993
1283 -20007 -20004
1284 -20007 -20003
1285 -20016 -20005
1286 -19999 -20000
1287 -20006 -20007
1288 -20062 -20074
1289 -20013 -20008
1290 -20015 -20005
1291 -20031 -20017
1292 -20029 -20035
1293 -20004 -20001
1294 -20035 -20033
1295 -20020 -20023
1296 -20012 -19994
1297 -20007 -20006
1298 -19997 -19989
1299 -20009 -20001
1300 -20006 -20000
1301 -20008 -20001
1302 -20018 -20012
1303 -20020 -20019
1304 -20012 -20005
1305 -20002 -20003
1306 -20009 -19994
1307 -20000 -19999
1308 -20007 -20010
1309 -20004 -20000
1310 -20008 -20000
1311 -20013 -20013
1312 -20031 -20028
1313 -20000 -20003
1314 -20035 -20036
1315 -20008 -19997
1316 -20017 -20017
1317 -20014 -20006
1318 -20010 -20009
1319 -20006 -19995
1320 -20015 -20012
1321 -20008 -19996
1322 -20012 -20018
1323 -20007 -20001
1324 -20004 -19997
1325 -20036 -20030
1326 -20004 -19997
1327 -20040 -20036
1328 -20005 -20002
1329 -20039 -20030
1330 -20014 -20012
1331 -20017 -20016
1332 -20002 -19995
1333 -20000 -19995
1334 -20018 -20006
1335 -20031 -20029
1336 -20012 -20009
1337 -20016 -20012
1338 -20009 -20004
1339 -19999 -19990
1340 -20002 -19998
1341 -19987 -19980
1342 -20011 -20007
1343 -20024 -20040
1344 -20015 -20011
1345 -20016 -20002
1346 -19999 -19997
1347 -20001 -19993
1348 -20010 -20000
1349 -20010 -20001
1350 -20008 -19997
1351 -20036 -20022
1352 -19999 -19988
1353 -20007 -20003
1354 -20008 -20008
1355 -20005 -20004
1356 -20005 -20007
1357 -19996 -19989
1358 -20010 -20000
1359 -20015 -20014
1360 -20026 -20023
1361 -19998 -19996
1362 -20010 -20010
1363 -20016 -20018
1364 -20005 -19994
1365 -20013 -20003
1366 -20007 -19997
1367 -20019 -20028
1368 -20001 -20008
1369 -20013 -20002
1370 -20007 -19997
1371 -20003 -20001
1372 -20011 -20011
1373 -20004 -20005
1374 -20001 -19998
1375 -20008 -19999
1376 -20007 -19992
1377 -20016 -19999
1378 -20021 -20024
1379 -20015 -20015
1380 -20017 -20022
1381 -20014 -20018
1382 -20004 -20011
1383 -20041 -20038
1384 -20012 -20012
1385 -19995 -19988
1386 -20009 -20004
1387 -20011 -20009
1388 -20000 -20000
1389 -20005 -20000
1390 -20015 -20013
1391 -20036 -20028
1392 -20010 -19995
1393 -20007 -20008
1394 -20012 -20012
1395 -20000 -19992
1396 -20008 -20014
1397 -20000 -20000
1398 -20010 -20006
1399 -19998 -19993
1400 -20032 -20031
1401 -5934 -5935
1402 -20002 -19998
1403 -19980 -19979
1404 -20020 -20024
1405 -19989 -19985
1406 -20030 -20037
1407 -20013 -20010
1408 -20007 -19999
1409 -20017 -20001
1410 -20014 -20017
1411 -20012 -20002
1412 -20012 -20010
1413 -20047 -20048
1414 983 997
1415 -20011 -20008
1416 -20009 -20010
1417 -20005 -20005
1418 -19999 -19987
1419 -20011 -20007
1420 -20007 -20004
1421 -20021 -20027
1422 -20018 -20012
1423 -20006 -19997
1424 -20003 -20007
1425 -20011 -20009
1426 -20018 -20007
1427 -20009 -20004
1428 -20003 -19989
1429 -19998 -19998
1430 -20009 -19999
1431 -20005 -20011
1432 -20041 -20039
1433 -20036 -20036
1434 -20037 -20028
1435 -20009 -20002
1436 -20004 -20001
1437 -19998 -19995
1438 -19992 -19986
1439 -20002 -20001
1440 -20006 -19997
1441 -20016 -20016
1442 -20006 -20006
1443 -20017 -20010
1444 -20019 -20015
1445 -20014 -20010
1446 -19995 -19995
1447 -20002 -19999
1448 -20013 -20006
1449 -20022 -20011
1450 -20009 -20000
1451 -20013 -20008
1452 -20023 -20027
1453 -20001 -19995
1454 -20005 -20005
1455 -20001 -19999
1456 -20015 -20008
1457 -20026 -20029
1458 -20014 -20004
1459 -19997 -19999
1460 -20007 -20007
1461 -20023 -20020
1462 -19997 -19996
1463 -20003 -19996
1464 -20009 -19993
1465 -20016 -20014
1466 -20013 -20014
1467 -20016 -20005
1468 -20014 -20010
1469 -20011 -20006
1470 -20016 -20010
1471 -20011 -20004
1472 -20007 -19996
1473 -20010 -20009
1474 -20008 -20011
1475 -20008 -20001
1476 -20010 -20016
1477 -19997 -19995
1478 -19998 -19996
1479 -20007 -20008
1480 -20020 -20008
1481 -20016 -20007
1482 -20011 -20009
1483 -20012 -20009
1484 -20006 -20009
1485 -20006 -20014
1486 -19996 -19999
1487 -20017 -20020
1488 -20041 -20030
1489 -20021 -20016
1490 -20005 -19995
1491 -20012 -20008
1492 -20007 -20003
1493 -20020 -20001
1494 -20014 -20011
1495 -20012 -20010
1496 -20014 -20010
1497 -20040 -20037
1498 -20015 -20011
1499 -20007 -20005
1500 -19999 -19980
1501 -20015 -20013
1502 -20032 -20045
1503 -20039 -20033
1504 -20005 -19995
1505 -19999 -19991
1506 -20015 -20003
1507 -20012 -20002
1508 -20011 -20001
1509 -20022 -20020
1510 -20008 -20000
1511 -20011 -20007
1512 -20013 -20008
1513 -20043 -20030
1514 -20012 -20009
1515 -20012 -20009
1516 -20004 -20001
1517 -20003 -20002
1518 -20002 -19999
1519 -20014 -20015
1520 -20006 -19997
1521 -20015 -20011
1522 -20016 -20009
1523 -20019 -20016
1524 -20019 -20022
1525 -19994 -19994
1526 -20013 -20013
1527 -20045 -20035
1528 -20002 -20002
1529 -20013 -20007
1530 -20005 -20003
1531 -20005 -19995
1532 -20016 -20015
1533 -20027 -20033
1534 -19993 -19989
1535 -20011 -19998
1536 -20015 -20015
1537 -20008 -20004
1538 -20014 -20003
1539 -20009 -20009
1540 -20018 -20014
1541 -20014 -20003
1542 -20002 -19999
1543 -20015 -20009
1544 -19999 -19998
1545 -20014 -20010
1546 -20020 -20014
1547 -20007 -20001
1548 -20011 -19997
1549 -20011 -20012
1550 -20012 -20008
1551 -20005 -20000
1552 -19995 -19999
1553 -20007 -20005
1554 -20022 -20012
1555 -20004 -20008
1556 -20005 -20003
1557 -20004 -19991
1558 -20008 -20006
1559 -20012 -20004
1560 -19990 -19988
1561 -20015 -20006
1562 -20017 -20011
1563 -19995 -19990
1564 -20008 -20004
1565 -20110 -20103
1566 -20036 -20034
1567 -19998 -19995
1568 -20010 -20015
1569 -20015 -20006
1570 -20014 -20009
1571 -19977 -19965
1572 -20020 -20015
1573 -20000 -19995
1574 -20009 -20014
1575 -20009 -20014
1576 -20015 -20008
1577 -19998 -19989
1578 -20020 -20011
1579 -20040 -20034
1580 -19996 -19986
1581 -20009 -19999
1582 -20006 -20005
1583 -20001 -20000
1584 -19993 -19990
1585 -20000 -20003
1586 -20005 -20002
1587 -19994 -19993
1588 -20014 -20001
1589 -20012 -19997
1590 -19997 -19994
1591 -20002 -19998
1592 -20014 -20002
1593 -20005 -20000
1594 -20011 -20008
1595 -20001 -20008
1596 -20018 -20008
1597 -20005 -20001
1598 -20011 -20008
1599 -20016 -20012
1600 -20014 -20008
1601 -20015 -20013
1602 -20008 -20002
1603 -20004 -19998
1604 -20016 -20015
1605 -19993 -19993
1606 -20014 -20011
1607 -20004 -19996
1608 -20041 -20034
1609 -20000 -19997
1610 -20016 -20011
1611 -20037 -20035
1612 -20003 -20010
1613 -20001 -19996
1614 -20021 -20020
1615 -20031 -20031
1616 -20008 -20004
1617 -20013 -20010
1618 -20006 -20007
1619 -20012 -20007
1620 -19997 -19999
1621 -20007 -20001
1622 -20012 -20011
1623 -20017 -20017
1624 -20025 -20007
1625 -20005 -19994
1626 -20014 -20004
1627 -20007 -19998
1628 -20013 -20010
1629 -19992 -19986
1630 -20002 -19997
1631 -20023 -20029
1632 -20012 -20006
1633 -20036 -20028
1634 -20011 -20002
1635 -20013 -20004
1636 -20003 -20002
1637 -20015 -20010
1638 -19999 -19995
1639 -20018 -20012
1640 -20003 -19996
1641 -20011 -20009
1642 -20003 -19996
1643 -20006 -20009
1644 -20002 -20001
1645 -19995 -19998
1646 -20002 -20000
1647 -20009 -20004
1648 -20002 -19996
1649 -20006 -19995
1650 -20006 -20000
1651 -20012 -20015
1652 -20031 -20031
1653 -20026 -20024
1654 -20016 -20023
1655 -20008 -20006
1656 -20002 -19988
1657 -20031 -20027
1658 -20012 -20012
1659 -20003 -20001
1660 -20018 -20013
1661 -20034 -20021
1662 -20005 -20001
1663 -19993 -19988
1664 -20012 -20004
1665 -20015 -20010
1666 -20002 -19999
1667 -20011 -20013
1668 -20021 -20020
1669 -20001 -19995
1670 -20034 -20024
1671 -20005 -20002
1672 -20014 -20010
1673 -20002 -19993
1674 -20007 -19988
1675 -20006 -20004
1676 -20014 -20013
1677 -20022 -20015
1678 -20019 -20019
1679 -20006 -20005
1680 -20007 -19998
1681 -20005 -20007
1682 -20015 -20011
1683 -20005 -19998
1684 -20013 -20003
1685 -20007 -20009
1686 -20014 -20005
1687 -20003 -19995
1688 -20000 -19999
1689 -20017 -20010
1690 -20010 -20004
1691 -20011 -20006
1692 -20017 -20013
1693 -20018 -20016
1694 -20009 -19996
1695 -20036 -20042
1696 -20001 -19994
1697 -19999 -19999
1698 -20008 -20004
1699 -20006 -20002
1700 -20020 -20012
1701 -20017 -20016
1702 -19994 -19994
1703 -20022 -20012
1704 -20004 -20002
1705 -20007 -19990
1706 -20008 -19999
1707 -20012 -20017
1708 -20016 -20028
1709 -20006 -19996
1710 -20006 -20001
1711 -20016 -20020
1712 -20015 -20009
1713 -20003 -19991
1714 -20021 -20015
1715 -20017 -20008
1716 -20013 -20009
1717 -20038 -20033
1718 -20007 -20000
1719 -20019 -20021
1720 -20009 -19999
1721 -20005 -20002
1722 -20006 -20013
1723 -20016 -20003
1724 -20002 -19999
1725 -20018 -20011
1726 -20002 -20001
1727 -20002 -19998
1728 -20012 -19998
1729 -20003 -19993
1730 -20009 -19994
1731 -20003 -20001
1732 -20019 -20028
1733 -20015 -20014
1734 -19999 -20003
1735 -20004 -19997
1736 -20022 -20027
1737 -20010 -20011
1738 -20008 -20010
1739 -20005 -20005
1740 -20015 -20009
1741 -20005 -20006
1742 -20038 -20035
1743 -19999 -20001
1744 -20012 -20012
1745 -20015 -20008
1746 -20041 -20030
1747 -20021 -20011
1748 -20010 -20005
1749 -20059 -20036
1750 -20015 -20009
1751 -20005 -20004
1752 -20008 -20001
1753 -20032 -20034
1754 -20006 -20007
1755 -20012 -20019
1756 -20039 -20044
1757 -20024 -20021
1758 -20004 -20012
1759 -20003 -20000
1760 -20010 -20009
1761 -20002 -20006
1762 -20011 -20013
1763 -20013 -19997
1764 -19996 -19987
1765 -20004 -20004
1766 -20006 -20008
1767 -20019 -20022
1768 -20039 -20035
1769 -20006 -20005
1770 -20022 -20027
1771 -20019 -20016
1772 -20009 -20005
1773 -20002 -19997
1774 -20018 -20011
1775 -20019 -20015
1776 -20019 -20028
1777 -20009 -20005
1778 -20000 -19997
1779 -20023 -20033
1780 -20019 -20018
1781 -19986 -19990
1782 -20017 -20006
1783 -20018 -20008
1784 -20017 -20012
1785 -20007 -20001
1786 -20008 -20004
1787 -20004 -20005
1788 -20014 -20007
1789 -20039 -20044
1790 -20006 -19999
1791 -19997 -20001
1792 -20020 -20010
1793 -19994 -19986
1794 -20013 -20010
1795 -19983 -19978
1796 -20016 -20010
1797 -20016 -20014
1798 -20020 -20018
1799 -20014 -20005
1800 -20020 -20004
1801 -20028 -20035
1802 -20002 -19994
1803 -20006 -20001
1804 -20004 -20003
1805 -20018 -20004
1806 -20010 -19996
1807 -20033 -20027
1808 -20019 -20012
1809 -20005 -20002
1810 -20009 -20020
1811 -20002 -19995
1812 -20031 -20032
1813 -20020 -20017
1814 -20015 -20004
1815 -19994 -19987
1816 -20008 -20006
1817 -20009 -19995
1818 -20007 -20005
1819 -20017 -20007
1820 -20014 -20009
1821 -20005 -19999
1822 -20016 -20005
1823 -20023 -20025
1824 -20010 -20004
1825 -19989 -19986
1826 -20037 -20024
1827 -20009 -20009
1828 -19998 -19993
1829 -19993 -19990
1830 -20006 -20007
1831 -19999 -19999
1832 -20004 -19998
1833 -20007 -20008
1834 -20003 -20001
1835 -19996 -19996
1836 -20011 -20004
1837 -20052 -20042
1838 -20005 -20004
1839 -20018 -20011
1840 -20037 -20031
1841 -20009 -19997
1842 -20039 -20042
1843 -20000 -19991
1844 -19988 -19981
1845 -20011 -20013
1846 -20020 -20005
1847 -20014 -20016
1848 -20005 -19997
1849 -20006 -20005
1850 -20009 -20006
1851 -20001 -20002
1852 -20014 -20014
1853 -20004 -19999
1854 -20013 -20007
1855 -20001 -19996
1856 -20013 -20000
1857 -20004 -20004
1858 -20014 -20003
1859 -19999 -19996
1860 -20033 -20032
1861 -19998 -19995
1862 -20022 -20022
1863 -20007 -19999
1864 -20015 -20016
1865 -20022 -20024
1866 -20011 -20008
1867 -20019 -20012
1868 -20030 -20038
1869 -20021 -20022
1870 -20014 -20014
1871 -20002 -20000
1872 -20023 -20023
1873 -20012 -20005
1874 -20016 -20017
1875 -20013 -20009
1876 -20019 -20023
1877 -20013 -20005
1878 -20021 -20019
1879 -20008 -20000
1880 -20015 -20010
1881 -19991 -19986
1882 -20035 -20036
1883 -20010 -20001
1884 -19996 -20008
1885 -19999 -19994
1886 -20012 -19997
1887 -20017 -20015
1888 -20012 -20008
1889 -20022 -20019
1890 -20007 -20002
1891 -20023 -20016
1892 -20001 -19992
1893 -20039 -20034
1894 -19990 -19993
1895 -20008 -19996
1896 -19998 -19999
1897 -19996 -19996
1898 -20012 -20003
1899 -20032 -20031
1900 -20006 -20007
1901 -20000 -19995
1902 -20017 -20007
1903 -20007 -20007
1904 -20004 -19994
1905 -20002 -19996
1906 -19993 -19977
1907 -20005 -20004
1908 -20009 -20013
1909 -20004 -19999
1910 -20018 -20020
1911 -20036 -20030
1912 -20010 -20002
1913 -20040 -20036
1914 -19997 -19994
1915 -20009 -20004
1916 -19989 -19984
1917 -20006 -20002
1918 -20017 -20011
1919 -20007 -20001
1920 -20002 -19998
1921 -20018 -20007
1922 -20011 -20012
1923 -20025 -20041
1924 -20011 -20014
1925 -20033 -20037
1926 -20000 -19999
1927 -20019 -20006
1928 -20004 -20004
1929 -20013 -20008
1930 -20009 -19999
1931 -20009 -20004
1932 -20010 -20004
1933 -19998 -19987
1934 -19980 -19966
1935 -20024 -20022
1936 -20018 -20006
1937 -20002 -20001
1938 -20016 -20010
1939 -20006 -19998
1940 -20012 -20011
1941 -20014 -20014
1942 -20027 -20022
1943 -20011 -20006
1944 -20019 -20020
1945 -20015 -20007
1946 -19954 -19948
1947 -20013 -20010
1948 -20007 -20004
1949 -20003 -20002
1950 -20012 -20008
1951 -19997 -20000
1952 -19992 -19988
1953 -20010 -20006
1954 -20013 -20017
1955 -20012 -20006
1956 -20005 -20002
1957 -20007 -19993
1958 -20009 -20010
1959 -20015 -20010
1960 -20041 -20031
1961 -20025 -20026
1962 -20011 -20009
1963 -19991 -19992
1964 -20013 -20009
1965 -20009 -19999
1966 -20013 -19999
1967 -20012 -20013
1968 -20004 -20006
1969 -20035 -20028
1970 -20013 -20005
1971 -20000 -19997
1972 -20016 -20016
1973 -20007 -19997
1974 -20012 -20008
1975 -20001 -19993
1976 -20013 -20014
1977 -20014 -20001
1978 -20011 -20005
1979 -20039 -20039
1980 -20012 -20009
1981 -20011 -20011
1982 -20011 -20002
1983 -20000 -20001
1984 -20013 -20007
1985 -19998 -19991
1986 -20019 -20008
1987 -19993 -19992
1988 -20037 -20034
1989 -20012 -20011
1990 -20004 -20002
1991 -20004 -20002
1992 -20018 -20018
1993 -20005 -20005
1994 -20014 -20024
1995 -20010 -20012
1996 -20009 -20003
1997 -20033 -20043
1998 -20001 -19990
1999 -20013 -20007
2000 -20006 -20005
2001 -20018 -20027
2002 -20018 -20006
2003 -20008 -19999
2004 -20006 -19994
2005 -20017 -20013
2006 -20019 -20013
2007 -20018 -20013
2008 -20021 -20009
2009 -20022 -20020
2010 -19988 -19985
2011 -20020 -20021
2012 -20009 -20001
2013 -20011 -20001
2014 -20046 -20046
2015 -20034 -20024
2016 -20008 -20004
2017 -20007 -20002
2018 -19996 -19996
2019 -20038 -20034
2020 -20002 -19999
2021 -20016 -20004
2022 -19994 -20001
2023 -19993 -19987
2024 -20010 -20012
2025 -20028 -20033
2026 -20013 -20010
2027 -20006 -20007
2028 -20014 -20011
2029 -20014 -20003
2030 -20011 -20005
2031 -20001 -20001
2032 -20013 -20002
2033 -20036 -20034
2034 -20015 -20013
2035 -20015 -20010
2036 -20007 -20000
2037 -20010 -20012
2038 -20007 -20005
2039 -19999 -20005
2040 -20008 -20003
2041 -20012 -20010
2042 -19997 -19998
2043 -20010 -20007
2044 -20021 -20023
2045 -20014 -20008
2046 -20015 -19999
2047 -20011 -20015
2048 -20015 -20011
2049 -19998 -19996
2050 -20009 -20002
2051 -20001 -20004
2052 -20007 -19998
2053 -20004 -19994
2054 -20010 -20007
2055 -19997 -20003
2056 -20021 -20018
2057 -20012 -20001
2058 -19996 -19993
2059 -20004 -20000
2060 -20008 -20000
2061 -20013 -20013
2062 -20023 -20028
2063 -20012 -20003
2064 -20008 -20004
2065 -20012 -20007
2066 -20006 -19997
2067 -20007 -20003
2068 -20016 -20024
2069 -20020 -20016
2070 -20011 -20012
2071 -20013 -20006
2072 -20013 -20007
2073 -20008 -20006
2074 -20006 -20003
2075 -20010 -20012
2076 -20037 -20040
2077 -20013 -20003
2078 -20020 -20018
2079 -20010 -20006
2080 -20009 -20001
2081 -20039 -20026
2082 -20010 -19996
2083 -20002 -19998
2084 -19998 -20000
2085 -20035 -20032
2086 -20005 -19997
2087 -20003 -19998
2088 -20009 -20012
2089 -19996 -19993
2090 -20013 -20006
2091 -20041 -20034
2092 -20019 -20015
2093 -20019 -20013
2094 -20016 -20026
2095 -20010 -20005
2096 -20004 -20005
2097 -20037 -20043
2098 -20005 -19994
2099 -19993 -19995
2100 -20003 -20001
2101 -20004 -20004
2102 -20024 -20032
2103 -20002 -19999
2104 -20014 -20014
2105 -19998 -19992
2106 -20058 -20074
2107 -20006 -20014
2108 -20038 -20034
2109 -20011 -20004
2110 -20006 -20006
2111 -20007 -20002
2112 -20002 -20001
2113 -20012 -20002
2114 -20007 -20008
2115 -20024 -20031
2116 -20000 -20002
2117 -20010 -20003
2118 -20024 -20027
2119 -19999 -19995
2120 -20001 -19999
2121 -20008 -20005
2122 -20012 -20007
2123 -20009 -20005
2124 -20016 -20008
2125 -20019 -20012
2126 -20002 -19998
2127 -20005 -19990
2128 -20013 -20007
2129 -20011 -20005
2130 -20009 -20000
2131 -20003 -19998
2132 -20006 -19996
2133 -20006 -20006
2134 -20017 -20016
2135 -20031 -20026
2136 -20006 -19998
2137 -20013 -20008
2138 -20012 -20014
2139 -20020 -20020
2140 -20004 -19992
2141 -20011 -20015
2142 -20017 -20011
2143 -20003 -19989
2144 -20004 -19995
2145 -20046 -20021
2146 -19996 -19989
2147 -19998 -19996
2148 -20014 -20002
2149 -20011 -20009
2150 -20007 -20002
2151 -20002 -20002
2152 -20000 -19992
2153 -19997 -19992
2154 -20006 -20000
2155 -20012 -20011
2156 -20016 -20018
2157 -20014 -20016
2158 -20021 -20016
2159 -19987 -19984
2160 -20040 -20038
2161 -20031 -20025
2162 -20005 -19998
2163 -20009 -20017
2164 -20012 -20005
2165 -20008 -20008
2166 -19979 -19974
2167 -19997 -19983
2168 -20007 -20006
2169 -20011 -20006
2170 -20014 -20007
2171 -20019 -20018
2172 -20012 -20008
2173 -20003 -19993
2174 -20016 -20015
2175 -20001 -19993
2176 -20013 -20007
2177 -20022 -20016
2178 -20015 -20008
2179 -20009 -20002
2180 -20006 -20005
2181 -20000 -20003
2182 -20075 -20083
2183 -20005 -19998
2184 -20041 -20045
2185 -20014 -20019
2186 -20021 -20019
2187 -20006 -20005
2188 -20014 -20003
2189 -20044 -20042
2190 -20009 -20009
2191 -20045 -20033
2192 -20006 -20002
2193 -20002 -19993
2194 -20013 -20013
2195 -20007 -20006
2196 -20015 -20011
2197 -20009 -20009
2198 -20042 -20038
2199 -20006 -19993
2200 -20014 -20009
2201 -20017 -20017
2202 -20018 -20022
2203 -20019 -20026
2204 -19996 -19993
2205 -20014 -20006
2206 -20009 -20000
2207 -20014 -20013
2208 -20002 -19977
2209 -20002 -20007
2210 -20003 -19999
2211 -20010 -20002
2212 -20012 -20010
2213 -20003 -19997
2214 -20009 -20003
2215 -20008 -20010
2216 -20006 -19995
2217 -20010 -20004
2218 -19999 -19993
2219 -20009 -20015
2220 -20008 -19999
2221 -20009 -20007
2222 -20012 -20017
2223 -20008 -20007
2224 -20026 -20025
2225 -20008 -20010
2226 -20004 -20000
2227 -20036 -20017
2228 -20016 -20008
2229 -20008 -19996
2230 -20006 -20004
2231 -20017 -20017
2232 -20006 -20000
2233 -20002 -20001
2234 -20018 -20013
2235 -20022 -20020
2236 -20008 -20010
2237 -20011 -20008
2238 -20013 -20015
2239 -20011 -20011
2240 -20014 -19996
2241 -20013 -20010
2242 -20005 -20004
2243 -20003 -20000
2244 -20001 -19998
2245 -20035 -20024
2246 -20008 -19999
2247 -20017 -20017
2248 -20014 -20016
2249 -20009 -20005
2250 -20013 -20004
2251 -19999 -19995
2252 -20080 -20046
2253 -20005 -20009
2254 -20035 -20027
2255 -20001 -19996
2256 -20041 -20045
2257 -20004 -19994
2258 -20022 -20024
2259 -20004 -19991
2260 -20009 -20011
2261 -20018 -20016
2262 -20008 -20000
2263 -20040 -20031
2264 -20006 -20004
2265 -20016 -19999
2266 -20017 -20016
2267 -20003 -19998
2268 -20036 -20036
2269 -20009 -20003
2270 -20016 -20010
2271 -20026 -20020
2272 -20008 -19997
2273 -20010 -20010
2274 -19999 -20002
2275 -20010 -20013
2276 -20004 -20002
2277 -20086 -20065
2278 -20023 -20018
2279 -19989 -19974
2280 -20014 -20012
2281 -20010 -20003
2282 -20002 -19996
2283 -20038 -20032
2284 -20006 -19998
2285 -20010 -20014
2286 -20016 -20014
2287 -20011 -19998
2288 -20013 -20010
2289 -20006 -20004
2290 -20030 -20030
2291 -20012 -20008
2292 -19996 -19992
2293 -20004 -20001
2294 -20012 -20012
2295 -20018 -20016
2296 -20016 -20001
2297 -20019 -20024
2298 -20011 -20014
2299 -20015 -20022
2300 -20020 -20011
2301 -20000 -19992
2302 -19997 -19999
2303 -20017 -20014
2304 -20000 -19991
2305 -20028 -20034
2306 -20010 -19996
2307 -20002 -20006
2308 -20033 -20038
2309 -20009 -20002
2310 -20006 -20009
2311 -20009 -20001
2312 -20034 -20029
2313 -20015 -20013
2314 -14740 -14737
2315 -20014 -20005
2316 -20004 -20006
2317 -20002 -19997
2318 -20014 -20008
2319 -20006 -20006
2320 -20011 -20005
2321 -20012 -20013
2322 -20011 -20011
2323 -20018 -20012
2324 -20016 -20020
2325 -20001 -19993
2326 -20012 -20008
2327 -20001 -19989
2328 -20009 -20001
2329 -20003 -20006
2330 -20016 -20012
2331 -20012 -20011
2332 -20034 -20043
2333 -20012 -20005
2334 -20011 -20002
2335 -20013 -20005
2336 -20018 -20020
2337 -20000 -19997
2338 -20006 -20015
2339 -20032 -20034
2340 -20002 -20002
2341 -20013 -20007
2342 -20021 -20031
2343 -19994 -19998
2344 -19993 -19984
2345 -20013 -20005
2346 -20038 -20043
2347 -19999 -19992
2348 -20013 -20003
2349 -20003 -20003
2350 -20015 -20012
2351 -20012 -20015
2352 -20025 -20033
2353 -19999 -20001
2354 -20003 -20007
2355 -20013 -20008
2356 -20015 -20006
2357 -20011 -20006
2358 -20018 -20013
2359 -20012 -19999
2360 -20010 -19998
2361 -20011 -19998
2362 -19993 -19987
2363 -20015 -20012
2364 -20012 -20012
2365 -20013 -20020
2366 -20006 -20007
2367 -20020 -20018
2368 -20001 -19993
2369 -20010 -20003
2370 -20006 -19999
2371 -20036 -20019
2372 -20016 -20014
2373 -20019 -20014
2374 -20004 -20001
2375 -20014 -20021
2376 -20011 -20009
2377 -20009 -20011
2378 -20009 -20005
2379 -20018 -20015
2380 -20001 -19996
2381 -20006 -20005
2382 -20005 -19998
2383 -20008 -19997
2384 -20016 -20009
2385 -20021 -20024
2386 -20008 -20006
2387 -20008 -19996
2388 -20005 -20005
2389 -20016 -20017
2390 -19994 -19994
2391 -20035 -20030
2392 -20005 -19994
2393 -20023 -20017
2394 -20024 -20025
2395 -20010 -20011
2396 -20041 -20037
2397 -20013 -20011
2398 -20010 -20010
2399 -19997 -19998
2400 -20001 -20004
2401 -20000 -19995
2402 -20012 -20015
2403 -20019 -20014
2404 -20005 -19992
2405 -20005 -19999
2406 -20018 -20008
2407 -19996 -19998
2408 -20006 -20002
2409 -20018 -20014
2410 -20014 -20009
2411 -20045 -20044
2412 -20010 -20012
2413 -20019 -20024
2414 -20000 -20002
2415 -20014 -20000
2416 -20009 -20003
2417 -20010 -20007
2418 -20015 -20012
2419 -20002 -20001
2420 -19999 -19987
2421 -20013 -20011
2422 -20007 -20001
2423 -20020 -20017
2424 -20014 -20016
2425 -20011 -20009
2426 -20015 -20018
2427 -19998 -20000
2428 -20010 -20013
2429 -20013 -20015
2430 -20003 -19993
2431 -20007 -20009
2432 -20014 -20016
2433 -20001 -19992
2434 -20002 -20005
2435 -20012 -20015
2436 -20037 -20042
2437 -20020 -20017
2438 -20044 -20039
2439 -20010 -20001
2440 -20004 -20005
2441 -20039 -20034
2442 -20014 -19998
2443 -20025 -20024
2444 -20032 -20024
2445 -20014 -20009
2446 -20012 -20004
2447 -20006 -19995
2448 -20007 -20010
2449 -20040 -20034
2450 -20012 -20008
2451 -20004 -20000
2452 -20021 -20019
2453 -20020 -20021
2454 -20005 -20007
2455 -20007 -20003
2456 -20023 -20032
2457 -20010 -20006
2458 -20014 -20009
2459 -19980 -19964
2460 -20012 -19998
2461 -20008 -20011
2462 -20009 -20005
2463 -20020 -20018
2464 -20013 -20012
2465 -20034 -20036
2466 -20010 -20009
2467 -20006 -20005
2468 -20010 -20002
2469 -20016 -20006
2470 -20014 -20017
2471 -19996 -19992
2472 -20017 -20014
2473 -20001 -19995
2474 -20013 -20001
2475 -19982 -19963
2476 -20019 -20018
2477 -20020 -20012
2478 -20019 -20017
2479 -20016 -20010
2480 -20001 -19998
2481 -20030 -20021
2482 -20014 -20002
2483 -20001 -19996
2484 -20006 -19999
2485 -19996 -19986
2486 -20007 -20002
2487 -20013 -20010
2488 -20010 -20014
2489 -20011 -20016
2490 -19996 -19995
2491 -20004 -19995
2492 -20015 -20015
2493 -20002 -19997
2494 -20003 -20010
2495 -20014 -20011
2496 -20017 -20005
2497 -19996 -20002
2498 -20020 -20008
2499 -20042 -20036
2500 -20009 -20003
2501 -20002 -20009
2502 -20008 -20000
2503 -20017 -20009
2504 -20012 -20010
2505 -19981 -19959
2506 -20015 -20009
2507 -20003 -19999
2508 -20020 -20012
2509 -20003 -20004
2510 -20002 -20008
2511 -20009 -20004
2512 -20020 -20009
2513 -20015 -20015
2514 -20002 -20018
2515 -20009 -20002
2516 -20053 -20039
2517 -20011 -20008
2518 -20006 -20011
2519 -19990 -19979
2520 -20011 -20001
2521 -20038 -20031
2522 -20015 -20006
2523 -20001 -20002
2524 -20010 -20003
2525 -20010 -20006
2526 -20012 -20014
2527 -20001 -19997
2528 -20040 -20043
2529 -20012 -20003
2530 -20012 -20017
2531 -20023 -20013
2532 -20010 -20001
2533 -20010 -19999
2534 -20011 -20008
2535 -20012 -20014
2536 -20008 -20009
2537 -20004 -19999
2538 -20010 -20005
2539 -20008 -20004
2540 -20014 -20007
2541 -20040 -20035
2542 -19999 -20000
2543 -20007 -20009
2544 -20075 -20083
2545 -20007 -20006
2546 -20012 -20010
2547 -20008 -20009
2548 -20016 -20011
2549 -20038 -20042
2550 -20006 -20013
2551 -20007 -20006
2552 -20007 -20009
2553 -20009 -20003
2554 -20005 -20001
2555 -20015 -20018
2556 -20008 -19999
2557 -20015 -20009
2558 -19997 -19992
2559 -20041 -20038
2560 -20043 -20030
2561 -20047 -20045
2562 -20010 -20008
2563 -20007 -20013
2564 -20010 -19999
2565 -20019 -20024
2566 -20001 -19998
2567 -20010 -20010
2568 -19999 -19994
2569 -20037 -20022
2570 -20020 -20020
2571 -20017 -20023
2572 -20014 -20003
2573 -20004 -20004
2574 -20003 -20001
2575 -20011 -20011
2576 -20008 -20013
2577 -20018 -20010
2578 -20006 -20006
2579 -20024 -20018
2580 -19994 -19986
2581 -20005 -20002
2582 -20015 -20009
2583 -20011 -20011
2584 -20012 -20009
2585 -20008 -19998
2586 -20008 -19999
2587 -20006 -20001
2588 -20015 -20010
2589 -20019 -20011
2590 -20017 -20018
2591 -20006 -19999
2592 -19999 -20004
2593 -20011 -20007
2594 -20009 -19998
2595 -20003 -19995
2596 -20047 -20030
2597 -20012 -20012
2598 -19998 -19994
2599 -20035 -20026
2600 -20027 -20029
2601 -20013 -20005
2602 -20020 -20015
2603 -20016 -20016
2604 -19999 -19998
2605 -20016 -20010
2606 -20007 -20009
2607 -20042 -20046
2608 -20016 -20010
2609 -20008 -20014
2610 -20018 -20021
2611 -20013 -20006
2612 -20016 -20015
2613 -20005 -19979
2614 -20010 -20009
2615 -20007 -19998
2616 -20017 -20010
2617 -20012 -20001
2618 -20009 -20004
2619 -20006 -20004
2620 -20043 -20042
2621 -19997 -20002
2622 -20007 -20004
2623 -20012 -20014
2624 -20009 -20005
2625 -20005 -20008
2626 -20006 -20003
2627 -20046 -20035
2628 -20007 -20000
2629 -20016 -20020
2630 -19998 -19992
2631 -20012 -20011
2632 -20009 -20005
2633 -20006 -19994
2634 -20037 -20037
2635 -20004 -20001
2636 -20020 -20020
2637 -20010 -20013
2638 -19999 -19996
2639 -20011 -20013
2640 -20006 -20004
2641 -20035 -20033
2642 -20017 -20012
2643 -20010 -20005
2644 -20035 -20037
2645 -19997 -19993
2646 -20013 -20007
2647 -20005 -20009
2648 -19999 -19994
2649 -20007 -20004
2650 -20004 -20004
2651 -20004 -19998
2652 -20007 -20004
2653 -20015 -20004
2654 -20010 -20010
2655 -20006 -20000
2656 -20007 -20000
2657 -20016 -20011
2658 -20022 -20012
2659 -20022 -20024
2660 -19992 -19990
2661 -20014 -20014
2662 -20013 -20018
2663 -20009 -20006
2664 -20009 -20001
2665 -20010 -20003
2666 -20007 -20005
2667 -19996 -19997
2668 -20010 -20011
2669 -20020 -20016
2670 -20021 -20023
2671 -20021 -20021
2672 -20023 -20022
2673 -20009 -19999
2674 -20021 -20013
2675 -20017 -20014
2676 -20006 -20003
2677 -20009 -19992
2678 -20015 -20023
2679 -20063 -20052
2680 -20021 -20024
2681 -20013 -20014
2682 -20011 -20010
2683 -20004 -19998
2684 -19998 -19996
2685 -19992 -19999
2686 -20019 -20017
2687 -20008 -20004
2688 -20014 -20004
2689 -20033 -20030
2690 -20008 -20006
2691 -20035 -20037
2692 -20020 -20014
2693 -19990 -19986
2694 -20011 -20013
2695 -20006 -20012
2696 -20022 -20018
2697 -20000 -19996
2698 -20015 -20008
2699 -20014 -20007
2700 -20012 -20009
2701 -20060 -20064
2702 -19993 -19993
2703 -20015 -20005
2704 -20008 -20013
2705 -20014 -20010
2706 -20021 -20023
2707 -20039 -20033
2708 -20017 -20016
2709 -20018 -20013
2710 -20019 -20013
2711 -20014 -20018
2712 -19996 -19992
2713 -20005 -20007
2714 -20006 -20009
2715 -20012 -20007
2716 -20023 -20022
2717 -20011 -20012
2718 -20001 -20005
2719 -20089 -20087
2720 -20010 -20006
2721 -20012 -20003
2722 -20011 -20000
2723 -20036 -20042
2724 -20005 -19994
2725 -20011 -20008
2726 -20010 -20007
2727 -20002 -19999
2728 -20007 -20004
2729 -20002 -20004
2730 -20022 -20017
2731 -20039 -20030
2732 -20000 -19999
2733 -20014 -20007
2734 -19995 -19994
2735 -20012 -20013
2736 -20017 -20032
2737 -20012 -20006
2738 -20013 -20007
2739 -20011 -20003
2740 -20019 -20007
2741 -20022 -20024
2742 -20001 -20002
2743 -20007 -20003
2744 -19997 -20000
2745 -20004 -20000
2746 -20015 -20007
2747 -20005 -19996
2748 -20021 -20020
2749 -20000 -20000
2750 -20039 -20034
2751 -20022 -20014
2752 -20011 -20001
2753 -19990 -19981
2754 -19995 -20000
2755 -20008 -19995
2756 -20004 -20004
2757 -20006 -19999
2758 -20008 -20006
2759 -20008 -20003
2760 -20003 -20005
2761 -20042 -20040
2762 -20036 -20027
2763 -20052 -20061
2764 -20017 -20010
2765 -20017 -20010
2766 -20006 -20005
2767 -20089 -20085
2768 -20039 -20036
2769 -20000 -20001
2770 -20002 -20004
2771 -20009 -20007
2772 -19998 -19999
2773 -20017 -20023
2774 -20008 -20008
2775 -20012 -20010
2776 -20019 -20016
2777 -20023 -20017
2778 -20017 -20012
2779 -20015 -20006
2780 -20003 -19999
2781 -19999 -19995
2782 -20022 -20020
2783 -20022 -20013
2784 -20004 -19999
2785 -20013 -20011
2786 -20010 -19998
2787 -20017 -20016
2788 -20015 -20017
2789 -20016 -20012
2790 -20003 -20003
2791 -20023 -20018
2792 -20008 -20000
2793 -20011 -20004
2794 -20020 -20029
2795 -20001 -19999
2796 -20010 -19999
2797 -20021 -20029
2798 -20007 -20003
2799 -19999 -19996
2800 -20008 -20007
2801 -20007 -20001
2802 -20008 -20002
2803 -20004 -19999
2804 -20004 -20003
2805 -20002 -19996
2806 -20000 -19990
2807 -20019 -20007
2808 -20014 -20009
2809 -20015 -20017
2810 -20005 -20007
2811 -20008 -20005
2812 -20031 -20026
2813 -20001 -20003
2814 -20000 -19999
2815 -20071 -20060
2816 -20016 -20010
2817 -20022 -20025
2818 -20014 -20011
2819 -20007 -20005
2820 -20020 -20016
2821 -20010 -20004
2822 -20016 -20015
2823 -20021 -20017
2824 -20002 -19992
2825 -20014 -20013
2826 -20009 -20004
2827 -20011 -20013
2828 -20015 -20012
2829 -20007 -19999
2830 -20010 -20008
2831 -20015 -20011
2832 -20004 -20000
2833 -20000 -19996
2834 -20039 -20044
2835 -20019 -20022
2836 -20005 -20002
2837 -20023 -20030
2838 -20038 -20036
2839 -20002 -20001
2840 -19997 -19998
2841 -20017 -20006
2842 -20016 -20013
2843 -19978 -19963
2844 -20013 -20009
2845 -20017 -19999
2846 -20004 -20001
2847 -19986 -19974
2848 -20013 -20023
2849 -20002 -19997
2850 -20000 -19985
2851 -20021 -20021
2852 -20016 -20014
2853 -20007 -19998
2854 -20008 -20005
2855 -20008 -20005
2856 -19998 -20000
2857 -20002 -20004
2858 -20011 -20007
2859 -20015 -19999
2860 -19995 -19999
2861 -20040 -20038
2862 -20002 -20017
2863 -20009 -20002
2864 -20019 -20013
2865 -20046 -20051
2866 -20010 -20009
2867 -20003 -19997
2868 -20022 -20021
2869 -20034 -20032
2870 -20006 -19991
2871 -20003 -20008
2872 -20016 -20010
2873 -20002 -19993
2874 -20011 -20004
2875 -20006 -20003
2876 -20018 -20008
2877 -20031 -20039
2878 -20013 -20011
2879 -20007 -20002
2880 -20036 -20045
2881 -20059 -20062
2882 -20004 -19999
2883 -20007 -20005
2884 -20019 -20015
2885 -20026 -20011
2886 -20006 -20000
2887 -20006 -20003
2888 -20006 -20001
2889 -19998 -19993
2890 -20043 -20029
2891 -20008 -20006
2892 -20005 -19989
2893 -20036 -20027
2894 -20010 -20005
2895 -20039 -20026
2896 -20006 -20008
2897 -20024 -20023
2898 -20038 -20035
2899 -20002 -20003
2900 -20018 -20009
2901 -20014 -20009
2902 -20005 -19998
2903 -20009 -20005
2904 -20020 -20027
2905 -20009 -20005
2906 -20010 -20000
2907 -20005 -20002
2908 -20014 -20019
2909 -19991 -19992
2910 -20012 -20004
2911 -20014 -20010
2912 -20014 -20009
2913 -20045 -20042
2914 -19992 -20001
2915 -20004 -20001
2916 -20000 -20001
2917 -20010 -20004
2918 -20017 -20016
2919 -20007 -20007
2920 -20011 -20006
2921 -20022 -20021
2922 -20021 -20022
2923 -20014 -20016
2924 -20013 -20009
2925 -20041 -20039
2926 -20006 -19998
2927 -20010 -20005
2928 -20021 -20012
2929 -20015 -20009
2930 -20010 -20009
2931 -20012 -20005
2932 -19998 -19997
2933 -20001 -19995
2934 -20019 -20009
2935 -20009 -20004
2936 -20020 -20017
2937 -20035 -20037
2938 -20011 -20017
2939 -20001 -20004
2940 -20018 -20008
2941 -20019 -20019
2942 -20037 -20034
2943 -20007 -20021
2944 -20005 -20009
2945 -20013 -20008
2946 -20016 -20015
2947 -20044 -20040
2948 -20009 -20001
2949 -20008 -20012
2950 -20007 -20004
2951 -20002 -20005
2952 -20004 -19994
2953 -20026 -20027
2954 -20030 -20040
2955 -20024 -20015
2956 -20010 -20002
2957 -20030 -20033
2958 -20014 -20012
2959 -20016 -20020
2960 -20010 -20011
2961 -19999 -19996
2962 -20001 -20015
2963 -20002 -19992
2964 -20006 -19998
2965 -20022 -20009
2966 -20021 -20015
2967 -20000 -19994
2968 -20000 -19992
2969 -20023 -20019
2970 -20003 -19990
2971 -20012 -20009
2972 -20012 -20007
2973 -20014 -20006
2974 -20043 -20024
2975 -20019 -20017
2976 -20011 -19995
2977 -20015 -20009
2978 -20070 -20068
2979 -20011 -19999
2980 -20014 -20014
2981 -20040 -20038
2982 -20004 -20006
2983 -19992 -19997
2984 -20039 -20040
2985 -20010 -19998
2986 -20012 -19999
2987 -20020 -20023
2988 -20042 -20050
2989 -20006 -20005
2990 -20019 -20008
2991 -20008 -20010
2992 -20007 -19992
2993 -19996 -19989
2994 -20011 -20005
2995 -19999 -19996
2996 -20009 -20010
2997 -20012 -20000
2998 -20011 -20016
2999 -20003 -20005
3000 -20018 -20013
3001 -20040 -20035
3002 -19990 -19995
3003 -20008 -20008
3004 -20030 -20023
3005 -20006 -20003
3006 -19996 -19993
3007 -20001 -19992
3008 -20013 -20007
3009 -20008 -20011
3010 -20015 -20015
3011 -20009 -20001
3012 -20013 -20003
3013 -20004 -20001
3014 -20012 -20007
3015 -20024 -20011
3016 -19990 -19980
3017 -20007 -19995
3018 -20022 -20029
3019 -20009 -19997
3020 -20031 -20019
3021 -20010 -20002
3022 -20000 -19991
3023 -20014 -20010
3024 -20013 -20010
3025 -20001 -19993
3026 -20002 -19998
3027 -20015 -20013
3028 -20005 -20008
3029 -20002 -20012
3030 -20016 -20016
3031 -20009 -20007
3032 -20009 -20008
3033 -20037 -20029
3034 -20007 -19994
3035 -20012 -20014
3036 -20012 -20010
3037 -20007 -20002
3038 -20002 -19998
3039 -19994 -19993
3040 -20003 -20002
3041 -20029 -20019
3042 -20009 -20010
3043 -20047 -20046
3044 -20036 -20025
3045 -19983 -19971
3046 -20008 -20006
3047 -20007 -20001
3048 -19998 -19990
3049 -20001 -19992
3050 -20007 -20001
3051 -20016 -20002
3052 -20027 -20035
3053 -20011 -20011
3054 -20020 -20018
3055 -20015 -20013
3056 -20010 -20008
3057 -20018 -20012
3058 -20018 -20011
3059 -20018 -20022
3060 -20010 -20012
3061 -20017 -20015
3062 -20013 -20013
3063 -20008 -19999
3064 -20013 -20009
3065 -20072 -20061
3066 -20006 -20005
3067 -20001 -19994
3068 -20010 -20003
3069 -19997 -19991
3070 -20006 -20009
3071 -20008 -20011
3072 -20018 -20016
3073 -20016 -20003
3074 -20013 -20011
3075 -19990 -19986
3076 -20014 -20006
3077 -19995 -19988
3078 -20003 -19996
3079 -20023 -20023
3080 -20018 -20019
3081 -20011 -20011
3082 -19994 -19965
3083 -20036 -20033
3084 -20008 -20010
3085 -20017 -20017
3086 -20011 -20012
3087 -19995 -19993
3088 -20020 -20014
3089 -20004 -20004
3090 -20016 -20012
3091 -20016 -20006
3092 -20018 -20016
3093 -20044 -20040
3094 -20003 -19994
3095 -20005 -19997
3096 -20007 -20001
3097 -20013 -20004
3098 -20043 -20047
3099 -20017 -20014
3100 -20003 -20000
3101 -20009 -20004
3102 -20017 -20014
3103 -20006 -19997
3104 -20011 -20000
3105 -20004 -19992
3106 -20005 -20000
3107 -20014 -20007
3108 -20013 -20009
3109 -20012 -20006
3110 -20003 -19999
3111 -20012 -20002
3112 -20004 -20003
3113 -19941 -19929
3114 -19998 -19990
3115 -20013 -20000
3116 -20004 -20006
3117 -20040 -20036
3118 -20007 -19994
3119 -20004 -20006
3120 -20008 -20006
3121 -20010 -20004
3122 -20030 -20032
3123 -20009 -20005
3124 -20009 -20007
3125 -20043 -20033
3126 -20024 -20025
3127 -19998 -20000
3128 -20002 -20003
3129 -20005 -19999
3130 -20008 -20016
3131 -20011 -20004
3132 -20009 -20012
3133 -20018 -20015
3134 -20016 -20010
3135 -20014 -20004
3136 -20019 -20020
3137 -20001 -20001
3138 -19992 -19992
3139 -20014 -20020
3140 -20011 -20006
3141 -20008 -19999
3142 -19994 -19985
3143 -20002 -20004
3144 -19996 -19990
3145 -20049 -20047
3146 -19997 -19997
3147 -20005 -19997
3148 -20017 -20011
3149 -20020 -20015
3150 -20012 -20011
3151 -20027 -20004
3152 -20003 -20002
3153 -20006 -20008
3154 -20008 -20003
3155 -20009 -20004
3156 -20010 -19997
3157 -19998 -19997
3158 -20044 -20036
3159 -20007 -20007
3160 -20008 -20011
3161 -19998 -19985
3162 -19998 -19992
3163 -14741 -14744
3164 -20039 -20038
3165 -20000 -20008
3166 -20012 -20010
3167 -20005 -20008
3168 -20016 -20012
3169 -20013 -20022
3170 -19995 -19993
3171 -20013 -20012
3172 -20007 -20008
3173 -20022 -20021
3174 -20054 -20038
3175 -20020 -20018
3176 -20014 -20006
3177 -20021 -20016
3178 -20053 -20062
3179 -20050 -20052
3180 -20017 -20015
3181 -20030 -20025
3182 1037 1042
3183 -20037 -20046
3184 -20029 -20023
3185 -20015 -20012
3186 -20007 -20000
3187 -19998 -19999
3188 -20002 -19999
3189 -20013 -19999
3190 -20014 -20012
3191 -20007 -19998
3192 -20008 -20007
3193 -20015 -20027
3194 -20017 -20012
3195 -20020 -20018
3196 -20006 -20002
3197 -19998 -20001
3198 -20014 -20014
3199 -20005 -20000
3200 -20014 -20000
3201 -20022 -20023
3202 -20002 -19998
3203 -19996 -19999
3204 -20011 -20010
3205 -20042 -20038
3206 -20017 -20010
3207 -20013 -20006
3208 -20011 -20004
3209 -20005 -20001
3210 -19996 -20001
3211 -20002 -19993
3212 -20008 -20005
3213 -20005 -20000
3214 -20007 -20006
3215 -20015 -20010
3216 -20010 -20006
3217 -20014 -20015
3218 -20002 -19999
3219 -20101 -20092
3220 -20003 -20001
3221 -19998 -20000
3222 -20003 -20007
3223 -20013 -20017
3224 -20005 -20008
3225 -20007 -19996
3226 -20012 -20005
3227 -20018 -20010
3228 -20020 -20021
3229 -20007 -20007
3230 -20008 -20001
3231 -20019 -20020
3232 -20022 -20033
3233 -20004 -19994
3234 -20015 -20007
3235 -20003 -20003
3236 -20019 -20013
3237 -20035 -20022
3238 -20009 -20005
3239 -20015 -20009
3240 -20010 -20008
3241 -20012 -20009
3242 -20000 -19995
3243 -20011 -20008
3244 -20011 -20009
3245 -20017 -20008
3246 -20012 -20003
3247 -20018 -20014
3248 -20019 -20015
3249 -20006 -19997
3250 -20013 -20009
3251 -19990 -19982
3252 -20016 -20011
3253 -20016 -20003
3254 -20020 -20024
3255 -20041 -20035
3256 -20013 -20000
3257 -20044 -20047
3258 -20013 -20007
3259 -20012 -20007
3260 -20008 -20012
3261 -19999 -19996
3262 -20034 -20036
3263 -20035 -20036
3264 -20002 -20002
3265 -20004 -20003
3266 -20006 -20001
3267 -20017 -20008
3268 -20000 -19991
3269 -20015 -20004
3270 -20015 -20003
3271 -20002 -19998
3272 -20012 -20008
3273 -20010 -20007
3274 -20017 -20014
3275 -19999 -19993
3276 -20001 -19999
3277 -20040 -20036
3278 -20006 -20006
3279 -20020 -20013
3280 -20009 -20001
3281 -20042 -20035
3282 -20013 -20007
3283 -20013 -20010
3284 -20005 -20009
3285 -20005 -20001
3286 -20009 -20002
3287 -20014 -20009
3288 -20005 -20009
3289 -20009 -20004
3290 -20034 -20034
3291 -20017 -20007
3292 -20015 -20016
3293 -20004 -20004
3294 -20015 -20027
3295 -20006 -19997
3296 -20003 -20000
3297 -20020 -20023
3298 -20037 -20037
3299 -20005 -20008
3300 -19999 -20002
3301 -20034 -20036
3302 -20040 -20029
3303 -20006 -20008
3304 -20010 -20008
3305 -20014 -20010
3306 -20013 -20011
3307 -20019 -20013
3308 -20009 -20012
3309 -20009 -20010
3310 -20008 -20009
3311 -19996 -19990
3312 -20018 -20012
3313 -20026 -20025
3314 -20020 -20021
3315 -20002 -20004
3316 -20012 -20009
3317 -20012 -20009
3318 -19999 -19987
3319 -20015 -20014
3320 -20016 -20011
3321 -20005 -20000
3322 -20012 -20000
3323 -20008 -20008
3324 -20016 -20016
3325 -20003 -19998
3326 -20008 -20007
3327 -20036 -20025
3328 -19998 -19999
3329 -20036 -20030
3330 -20009 -20010
3331 -20004 -20005
3332 -20022 -20023
3333 -20037 -20031
3334 -20005 -19996
3335 -20011 -20009
3336 -20010 -20003
3337 -20037 -20032
3338 -20004 -19991
3339 -20002 -20006
3340 -20014 -20008
3341 -20006 -20007
3342 -20009 -20001
3343 -20019 -20016
3344 -20015 -20013
3345 -20021 -20023
3346 -20017 -20007
3347 -20008 -19996
3348 -20011 -20006
3349 -20008 -20005
3350 -20005 -19992
3351 -20003 -20004
3352 -20012 -20003
3353 -20012 -20006
3354 -20010 -19994
3355 -20015 -20009
3356 -20005 -19999
3357 -20019 -20012
3358 -20014 -19999
3359 -20009 -20011
3360 -20002 -19996
3361 -20003 -19998
3362 -20013 -20012
3363 -20061 -20070
3364 -20006 -19993
3365 -20012 -20003
3366 -20003 -19997
3367 -20013 -20003
3368 -19994 -19995
3369 -20022 -20020
3370 -19997 -19994
3371 -20014 -20026
3372 -20038 -20028
3373 -20030 -20025
3374 -20008 -19999
3375 -20009 -20013
3376 -19996 -19998
3377 -19992 -19986
3378 -19998 -19991
3379 -20035 -20019
3380 -20002 -20003
3381 -20007 -20006
3382 -19998 -19997
3383 -20041 -20040
3384 -20011 -20005
3385 -20008 -19999
3386 -20004 -20000
3387 -20007 -20000
3388 -20002 -19999
3389 -20009 -19999
3390 -19996 -19995
3391 -20036 -20038
3392 -20008 -19994
3393 -20002 -19999
3394 -20013 -20008
3395 -19997 -19995
3396 -20005 -20002
3397 -19998 -19992
3398 -20005 -20002
3399 -19998 -20008
3400 -20019 -20016
3401 -20000 -20000
3402 -20000 -20001
3403 -20006 -20001
3404 -20009 -19997
3405 -20002 -19994
3406 -20021 -20008
3407 -20014 -20014
3408 -19989 -19985
3409 -19997 -19989
3410 -20013 -20012
3411 -20022 -20019
3412 -20001 -20000
3413 -20016 -20013
3414 -19979 -19969
3415 -20037 -20035
3416 -20009 -20000
3417 -20007 -20009
3418 -20001 -19993
3419 -20049 -20052
3420 -19999 -19997
3421 -19999 -19991
3422 -20016 -20019
3423 -20021 -20021
3424 -20003 -20001
3425 -20012 -20005
3426 -20030 -20025
3427 -20011 -20007
3428 -20017 -20018
3429 -20022 -20020
3430 -20004 -20006
3431 -20004 -20002
3432 -20014 -20013
3433 -20011 -20004
3434 -20010 -20000
3435 -20010 -20008
3436 -20015 -20008
3437 -20028 -20023
3438 -20050 -20055
3439 -20015 -20006
3440 -20070 -20065
3441 -20018 -20012
3442 -20002 -19993
3443 -20018 -20015
3444 -20009 -20005
3445 -20003 -19997
3446 -20009 -20004
3447 -20022 -20020
3448 -20048 -20038
3449 -20008 -20008
3450 -20016 -20003
3451 -20010 -20007
3452 -20045 -20053
3453 -20014 -20005
3454 -20009 -20001
3455 -20002 -19987
3456 -20016 -20003
3457 -20014 -20018
3458 -20014 -20012
3459 -20015 -20001
3460 -20003 -19999
3461 -20018 -20016
3462 -20005 -19995
3463 -20016 -20018
3464 -20015 -20008
3465 -19993 -19987
3466 -19999 -19997
3467 -20001 -19994
3468 -20012 -20009
3469 -20008 -20001
3470 -19997 -19997
3471 -19998 -20005
3472 -20018 -20019
3473 -20038 -20038
3474 -20010 -20018
3475 -20019 -20015
3476 -20014 -20004
3477 -20010 -20015
3478 -20003 -19993
3479 -20021 -20010
3480 -20005 -20000
3481 -20013 -20004
3482 -19997 -20001
3483 -20024 -20020
3484 -20011 -20003
3485 -20011 -20005
3486 -20010 -20002
3487 -20041 -20039
3488 -20008 -20004
3489 -19993 -19991
3490 -20014 -20009
3491 -20010 -20009
3492 -19998 -19998
3493 -20010 -20005
3494 -20035 -20030
3495 -20002 -19996
3496 -20005 -20005
3497 -20011 -20003
3498 -19999 -19995
3499 -20024 -20012
3500 -19980 -19959
3501 -20008 -20004
3502 -20017 -20022
3503 -19995 -19993
3504 -20003 -20003
3505 -19994 -19992
3506 -20017 -20018
3507 -20002 -19996
3508 -20008 -20012
3509 -19994 -19991
3510 -20017 -20015
3511 -20022 -20030
3512 -20010 -20002
3513 -19993 -19992
3514 -20008 -20001
3515 -20014 -20012
3516 -20021 -20016
3517 -20008 -20010
3518 -20041 -20042
3519 -20003 -20004
3520 -20018 -20009
3521 -20014 -20011
3522 -20035 -20030
3523 -20002 -19992
3524 -20014 -20011
3525 -20018 -20016
3526 -20013 -20005
3527 -20034 -20042
3528 -19998 -20000
3529 -20013 -20011
3530 -20006 -20000
3531 -20020 -20026
3532 -20014 -20007
3533 -20017 -20011
3534 -20008 -20014
3535 -19998 -19993
3536 -20044 -20040
3537 -19997 -19993
3538 -20007 -19992
3539 -20013 -20016
3540 -20013 -20000
3541 -20008 -20005
3542 -20021 -20020
3543 -20020 -20013
3544 -20013 -20015
3545 -20007 -20008
3546 -20012 -20005
3547 -20006 -20003
3548 -20016 -20022
3549 -20003 -19998
3550 -20028 -20036
3551 -19998 -19998
3552 -20039 -20030
3553 -20012 -20001
3554 -20008 -20003
3555 -20039 -20032
3556 -20011 -20005
3557 -20001 -19989
3558 -20013 -20009
3559 -20026 -20025
3560 -20014 -20005
3561 -20001 -20002
3562 -20001 -20001
3563 -20005 -20006
3564 -20037 -20026
3565 -20008 -20004
3566 -20011 -20009
3567 -20011 -20004
3568 -20003 -19996
3569 -20012 -20006
3570 -20010 -19997
3571 -20008 -20003
3572 -20002 -19994
3573 -20012 -20004
3574 -20001 -20003
3575 -20008 -19999
3576 -20007 -20003
3577 -19999 -19989
3578 -19988 -19987
3579 -20007 -19996
3580 -20006 -19995
3581 -20042 -20021
3582 -20003 -20002
3583 -20002 -19999
3584 -20005 -20006
3585 -20036 -20038
3586 -20004 -19993
3587 -20007 -19989
3588 -19998 -20000
3589 -20017 -20003
3590 -20015 -20013
3591 -20017 -20019
3592 -20015 -20010
3593 -19983 -19983
3594 -20018 -20022
3595 -20020 -20019
3596 -20010 -20004
3597 -20013 -20007
3598 -19992 -19997
3599 -20012 -20013
3600 -20015 -20011
3601 -20009 -20007
3602 -20047 -20043
3603 -20015 -20013
3604 -20011 -20009
3605 -20002 -20003
3606 -20018 -20018
3607 -20014 -20010
3608 -20016 -20012
3609 -20073 -20073
3610 -20012 -20017
3611 -20004 -19997
3612 -20013 -20003
3613 -20003 -19998
3614 -20016 -20010
3615 -20015 -20008
3616 -20007 -20008
3617 -20007 -20007
3618 -20026 -20030
3619 -20014 -20013
3620 -20020 -20026
3621 -20017 -20015
3622 -20003 -19992
3623 -20003 -20007
3624 -20020 -20012
3625 -20017 -20009
3626 -19999 -19995
3627 -20009 -19998
3628 -20022 -20026
3629 -20003 -20001
3630 -20013 -20005
3631 -19998 -19991
3632 -20012 -20018
3633 -20029 -20028
3634 -20007 -19995
3635 -20012 -20008
3636 -20014 -20012
3637 -20011 -20003
3638 -20036 -20026
3639 -20002 -20004
3640 -20034 -20046
3641 -19997 -19998
3642 -20008 -20009
3643 -20012 -20007
3644 -20002 -20002
3645 -20008 -20003
3646 -20005 -20001
3647 -20020 -20018
3648 -20000 -20000
3649 -20002 -19991
3650 -19999 -19994
3651 -20004 -20007
3652 -20018 -20005
3653 -20025 -20021
3654 -20007 -20000
3655 -20015 -20014
3656 -20011 -19999
3657 -20001 -20000
3658 -20016 -20020
3659 -20001 -20001
3660 -20002 -19992
3661 -20005 -20002
3662 -20020 -20005
3663 -20013 -20010
3664 -19995 -19995
3665 -20006 -20006
3666 -20002 -19997
3667 -20013 -20012
3668 -20000 -19995
3669 -20003 -20006
3670 -20015 -20018
3671 -20008 -20010
3672 -20009 -20011
3673 -20026 -20027
3674 -20008 -20008
3675 -20012 -20006
3676 -20022 -20018
3677 -20020 -20019
3678 -20008 -20003
3679 -19998 -19992
3680 -20014 -20006
3681 -20021 -20029
3682 -20015 -20011
3683 -20025 -20040
3684 -20010 -20011
3685 -20006 -20009
3686 -20022 -20020
3687 -19998 -19998
3688 -19999 -19999
3689 -20006 -20009
3690 -20044 -20039
3691 -20005 -20003
3692 -20022 -20014
3693 -20019 -20013
3694 -19997 -19992
3695 -20023 -20018
3696 -20007 -20000
3697 -20012 -20007
3698 -20004 -19996
3699 -20001 -20008
3700 -20010 -20005
3701 -20011 -20003
3702 -20003 -20004
3703 -20023 -20013
3704 -20001 -19999
3705 -19988 -19981
3706 -20010 -20007
3707 -20008 -20017
3708 -20011 -20007
3709 -20006 -20001
3710 -20017 -20021
3711 -20004 -19997
3712 -20024 -20021
3713 -20010 -19999
3714 -20021 -20014
3715 -20006 -20005
3716 -20005 -20005
3717 -20009 -20005
3718 -20020 -20018
3719 -19995 -19998
3720 -20008 -20007
3721 -20008 -19995
3722 -20000 -19991
3723 -19989 -19981
3724 -20016 -20006
3725 -20011 -20003
3726 -20002 -19990
3727 -20002 -20013
3728 -20015 -20004
3729 -20012 -20012
3730 -20009 -20002
3731 -20011 -20006
3732 -20000 -19996
3733 -20002 -19997
3734 -20033 -20021
3735 -20017 -20006
3736 -20008 -20006
3737 -20009 -20008
3738 -20008 -20003
3739 -19999 -19990
3740 -20006 -20004
3741 -20014 -20009
3742 -20003 -20001
3743 -20006 -20000
3744 -19999 -19991
3745 -20015 -20011
3746 -20009 -20008
3747 -20006 -20002
3748 -20000 -20001
3749 -20011 -20000
3750 -20010 -19997
3751 -20005 -20005
3752 -20025 -20026
3753 -19990 -19968
3754 -20013 -20002
3755 -20009 -20003
3756 -20036 -20031
3757 -20010 -20013
3758 -20005 -19999
3759 -20023 -20026
3760 -20013 -20014
3761 -20012 -20006
3762 -20009 -19998
3763 -19988 -19979
3764 -19998 -19996
3765 -20002 -19998
3766 -20014 -20010
3767 -20013 -20025
3768 -20005 -19997
3769 -20034 -20035
3770 -20005 -20007
3771 -20039 -20042
3772 -20015 -20004
3773 -19998 -19992
3774 -20002 -19998
3775 -19994 -19993
3776 -20004 -20001
3777 -20000 -19988
3778 -20020 -20012
3779 -20007 -20003
3780 -20015 -20017
3781 -20008 -19995
3782 -20017 -20013
3783 -20011 -20011
3784 -20019 -20008
3785 -19996 -19990
3786 -20000 -20001
3787 -20012 -20013
3788 -20015 -20007
3789 -20010 -20000
3790 -20000 -19993
3791 -20020 -20013
3792 -20005 -19999
3793 -20003 -20003
3794 -20006 -19998
3795 -20012 -20004
3796 -19993 -19984
3797 -20018 -20002
3798 -20011 -20003
3799 -20008 -20004
3800 -20007 -20003
3801 -20015 -20003
3802 -20005 -20011
3803 -20033 -20032
3804 -20016 -20009
3805 -20017 -20011
3806 -20013 -20006
3807 -20010 -20004
3808 -20013 -20011
3809 -20006 -20007
3810 -20012 -20011
3811 -20018 -20022
3812 -20005 -20006
3813 -20019 -20015
3814 -19997 -19997
3815 -20004 -20000
3816 -20001 -20000
3817 -20008 -19995
3818 -20016 -20013
3819 -20017 -20022
3820 -19998 -19992
3821 -20017 -20012
3822 -20001 -19999
3823 -20000 -19995
3824 -19997 -19995
3825 -20008 -20003
3826 -20015 -20015
3827 -20002 -19993
3828 -20009 -20000
