0 -21216 -57601
1 -21220 -57601
2 -21221 -57601
3 -21214 -57601
4 -21217 -57601
5 -21219 -57601
6 -21221 -57601
7 -21225 -57601
8 -21230 -57601
9 -21220 -57601
10 -21224 -57601
11 -21218 -57601
12 -21215 -57601
13 -21220 -57601
14 -21219 -57601
15 -21219 -57601
16 -21221 -57601
17 -21221 -57601
18 -21219 -57601
19 -21225 -57601
20 -21221 -57601
21 -21220 -57601
22 -21222 -57601
23 -21216 -57601
24 -21212 -57601
25 -21219 -57601
26 -21229 -57601
27 -21218 -57601
28 -21221 -57601
29 -21224 -57601
30 -21218 -57601
31 -21221 -57601
32 -21222 -57601
33 -21215 -57601
34 -21218 -57601
35 -21221 -57601
36 -21219 -57601
37 -21218 -57601
38 -21221 -57601
39 -21218 -57601
40 -21222 -57601
41 -21224 -57601
42 -21220 -57601
43 -21225 -57601
44 -21227 -57601
45 -21225 -57601
46 -21218 -57601
47 -21215 -57601
48 -21220 -57601
49 -21215 -57601
50 -21219 -57601
51 -21216 -57601
52 -21219 -57601
53 -21217 -57601
54 -21217 -57601
55 -21221 -57601
56 -21229 -57601
57 -21230 -57601
58 -21219 -57601
59 -21225 -57601
60 -21228 -57601
61 -21221 -57601
62 -21221 -57601
63 -21217 -57601
64 -21219 -57601
65 -21217 -57601
66 -21241 -57601
67 -21216 -57601
68 -21219 -57601
69 -21218 -57601
70 -21217 -57601
71 -21227 -57601
72 -21218 -57601
73 -21221 -57601
74 -21227 -57601
75 -21221 -57601
76 -21219 -57601
77 -21216 -57601
78 -21216 -57601
79 -21220 -57601
80 -21220 -57601
81 -21223 -57601
82 -21221 -57601
83 -21223 -57601
84 -21182 -57601
85 -21222 -57601
86 -21222 -57601
87 -21219 -57601
88 -21220 -57601
89 -21219 -57601
90 -21220 -57601
91 -21218 -57601
92 -21223 -57601
93 -21222 -57601
94 -21220 -57601
95 -21217 -57601
96 -21220 -57601
97 -21217 -57601
98 -21220 -57601
99 -21219 -57601
100 -21217 -57601
101 -21220 -57601
102 -21218 -57601
103 -21220 -57601
104 -21221 -57601
105 -21221 -57601
106 -21218 -57601
107 -21231 -57601
108 -21219 -57601
109 -21215 -57601
110 -21229 -57601
111 -21218 -57601
112 -21225 -57601
113 -21217 -57601
114 -21218 -57601
115 -21221 -57601
116 -21221 -57601
117 -21230 -57601
118 -21218 -57601
119 -21224 -57601
120 -21219 -57601
121 -21217 -57601
122 -21220 -57601
123 -21222 -57601
124 -21226 -57601
125 -21219 -57601
126 -21217 -57601
127 -21221 -57601
128 -21217 -57601
129 -21217 -57601
130 -21217 -57601
131 -21230 -57601
132 -21223 -57601
133 -21221 -57601
134 -21222 -57601
135 -21216 -57601
136 -21225 -57601
137 -21220 -57601
138 -21221 -57601
139 -21219 -57601
140 -21216 -57601
141 -21216 -57601
142 -21244 -57601
143 -21219 -57601
144 -21220 -57601
145 -21215 -57601
146 -21217 -57601
147 -21215 -57601
148 -21207 -57601
149 -21220 -57601
150 -21221 -57601
151 -21221 -57601
152 -21217 -57601
153 -21195 -57601
154 -21221 -57601
155 -21215 -57601
156 -21216 -57601
157 -21220 -57601
158 -21225 -57601
159 -21219 -57601
160 -21219 -57601
161 -21217 -57601
162 -21218 -57601
163 -21216 -57601
164 -21218 -57601
165 -21220 -57601
166 -21221 -57601
167 -21224 -57601
168 -21216 -57601
169 -21220 -57601
170 -21225 -57601
171 -21223 -57601
172 -21219 -57601
173 -21221 -57601
174 -21227 -57601
175 -21220 -57601
176 -21218 -57601
177 -21215 -57601
178 -21215 -57601
179 -21230 -57601
180 -21218 -57601
181 -21242 -57601
182 -21222 -57601
183 -21219 -57601
184 -21218 -57601
185 -21216 -57601
186 -21218 -57601
187 -21222 -57601
188 -21222 -57601
189 -21227 -57601
190 -21228 -57601
191 -21226 -57601
192 -21219 -57601
193 -21222 -57601
194 -21218 -57601
195 -21220 -57601
196 -21221 -57601
197 -21220 -57601
198 -21215 -57601
199 -21221 -57601
200 -21217 -57601
201 -21222 -57601
202 -21220 -57601
203 -21212 -57601
204 -21226 -57601
205 -21222 -57601
206 -21220 -57601
207 -21217 -57601
208 -21214 -57601
209 -21215 -57601
210 -21221 -57601
211 -21219 -57601
212 -21223 -57601
213 -21220 -57601
214 -21222 -57601
215 -21219 -57601
216 -21221 -57601
217 -21220 -57601
218 -21231 -57601
219 -21222 -57601
220 -21220 -57601
221 -21224 -57601
222 -21218 -57601
223 -21225 -57601
224 -21222 -57601
225 -21216 -57601
226 -21219 -57601
227 -21223 -57601
228 -21223 -57601
229 -21219 -57601
230 -21219 -57601
231 -21223 -57601
232 -21222 -57601
233 -21218 -57601
234 -21222 -57601
235 -21227 -57601
236 -21221 -57601
237 -21215 -57601
238 -21222 -57601
239 -21216 -57601
240 -21219 -57601
241 -21219 -57601
242 -21216 -57601
243 -21220 -57601
244 -21225 -57601
245 -21217 -57601
246 -21224 -57601
247 -21220 -57601
248 -21222 -57601
249 -21222 -57601
250 -21218 -57601
251 -21219 -57601
252 -21221 -57601
253 -21221 -57601
254 -21214 -57601
255 -21224 -57601
256 -21224 -57601
257 -21219 -57601
258 -21222 -57601
259 -21218 -57601
260 -21217 -57601
261 -21222 -57601
262 -21219 -57601
263 -21214 -57601
264 -21220 -57601
265 -21215 -57601
266 -21219 -57601
267 -21220 -57601
268 -21215 -57601
269 -21221 -57601
270 -21222 -57601
271 -21225 -57601
272 -21229 -57601
273 -21226 -57601
274 -21218 -57601
275 -21234 -57601
276 -21219 -57601
277 -21220 -57601
278 -21220 -57601
279 -21220 -57601
280 -21220 -57601
281 -21221 -57601
282 -21221 -57601
283 -21222 -57601
284 -21230 -57601
285 -21226 -57601
286 -21224 -57601
287 -21223 -57601
288 -21216 -57601
289 -21223 -57601
290 -21217 -57601
291 -21215 -57601
292 -21218 -57601
293 -21226 -57601
294 -21220 -57601
295 -21218 -57601
296 -21222 -57601
297 -21223 -57601
298 -21220 -57601
299 -21221 -57601
300 -21220 -57601
301 -21219 -57601
302 -21220 -57601
303 -21220 -57601
304 -21218 -57601
305 -21217 -57601
306 -21223 -57601
307 -21222 -57601
308 -21222 -57601
309 -21223 -57601
310 -21215 -57601
311 -21219 -57601
312 -21217 -57601
313 -21241 -57601
314 -21219 -57601
315 -21219 -57601
316 -21216 -57601
317 -21228 -57601
318 -21225 -57601
319 -21226 -57601
320 -21217 -57601
321 -21215 -57601
322 -21230 -57601
323 -21216 -57601
324 -21220 -57601
325 -21220 -57601
326 -21219 -57601
327 -21219 -57601
328 -21229 -57601
329 -21227 -57601
330 -21223 -57601
331 -21218 -57601
332 -21218 -57601
333 -21220 -57601
334 -21223 -57601
335 -21219 -57601
336 -21228 -57601
337 -21220 -57601
338 -21221 -57601
339 -21226 -57601
340 -21227 -57601
341 -21221 -57601
342 -21215 -57601
343 -21219 -57601
344 -21220 -57601
345 -21226 -57601
346 -21230 -57601
347 -21217 -57601
348 -21223 -57601
349 -21225 -57601
350 -21220 -57601
351 -21225 -57601
352 -21219 -57601
353 -21218 -57601
354 -21221 -57601
355 -21229 -57601
356 -21222 -57601
357 -21223 -57601
358 -21223 -57601
359 -21223 -57601
360 -21216 -57601
361 -21224 -57601
362 -21219 -57601
363 -21218 -57601
364 -21218 -57601
365 -21223 -57601
366 -21222 -57601
367 -21223 -57601
368 -21221 -57601
369 -21222 -57601
370 -21224 -57601
371 -21219 -57601
372 -21220 -57601
373 -21223 -57601
374 -21221 -57601
375 -21220 -57601
376 -21215 -57601
377 -21226 -57601
378 -21220 -57601
379 -21221 -57601
380 -21224 -57601
381 -21220 -57601
382 -21220 -57601
383 -21216 -57601
384 -21218 -57601
385 -21224 -57601
386 -21216 -57601
387 -21215 -57601
388 -21218 -57601
389 -21221 -57601
390 -21237 -57601
391 -21222 -57601
392 -21219 -57601
393 -21220 -57601
394 -21220 -57601
395 -21224 -57601
396 -21222 -57601
397 -21225 -57601
398 -21225 -57601
399 -21214 -57601
400 -21222 -57601
401 -21221 -57601
402 -21219 -57601
403 -21216 -57601
404 -21220 -57601
405 -21221 -57601
406 -21214 -57601
407 -21218 -57601
408 -21215 -57601
409 -21213 -57601
410 -21216 -57601
411 -21221 -57601
412 -21221 -57601
413 -21223 -57601
414 -21220 -57601
415 -21221 -57601
416 -21222 -57601
417 -21221 -57601
418 -21218 -57601
419 -21218 -57601
420 -21217 -57601
421 -21218 -57601
422 -21219 -57601
423 -21221 -57601
424 -21223 -57601
425 -21227 -57601
426 -21217 -57601
427 -21233 -57601
428 -21221 -57601
429 -21221 -57601
430 -21224 -57601
431 -21222 -57601
432 -21217 -57601
433 -21221 -57601
434 -21219 -57601
435 -21218 -57601
436 -21225 -57601
437 -21217 -57601
438 -21222 -57601
439 -21222 -57601
440 -21224 -57601
441 -21220 -57601
442 -21194 -57601
443 -21221 -57601
444 -21232 -57601
445 -21221 -57601
446 -21223 -57601
447 -21224 -57601
448 -21223 -57601
449 -21221 -57601
450 -21228 -57601
451 -21221 -57601
452 -21219 -57601
453 -21224 -57601
454 -21224 -57601
455 -21225 -57601
456 -21221 -57601
457 -21219 -57601
458 -21224 -57601
459 -21223 -57601
460 -21213 -57601
461 -21219 -57601
462 -21223 -57601
463 -21218 -57601
464 -21220 -57601
465 -21216 -57601
466 -21235 -57601
467 -21217 -57601
468 -21217 -57601
469 -21224 -57601
470 -21218 -57601
471 -21224 -57601
472 -21221 -57601
473 -21216 -57601
474 -21220 -57601
475 -21223 -57601
476 -21218 -57601
477 -21221 -57601
478 -21223 -57601
479 -21220 -57601
480 -21222 -57601
481 -21218 -57601
482 -21229 -57601
483 -21221 -57601
484 -21219 -57601
485 -21229 -57601
486 -21220 -57601
487 -21217 -57601
488 -21220 -57601
489 -21226 -57601
490 -21225 -57601
491 -21226 -57601
492 -21221 -57601
493 -21215 -57601
494 -21223 -57601
495 -21220 -57601
496 -21215 -57601
497 -21230 -57601
498 -21221 -57601
499 -21223 -57601
500 -21223 -57601
501 -21221 -57601
502 -21231 -57601
503 -21213 -57601
504 -21222 -57601
505 -21216 -57601
506 -21220 -57601
507 -21221 -57601
508 -21221 -57601
509 -21218 -57601
510 -21216 -57601
511 -21220 -57601
512 -21222 -57601
513 -21218 -57601
514 -21219 -57601
515 -21214 -57601
516 -21218 -57601
517 -21217 -57601
518 -21218 -57601
519 -21228 -57601
520 -21219 -57601
521 -21225 -57601
522 -21217 -57601
523 -21223 -57601
524 -21216 -57601
525 -21221 -57601
526 -21222 -57601
527 -21217 -57601
528 -21223 -57601
529 -21219 -57601
530 -21225 -57601
531 -21222 -57601
532 -21216 -57601
533 -21221 -57601
534 -21222 -57601
535 -21217 -57601
536 -21220 -57601
537 -21222 -57601
538 -21217 -57601
539 -21221 -57601
540 -21218 -57601
541 -21230 -57601
542 -21227 -57601
543 -21216 -57601
544 -21218 -57601
545 -21216 -57601
546 -3726 -57601
547 -21215 -57601
548 -21216 -57601
549 -21225 -57601
550 -21218 -57601
551 -21224 -57601
552 -21219 -57601
553 -21221 -57601
554 -21220 -57601
555 -21220 -57601
556 -21218 -57601
557 -21216 -57601
558 -21223 -57601
559 -21229 -57601
560 -21220 -57601
561 -21217 -57601
562 -21223 -57601
563 -21220 -57601
564 -21215 -57601
565 -15977 -57601
566 -21223 -57601
567 -21217 -57601
568 -21217 -57601
569 -21223 -57601
570 -21216 -57601
571 -21218 -57601
572 -21217 -57601
573 -21220 -57601
574 -21227 -57601
575 -21225 -57601
576 -21220 -57601
577 -21219 -57601
578 -21219 -57601
579 -21217 -57601
580 -21218 -57601
581 -21222 -57601
582 -21229 -57601
583 -21220 -57601
584 -21217 -57601
585 -21222 -57601
586 -21219 -57601
587 -21220 -57601
588 -21225 -57601
589 -21220 -57601
590 -21227 -57601
591 -21220 -57601
592 -21220 -57601
593 -21221 -57601
594 -21225 -57601
595 -21216 -57601
596 -21228 -57601
597 -21220 -57601
598 -21219 -57601
599 -21225 -57601
600 -21221 -57601
601 -21224 -57601
602 -21220 -57601
603 -21217 -57601
604 -21223 -57601
605 -21220 -57601
606 -21227 -57601
607 -21221 -57601
608 -21221 -57601
609 -21215 -57601
610 -21222 -57601
611 -21223 -57601
612 -21221 -57601
613 -21221 -57601
614 -21219 -57601
615 -21220 -57601
616 -21234 -57601
617 -21223 -57601
618 -21220 -57601
619 -21214 -57601
620 -21221 -57601
621 -21220 -57601
622 -21221 -57601
623 -21219 -57601
624 -21216 -57601
625 -21216 -57601
626 -21223 -57601
627 -21215 -57601
628 -21223 -57601
629 -21219 -57601
630 -21222 -57601
631 -21224 -57601
632 -21217 -57601
633 -21223 -57601
634 -21218 -57601
635 -21220 -57601
636 -21226 -57601
637 -21219 -57601
638 -21218 -57601
639 -21228 -57601
640 -21221 -57601
641 -21203 -57601
642 -21222 -57601
643 -21218 -57601
644 -21219 -57601
645 -21216 -57601
646 -21222 -57601
647 -21220 -57601
648 -21220 -57601
649 -21223 -57601
650 -21222 -57601
651 -21222 -57601
652 -21219 -57601
653 -21221 -57601
654 -21227 -57601
655 -21223 -57601
656 -21218 -57601
657 -21220 -57601
658 -21222 -57601
659 -21226 -57601
660 -21220 -57601
661 -21220 -57601
662 -21229 -57601
663 -21227 -57601
664 -21221 -57601
665 -21219 -57601
666 -21220 -57601
667 -21214 -57601
668 -21220 -57601
669 -21218 -57601
670 -21222 -57601
671 -21221 -57601
672 -21220 -57601
673 -21231 -57601
674 -21230 -57601
675 -21217 -57601
676 -21220 -57601
677 -21222 -57601
678 -21216 -57601
679 -21216 -57601
680 -21218 -57601
681 -21216 -57601
682 -21216 -57601
683 -21219 -57601
684 -21222 -57601
685 -21216 -57601
686 -21218 -57601
687 -21219 -57601
688 -21218 -57601
689 -21226 -57601
690 -21216 -57601
691 -21225 -57601
692 -21221 -57601
693 -21216 -57601
694 -21221 -57601
695 -21224 -57601
696 -21222 -57601
697 -21223 -57601
698 -21217 -57601
699 -21218 -57601
700 -21224 -57601
701 -21219 -57601
702 -21214 -57601
703 -21216 -57601
704 -21224 -57601
705 -21220 -57601
706 -21214 -57601
707 -21221 -57601
708 -21224 -57601
709 -21218 -57601
710 -21217 -57601
711 -21221 -57601
712 -21218 -57601
713 -21220 -57601
714 -21222 -57601
715 -21215 -57601
716 -21221 -57601
717 -21222 -57601
718 -21220 -57601
719 -21217 -57601
720 -21220 -57601
721 -17729 -57601
722 -21215 -57601
723 -21222 -57601
724 -21220 -57601
725 -21220 -57601
726 -21220 -57601
727 -21222 -57601
728 -21217 -57601
729 -21221 -57601
730 -21220 -57601
731 -21216 -57601
732 -21227 -57601
733 -21216 -57601
734 -21170 -57601
735 -21219 -57601
736 -21223 -57601
737 -21219 -57601
738 -21220 -57601
739 -21216 -57601
740 -21219 -57601
741 -21217 -57601
742 -21218 -57601
743 -21220 -57601
744 -21219 -57601
745 -21221 -57601
746 -21216 -57601
747 -21224 -57601
748 -21219 -57601
749 -21217 -57601
750 -21232 -57601
751 -21222 -57601
752 -21214 -57601
753 -21220 -57601
754 -21222 -57601
755 -21221 -57601
756 -21225 -57601
757 -21222 -57601
758 -21215 -57601
759 -21224 -57601
760 -21224 -57601
761 -21221 -57601
762 -21216 -57601
763 -21219 -57601
764 -21226 -57601
765 -21221 -57601
766 -21217 -57601
767 -21217 -57601
768 -21217 -57601
769 -21225 -57601
770 -21221 -57601
771 -21218 -57601
772 -21223 -57601
773 -21219 -57601
774 -21219 -57601
775 -21222 -57601
776 -21217 -57601
777 -21221 -57601
778 -21221 -57601
779 -21229 -57601
780 -21221 -57601
781 -21219 -57601
782 -21228 -57601
783 -21216 -57601
784 -21221 -57601
785 -21217 -57601
786 -21222 -57601
787 -21229 -57601
788 -21220 -57601
789 -21224 -57601
790 -21217 -57601
791 -21219 -57601
792 -21218 -57601
793 -21224 -57601
794 -21217 -57601
795 -21217 -57601
796 -21216 -57601
797 -21217 -57601
798 -21221 -57601
799 -21218 -57601
800 -21224 -57601
801 -21218 -57601
802 -21218 -57601
803 -21223 -57601
804 -21219 -57601
805 -21220 -57601
806 -21219 -57601
807 -21234 -57601
808 -21216 -57601
809 -21220 -57601
810 -21218 -57601
811 -21218 -57601
812 -21224 -57601
813 -21216 -57601
814 -21202 -57601
815 -21221 -57601
816 -21218 -57601
817 -21226 -57601
818 -21227 -57601
819 -21221 -57601
820 -21220 -57601
821 -21221 -57601
822 -21222 -57601
823 -21225 -57601
824 -21218 -57601
825 -21219 -57601
826 -21218 -57601
827 -21224 -57601
828 -21219 -57601
829 -21225 -57601
830 -21232 -57601
831 -21220 -57601
832 -21218 -57601
833 -21220 -57601
834 -21219 -57601
835 -21221 -57601
836 -21221 -57601
837 -21220 -57601
838 -21226 -57601
839 -21222 -57601
840 -21219 -57601
841 -21219 -57601
842 -21222 -57601
843 -21221 -57601
844 -21220 -57601
845 -21221 -57601
846 -21203 -57601
847 -21216 -57601
848 -21220 -57601
849 -21221 -57601
850 -21229 -57601
851 -21219 -57601
852 -21225 -57601
853 -21223 -57601
854 -21225 -57601
855 -21222 -57601
856 -21218 -57601
857 -21222 -57601
858 -21218 -57601
859 -21225 -57601
860 -21214 -57601
861 -21221 -57601
862 -21217 -57601
863 -21223 -57601
864 -21217 -57601
865 -21219 -57601
866 -21220 -57601
867 -21218 -57601
868 -21223 -57601
869 -21224 -57601
870 -21218 -57601
871 -21216 -57601
872 -21220 -57601
873 -21222 -57601
874 -21245 -57601
875 -21220 -57601
876 -21220 -57601
877 -21219 -57601
878 -21218 -57601
879 -21221 -57601
880 -21223 -57601
881 -21219 -57601
882 -21213 -57601
883 -21220 -57601
884 -21222 -57601
885 -21218 -57601
886 -21218 -57601
887 -21219 -57601
888 -21219 -57601
889 -21219 -57601
890 -21219 -57601
891 -21220 -57601
892 -21219 -57601
893 -21219 -57601
894 -21214 -57601
895 -21225 -57601
896 -21227 -57601
897 -21227 -57601
898 -21219 -57601
899 -21221 -57601
900 -21221 -57601
901 -21223 -57601
902 -21228 -57601
903 -21223 -57601
904 -21222 -57601
905 -21228 -57601
906 -21220 -57601
907 -21218 -57601
908 -21218 -57601
909 -21219 -57601
910 -21222 -57601
911 -21223 -57601
912 -21222 -57601
913 -21221 -57601
914 -21280 -57601
915 -21222 -57601
916 -21225 -57601
917 -21221 -57601
918 -21221 -57601
919 -21231 -57601
920 -21223 -57601
921 -21224 -57601
922 -21220 -57601
923 -21220 -57601
924 -21216 -57601
925 -21220 -57601
926 -21218 -57601
927 -21218 -57601
928 -21229 -57601
929 -21218 -57601
930 -21217 -57601
931 -21228 -57601
932 -21220 -57601
933 -21216 -57601
934 -21227 -57601
935 -21223 -57601
936 -21217 -57601
937 -21214 -57601
938 -21223 -57601
939 -21225 -57601
940 -21230 -57601
941 -21216 -57601
942 -21223 -57601
943 -21216 -57601
944 -21216 -57601
945 -21218 -57601
946 -21224 -57601
947 -21217 -57601
948 -21220 -57601
949 -21218 -57601
950 -21218 -57601
951 -21216 -57601
952 -21221 -57601
953 -21224 -57601
954 -21222 -57601
955 -21220 -57601
956 -21221 -57601
957 -21220 -57601
958 -21226 -57601
959 -21227 -57601
960 -21220 -57601
961 -21230 -57601
962 -21223 -57601
963 -21220 -57601
964 -21224 -57601
965 -21224 -57601
966 -21218 -57601
967 -21224 -57601
968 -21221 -57601
969 -21226 -57601
970 -21220 -57601
971 -21221 -57601
972 -21223 -57601
973 -21212 -57601
974 -21219 -57601
975 -21217 -57601
976 -21220 -57601
977 -21220 -57601
978 -21222 -57601
979 -21220 -57601
980 -21223 -57601
981 -21220 -57601
982 -21220 -57601
983 -21222 -57601
984 -21220 -57601
985 -21216 -57601
986 -21223 -57601
987 -21224 -57601
988 -21214 -57601
989 -21226 -57601
990 -21222 -57601
991 -21222 -57601
992 -21220 -57601
993 -21219 -57601
994 -21221 -57601
995 -21216 -57601
996 -21216 -57601
997 -21219 -57601
998 -21223 -57601
999 -21222 -57601
1000 -21216 -57601
1001 -21225 -57601
1002 -21220 -57601
1003 -21214 -57601
1004 -21213 -57601
1005 -21224 -57601
1006 -21220 -57601
1007 -21218 -57601
1008 -21220 -57601
1009 -21219 -57601
1010 -21224 -57601
1011 -21215 -57601
1012 -21225 -57601
1013 -21219 -57601
1014 -21224 -57601
1015 -21223 -57601
1016 -21215 -57601
1017 -21223 -57601
1018 -21218 -57601
1019 -21220 -57601
1020 -21232 -57601
1021 -21220 -57601
1022 -21220 -57601
1023 -21223 -57601
1024 -21220 -57601
1025 -21216 -57601
1026 -21220 -57601
1027 -21221 -57601
1028 -21218 -57601
1029 -21222 -57601
1030 -21219 -57601
1031 -21218 -57601
1032 -21222 -57601
1033 -21223 -57601
1034 -21217 -57601
1035 -21220 -57601
1036 -21221 -57601
1037 -21217 -57601
1038 -21222 -57601
1039 -21220 -57601
1040 -21219 -57601
1041 -21225 -57601
1042 -21225 -57601
1043 -21222 -57601
1044 -21242 -57601
1045 -21220 -57601
1046 -21224 -57601
1047 -21230 -57601
1048 -21218 -57601
1049 -21216 -57601
1050 -21221 -57601
1051 -21220 -57601
1052 -21215 -57601
1053 -21219 -57601
1054 -21220 -57601
1055 -21231 -57601
1056 -21222 -57601
1057 -21221 -57601
1058 -21219 -57601
1059 -21226 -57601
1060 -21227 -57601
1061 -21218 -57601
1062 -21216 -57601
1063 -21219 -57601
1064 -21226 -57601
1065 -21233 -57601
1066 -21220 -57601
1067 -21215 -57601
1068 -21222 -57601
1069 -21223 -57601
1070 -21226 -57601
1071 -21225 -57601
1072 -21243 -57601
1073 -21220 -57601
1074 -21220 -57601
1075 -21217 -57601
1076 -21227 -57601
1077 -21222 -57601
1078 -21222 -57601
1079 -21221 -57601
1080 -21219 -57601
1081 -21221 -57601
1082 -21216 -57601
1083 -21226 -57601
1084 -21219 -57601
1085 -21219 -57601
1086 -21220 -57601
1087 -21223 -57601
1088 -21217 -57601
1089 -21221 -57601
1090 -21217 -57601
1091 -21229 -57601
1092 -21222 -57601
1093 -21216 -57601
1094 -21217 -57601
1095 -21228 -57601
1096 -21216 -57601
1097 -21214 -57601
1098 -21222 -57601
1099 -21220 -57601
1100 -21216 -57601
1101 -21226 -57601
1102 -21221 -57601
1103 -21224 -57601
1104 -21213 -57601
1105 -21223 -57601
1106 -21232 -57601
1107 -21215 -57601
1108 -21216 -57601
1109 -21226 -57601
1110 -21219 -57601
1111 -21219 -57601
1112 -21222 -57601
1113 -21221 -57601
1114 -21225 -57601
1115 -21219 -57601
1116 -21230 -57601
1117 -21222 -57601
1118 -21229 -57601
1119 -21217 -57601
1120 -21221 -57601
1121 -21218 -57601
1122 -21218 -57601
1123 -21220 -57601
1124 -21223 -57601
1125 -21227 -57601
1126 -21221 -57601
1127 -21224 -57601
1128 -21219 -57601
1129 -21224 -57601
1130 -21218 -57601
1131 -21218 -57601
1132 -21223 -57601
1133 -21222 -57601
1134 -21222 -57601
1135 -21218 -57601
1136 -21224 -57601
1137 -21234 -57601
1138 -21216 -57601
1139 -21226 -57601
1140 -21221 -57601
1141 -21222 -57601
1142 -21219 -57601
1143 -21219 -57601
1144 -21216 -57601
1145 -21225 -57601
1146 -21220 -57601
1147 -21222 -57601
1148 -21218 -57601
1149 -21218 -57601
1150 -21224 -57601
1151 -21224 -57601
1152 -21229 -57601
1153 -21222 -57601
1154 -21219 -57601
1155 -21233 -57601
1156 -21217 -57601
1157 -21220 -57601
1158 -21224 -57601
1159 -21227 -57601
1160 -21225 -57601
1161 -21220 -57601
1162 -21225 -57601
1163 -21227 -57601
1164 -21218 -57601
1165 -21220 -57601
1166 -21223 -57601
1167 -21223 -57601
1168 -21220 -57601
1169 -21221 -57601
1170 -21229 -57601
1171 -21232 -57601
1172 -21221 -57601
1173 -21224 -57601
1174 -21216 -57601
1175 -21216 -57601
1176 -21222 -57601
1177 -21226 -57601
1178 -21217 -57601
1179 -21219 -57601
1180 -21219 -57601
1181 -21218 -57601
1182 -21216 -57601
1183 -21223 -57601
1184 -21219 -57601
1185 -21213 -57601
1186 -21213 -57601
1187 -21218 -57601
1188 -21219 -57601
1189 -21221 -57601
1190 -21221 -57601
1191 -21218 -57601
1192 -21220 -57601
1193 -21213 -57601
1194 -21223 -57601
1195 -21218 -57601
1196 -21230 -57601
1197 -21221 -57601
1198 -21225 -57601
1199 -21224 -57601
1200 -21223 -57601
1201 -21217 -57601
1202 -21215 -57601
1203 -21217 -57601
1204 -21250 -57601
1205 -21220 -57601
1206 -21213 -57601
1207 -21217 -57601
1208 -21226 -57601
1209 -21216 -57601
1210 -21223 -57601
1211 -21218 -57601
1212 -21217 -57601
1213 -21213 -57601
1214 -21218 -57601
1215 -21221 -57601
1216 -21220 -57601
1217 -21220 -57601
1218 -21224 -57601
1219 -21221 -57601
1220 -21223 -57601
1221 -21218 -57601
1222 -21222 -57601
1223 -21228 -57601
1224 -21220 -57601
1225 -21220 -57601
1226 -21220 -57601
1227 -21229 -57601
1228 -21223 -57601
1229 -21224 -57601
1230 -21234 -57601
1231 -21218 -57601
1232 -21223 -57601
1233 -15979 -57601
1234 -21224 -57601
1235 -21218 -57601
1236 -21217 -57601
1237 -21203 -57601
1238 -21222 -57601
1239 -21219 -57601
1240 -21224 -57601
1241 -21219 -57601
1242 -21227 -57601
1243 -21224 -57601
1244 -21220 -57601
1245 -21224 -57601
1246 -21224 -57601
1247 -21218 -57601
1248 -21221 -57601
1249 -21220 -57601
1250 -21218 -57601
1251 -21229 -57601
1252 -21219 -57601
1253 -21229 -57601
1254 -21217 -57601
1255 -21218 -57601
1256 -21226 -57601
1257 -21219 -57601
1258 -21221 -57601
1259 -21219 -57601
1260 -21216 -57601
1261 -21221 -57601
1262 -21231 -57601
1263 -21222 -57601
1264 -21223 -57601
1265 -21214 -57601
1266 -21220 -57601
1267 -21216 -57601
1268 -21217 -57601
1269 -21221 -57601
1270 -21223 -57601
1271 -21219 -57601
1272 -21218 -57601
1273 -21218 -57601
1274 -21220 -57601
1275 -21219 -57601
1276 -21222 -57601
1277 -21217 -57601
1278 -21222 -57601
1279 -21216 -57601
1280 -21227 -57601
1281 -21225 -57601
1282 -21219 -57601
1283 -21221 -57601
1284 -21218 -57601
1285 -21220 -57601
1286 -21222 -57601
1287 -21221 -57601
1288 -21224 -57601
1289 -21221 -57601
1290 -21222 -57601
1291 -21221 -57601
1292 -21219 -57601
1293 -21220 -57601
1294 -21218 -57601
1295 -21218 -57601
1296 -21218 -57601
1297 -21217 -57601
1298 -21221 -57601
1299 -21219 -57601
1300 -21215 -57601
1301 -21221 -57601
1302 -21222 -57601
1303 -21222 -57601
1304 -21219 -57601
1305 -21215 -57601
1306 -21219 -57601
1307 -21221 -57601
1308 -21217 -57601
1309 -21220 -57601
1310 -21223 -57601
1311 -21214 -57601
1312 -21226 -57601
1313 -21221 -57601
1314 -21229 -57601
1315 -21223 -57601
1316 -21223 -57601
1317 -21227 -57601
1318 -21225 -57601
1319 -21226 -57601
1320 -21217 -57601
1321 -21222 -57601
1322 -21217 -57601
1323 -21212 -57601
1324 -21220 -57601
1325 -21217 -57601
1326 -21217 -57601
1327 -21218 -57601
1328 -21219 -57601
1329 -21217 -57601
1330 -21220 -57601
1331 -21217 -57601
1332 -21220 -57601
1333 -21224 -57601
1334 -21216 -57601
1335 -21228 -57601
1336 -21218 -57601
1337 -21219 -57601
1338 -21222 -57601
1339 -21221 -57601
1340 -21223 -57601
1341 -21220 -57601
1342 -21216 -57601
1343 -21226 -57601
1344 -21226 -57601
1345 -21219 -57601
1346 -21223 -57601
1347 -21221 -57601
1348 -21219 -57601
1349 -21227 -57601
1350 -21220 -57601
1351 -21227 -57601
1352 -21221 -57601
1353 -21222 -57601
1354 -21225 -57601
1355 -21212 -57601
1356 -21223 -57601
1357 -21229 -57601
1358 -21225 -57601
1359 -21219 -57601
1360 -21221 -57601
1361 -21221 -57601
1362 -21215 -57601
1363 -21219 -57601
1364 -21220 -57601
1365 -21221 -57601
1366 -21221 -57601
1367 -21219 -57601
1368 -21226 -57601
1369 -21222 -57601
1370 -21218 -57601
1371 -21222 -57601
1372 -21229 -57601
1373 -21216 -57601
1374 -21220 -57601
1375 -21223 -57601
1376 -21223 -57601
1377 -21214 -57601
1378 -21218 -57601
1379 -21224 -57601
1380 -21223 -57601
1381 -21220 -57601
1382 -21226 -57601
1383 -21216 -57601
1384 -21220 -57601
1385 -21214 -57601
1386 -21221 -57601
1387 -21219 -57601
1388 -21216 -57601
1389 -21218 -57601
1390 -21220 -57601
1391 -21224 -57601
1392 -21219 -57601
1393 -21216 -57601
1394 -21217 -57601
1395 -21223 -57601
1396 -21222 -57601
1397 -21226 -57601
1398 -21223 -57601
1399 -21219 -57601
1400 -21217 -57601
1401 -21220 -57601
1402 -21218 -57601
1403 -21218 -57601
1404 -21227 -57601
1405 -21226 -57601
1406 -21228 -57601
1407 -21224 -57601
1408 -21210 -57601
1409 -21218 -57601
1410 -21219 -57601
1411 -21222 -57601
1412 -21220 -57601
1413 -21219 -57601
1414 -21218 -57601
1415 -21219 -57601
1416 -21217 -57601
1417 -21217 -57601
1418 -21223 -57601
1419 -21221 -57601
1420 -21222 -57601
1421 -21222 -57601
1422 -21221 -57601
1423 -21223 -57601
1424 -21222 -57601
1425 -21220 -57601
1426 -21219 -57601
1427 -21217 -57601
1428 -21217 -57601
1429 -21226 -57601
1430 -21220 -57601
1431 -21224 -57601
1432 -21218 -57601
1433 -21237 -57601
1434 -21217 -57601
1435 -21218 -57601
1436 -21214 -57601
1437 -21230 -57601
1438 -21218 -57601
1439 -21216 -57601
1440 -21217 -57601
1441 -21218 -57601
1442 -21218 -57601
1443 -21223 -57601
1444 -21217 -57601
1445 -21221 -57601
1446 -21213 -57601
1447 -21225 -57601
1448 -21219 -57601
1449 -21218 -57601
1450 -21225 -57601
1451 -21174 -57601
1452 -21218 -57601
1453 -21219 -57601
1454 -21222 -57601
1455 -21219 -57601
1456 -21230 -57601
1457 -21226 -57601
1458 -21219 -57601
1459 -21213 -57601
1460 -21224 -57601
1461 -21233 -57601
1462 -21221 -57601
1463 -21218 -57601
1464 -21220 -57601
1465 -21218 -57601
1466 -21224 -57601
1467 -21221 -57601
1468 -21225 -57601
1469 -21219 -57601
1470 -21221 -57601
1471 -21223 -57601
1472 -21220 -57601
1473 -21220 -57601
1474 -21223 -57601
1475 -21219 -57601
1476 -21222 -57601
1477 -21219 -57601
1478 -21217 -57601
1479 -21224 -57601
1480 -21220 -57601
1481 -21219 -57601
1482 -21219 -57601
1483 -21227 -57601
1484 -21218 -57601
1485 -21226 -57601
1486 -21217 -57601
1487 -21222 -57601
1488 -21179 -57601
1489 -21216 -57601
1490 -21222 -57601
1491 -21217 -57601
1492 -21219 -57601
1493 -21221 -57601
1494 -3710 -57601
1495 -21219 -57601
1496 -21225 -57601
1497 -21227 -57601
1498 -21216 -57601
1499 -21220 -57601
1500 -21222 -57601
1501 -21224 -57601
1502 -21215 -57601
1503 -21223 -57601
1504 -21222 -57601
1505 -21221 -57601
1506 -21224 -57601
1507 -21218 -57601
1508 -21225 -57601
1509 -21218 -57601
1510 -21216 -57601
1511 -21221 -57601
1512 -21222 -57601
1513 -21218 -57601
1514 -21228 -57601
1515 -21222 -57601
1516 -21223 -57601
1517 -21221 -57601
1518 -21223 -57601
1519 -21218 -57601
1520 -21218 -57601
1521 -21227 -57601
1522 -21221 -57601
1523 -21222 -57601
1524 -21221 -57601
1525 -21226 -57601
1526 -21219 -57601
1527 -21219 -57601
1528 -21216 -57601
1529 -21233 -57601
1530 -21220 -57601
1531 -21222 -57601
1532 -21223 -57601
1533 -21214 -57601
1534 -21219 -57601
1535 -21223 -57601
1536 -21230 -57601
1537 -21224 -57601
1538 -21216 -57601
1539 -21216 -57601
1540 -21221 -57601
1541 -21222 -57601
1542 -21222 -57601
1543 -21219 -57601
1544 -21217 -57601
1545 -21225 -57601
1546 -21221 -57601
1547 -21219 -57601
1548 -21220 -57601
1549 -21229 -57601
1550 -21219 -57601
1551 -21219 -57601
1552 -21221 -57601
1553 -21222 -57601
1554 -21223 -57601
1555 -21223 -57601
1556 -21224 -57601
1557 -21219 -57601
1558 -21221 -57601
1559 -21217 -57601
1560 -21221 -57601
1561 -21216 -57601
1562 -21219 -57601
1563 -21218 -57601
1564 -21218 -57601
1565 -21220 -57601
1566 -21219 -57601
1567 -21222 -57601
1568 -21221 -57601
1569 -21222 -57601
1570 -21221 -57601
1571 -21229 -57601
1572 -21216 -57601
1573 -21219 -57601
1574 -21222 -57601
1575 -21213 -57601
1576 -21220 -57601
1577 -21219 -57601
1578 -21224 -57601
1579 -21221 -57601
1580 -21216 -57601
1581 -21219 -57601
1582 -21229 -57601
1583 -21215 -57601
1584 -21220 -57601
1585 -21219 -57601
1586 -21219 -57601
1587 -21222 -57601
1588 -21226 -57601
1589 -21217 -57601
1590 -21225 -57601
1591 -21220 -57601
1592 -21217 -57601
1593 -21218 -57601
1594 -21223 -57601
1595 -21219 -57601
1596 -21219 -57601
1597 -21221 -57601
1598 -21222 -57601
1599 -21217 -57601
1600 -21222 -57601
1601 -21215 -57601
1602 3317 -57601
1603 -21219 -57601
1604 -21217 -57601
1605 -21232 -57601
1606 -21224 -57601
1607 -21221 -57601
1608 -21223 -57601
1609 -21234 -57601
1610 -21221 -57601
1611 -21222 -57601
1612 -21218 -57601
1613 -21224 -57601
1614 -21221 -57601
1615 -21220 -57601
1616 -21225 -57601
1617 -21218 -57601
1618 -21227 -57601
1619 -21220 -57601
1620 -21222 -57601
1621 -21218 -57601
1622 -21219 -57601
1623 -21223 -57601
1624 -21221 -57601
1625 -21225 -57601
1626 -21219 -57601
1627 -21220 -57601
1628 -21222 -57601
1629 -21234 -57601
1630 -21220 -57601
1631 -21220 -57601
1632 -21186 -57601
1633 -21220 -57601
1634 -21221 -57601
1635 -21216 -57601
1636 -21219 -57601
1637 -21220 -57601
1638 -21221 -57601
1639 -21219 -57601
1640 -21222 -57601
1641 -21223 -57601
1642 -21221 -57601
1643 -21225 -57601
1644 -21230 -57601
1645 -21227 -57601
1646 -21219 -57601
1647 -21224 -57601
1648 -21218 -57601
1649 -21216 -57601
1650 -21219 -57601
1651 -21220 -57601
1652 -21219 -57601
1653 -21221 -57601
1654 -21222 -57601
1655 -21220 -57601
1656 -21218 -57601
1657 -21220 -57601
1658 -21222 -57601
1659 -21227 -57601
1660 -21220 -57601
1661 -21223 -57601
1662 -21220 -57601
1663 -21217 -57601
1664 -21222 -57601
1665 -21225 -57601
1666 -21216 -57601
1667 -21219 -57601
1668 -21225 -57601
1669 -21222 -57601
1670 -21222 -57601
1671 -21219 -57601
1672 -21217 -57601
1673 -21221 -57601
1674 -21216 -57601
1675 -21227 -57601
1676 -21220 -57601
1677 -21224 -57601
1678 -21214 -57601
1679 -21222 -57601
1680 -21225 -57601
1681 -21214 -57601
1682 -21222 -57601
1683 -21218 -57601
1684 -21222 -57601
1685 -21224 -57601
1686 -21219 -57601
1687 -21219 -57601
1688 -21217 -57601
1689 -21220 -57601
1690 -21223 -57601
1691 -21220 -57601
1692 -21217 -57601
1693 -21218 -57601
1694 -21226 -57601
1695 -21229 -57601
1696 -21222 -57601
1697 -21222 -57601
1698 -21226 -57601
1699 -21223 -57601
1700 -21220 -57601
1701 -21217 -57601
1702 -21220 -57601
1703 -21219 -57601
1704 -21219 -57601
1705 -21218 -57601
1706 -21227 -57601
1707 -21216 -57601
1708 -21225 -57601
1709 -21218 -57601
1710 -21223 -57601
1711 -21221 -57601
1712 -21216 -57601
1713 -21218 -57601
1714 -21218 -57601
1715 -21227 -57601
1716 -21228 -57601
1717 -21221 -57601
1718 -21221 -57601
1719 -21228 -57601
1720 -21218 -57601
1721 -21215 -57601
1722 -21223 -57601
1723 -21217 -57601
1724 -21222 -57601
1725 -21220 -57601
1726 -21218 -57601
1727 -21225 -57601
1728 -21222 -57601
1729 -21217 -57601
1730 -21221 -57601
1731 -21217 -57601
1732 -21217 -57601
1733 -21222 -57601
1734 -21213 -57601
1735 -21222 -57601
1736 -21215 -57601
1737 -21215 -57601
1738 -21224 -57601
1739 -21217 -57601
1740 -21219 -57601
1741 -21219 -57601
1742 -21222 -57601
1743 -21220 -57601
1744 -21219 -57601
1745 -21216 -57601
1746 -21220 -57601
1747 -21226 -57601
1748 -21227 -57601
1749 -21216 -57601
1750 -21219 -57601
1751 -21219 -57601
1752 -21220 -57601
1753 -21224 -57601
1754 -21227 -57601
1755 -21220 -57601
1756 -21223 -57601
1757 -21220 -57601
1758 -21223 -57601
1759 -21220 -57601
1760 -21222 -57601
1761 -21220 -57601
1762 -21220 -57601
1763 -21220 -57601
1764 -21215 -57601
1765 -21224 -57601
1766 -21219 -57601
1767 -21232 -57601
1768 -21219 -57601
1769 -21219 -57601
1770 -21218 -57601
1771 -21219 -57601
1772 -21224 -57601
1773 -21217 -57601
1774 -21222 -57601
1775 -21220 -57601
1776 -21220 -57601
1777 -21216 -57601
1778 -21222 -57601
1779 -21219 -57601
1780 -21220 -57601
1781 -21218 -57601
1782 -21217 -57601
1783 -21216 -57601
1784 -21219 -57601
1785 -21222 -57601
1786 -21219 -57601
1787 -21226 -57601
1788 -21218 -57601
1789 -21223 -57601
1790 -21223 -57601
1791 -21224 -57601
1792 -21221 -57601
1793 -21212 -57601
1794 -21225 -57601
1795 -21219 -57601
1796 -21216 -57601
1797 -21217 -57601
1798 -21222 -57601
1799 -21220 -57601
1800 -21219 -57601
1801 -21216 -57601
1802 -21226 -57601
1803 -21220 -57601
1804 -21223 -57601
1805 -21216 -57601
1806 -21217 -57601
1807 -21228 -57601
1808 -21215 -57601
1809 -21220 -57601
1810 -21216 -57601
1811 -21219 -57601
1812 -21222 -57601
1813 -21230 -57601
1814 -21219 -57601
1815 -21214 -57601
1816 -21221 -57601
1817 -21221 -57601
1818 -21217 -57601
1819 -21234 -57601
1820 -21225 -57601
1821 -21220 -57601
1822 -21221 -57601
1823 -21221 -57601
1824 -21221 -57601
1825 -21220 -57601
1826 -21222 -57601
1827 -21226 -57601
1828 -21222 -57601
1829 -21229 -57601
1830 -21222 -57601
1831 -21231 -57601
1832 -21218 -57601
1833 -21217 -57601
1834 -21217 -57601
1835 -21215 -57601
1836 -21219 -57601
1837 -21223 -57601
1838 -21225 -57601
1839 -21228 -57601
1840 -21215 -57601
1841 -21224 -57601
1842 -21216 -57601
1843 -21219 -57601
1844 -21216 -57601
1845 -21218 -57601
1846 -21220 -57601
1847 -21219 -57601
1848 -21218 -57601
1849 -21241 -57601
1850 -21217 -57601
1851 -21221 -57601
1852 -21221 -57601
1853 -21219 -57601
1854 -21227 -57601
1855 -21229 -57601
1856 -21217 -57601
1857 -21223 -57601
1858 -21223 -57601
1859 -21227 -57601
1860 -21233 -57601
1861 -21219 -57601
1862 -21231 -57601
1863 -21223 -57601
1864 -21224 -57601
1865 -21227 -57601
1866 -21222 -57601
1867 -21218 -57601
1868 -21216 -57601
1869 -21217 -57601
1870 -21219 -57601
1871 -21217 -57601
1872 -21245 -57601
1873 -21226 -57601
1874 -21218 -57601
1875 -21218 -57601
1876 -21219 -57601
1877 -21223 -57601
1878 3333 -57601
1879 -21230 -57601
1880 -21224 -57601
1881 -21220 -57601
1882 -21220 -57601
1883 -21221 -57601
1884 -21212 -57601
1885 -21224 -57601
1886 -21223 -57601
1887 -21224 -57601
1888 -21223 -57601
1889 -21218 -57601
1890 -21217 -57601
1891 -21222 -57601
1892 -21225 -57601
1893 -21221 -57601
1894 -21219 -57601
1895 -21228 -57601
1896 -21222 -57601
1897 -21231 -57601
1898 -21220 -57601
1899 -21221 -57601
1900 -21217 -57601
1901 -21225 -57601
1902 -21229 -57601
1903 -21224 -57601
1904 -21198 -57601
1905 -21218 -57601
1906 -21214 -57601
1907 -21227 -57601
1908 -21222 -57601
1909 -21216 -57601
1910 -21222 -57601
1911 -21220 -57601
1912 -21218 -57601
1913 -21215 -57601
1914 -21218 -57601
1915 -21216 -57601
1916 -21217 -57601
1917 -21220 -57601
1918 -21224 -57601
1919 -21219 -57601
1920 -21225 -57601
1921 -21218 -57601
1922 -21220 -57601
1923 -21221 -57601
1924 -21222 -57601
1925 -21214 -57601
1926 -21223 -57601
1927 -21216 -57601
1928 -21226 -57601
1929 -21222 -57601
1930 -21220 -57601
1931 -21224 -57601
1932 -21220 -57601
1933 -21219 -57601
1934 -21223 -57601
1935 -21223 -57601
1936 -21218 -57601
1937 -21224 -57601
1938 -21218 -57601
1939 -21220 -57601
1940 -21221 -57601
1941 -21223 -57601
1942 -21222 -57601
1943 -21222 -57601
1944 -21221 -57601
1945 -21226 -57601
1946 -21233 -57601
1947 -21217 -57601
1948 -21215 -57601
1949 -21220 -57601
1950 -21220 -57601
1951 -21224 -57601
1952 -21221 -57601
1953 -21216 -57601
1954 -21216 -57601
1955 -21220 -57601
1956 -21222 -57601
1957 -21231 -57601
1958 -21229 -57601
1959 -21216 -57601
1960 -21218 -57601
1961 -21205 -57601
1962 -21218 -57601
1963 -21227 -57601
1964 -21220 -57601
1965 -21221 -57601
1966 -21221 -57601
1967 -21216 -57601
1968 -21219 -57601
1969 -21221 -57601
1970 -21223 -57601
1971 -21218 -57601
1972 -21221 -57601
1973 -21218 -57601
1974 -21219 -57601
1975 -21222 -57601
1976 -21222 -57601
1977 -21220 -57601
1978 -21219 -57601
1979 -21219 -57601
1980 -21221 -57601
1981 -21225 -57601
1982 -21215 -57601
1983 -21222 -57601
1984 -21226 -57601
1985 -21228 -57601
1986 -21226 -57601
1987 -21224 -57601
1988 -21220 -57601
1989 -21224 -57601
1990 -21221 -57601
1991 -21220 -57601
1992 -21221 -57601
1993 -21225 -57601
1994 -21223 -57601
1995 -21216 -57601
1996 -21222 -57601
1997 -21216 -57601
1998 -21214 -57601
1999 -21218 -57601
2000 -21225 -57601
2001 -21219 -57601
2002 -21217 -57601
2003 -21219 -57601
2004 -21222 -57601
2005 -21219 -57601
2006 -21217 -57601
2007 -21223 -57601
2008 -21221 -57601
2009 -21223 -57601
2010 -21220 -57601
2011 -21219 -57601
2012 -21223 -57601
2013 -21219 -57601
2014 -21220 -57601
2015 -21219 -57601
2016 -21218 -57601
2017 -21220 -57601
2018 -21213 -57601
2019 -21220 -57601
2020 -21228 -57601
2021 -21214 -57601
2022 -21222 -57601
2023 -21218 -57601
2024 -21218 -57601
2025 -21225 -57601
2026 -21220 -57601
2027 -21221 -57601
2028 -21225 -57601
2029 -21217 -57601
2030 -21220 -57601
2031 -21216 -57601
2032 -21221 -57601
2033 -21216 -57601
2034 -21227 -57601
2035 -21219 -57601
2036 -21220 -57601
2037 -21215 -57601
2038 -21223 -57601
2039 -21221 -57601
2040 -21221 -57601
2041 -21214 -57601
2042 -21221 -57601
2043 -21228 -57601
2044 -21225 -57601
2045 -21228 -57601
2046 -21225 -57601
2047 -21222 -57601
2048 -21225 -57601
2049 -21217 -57601
2050 -21228 -57601
2051 -21221 -57601
2052 -21221 -57601
2053 -21221 -57601
2054 -21219 -57601
2055 -21220 -57601
2056 -21219 -57601
2057 -21216 -57601
2058 -21222 -57601
2059 -21218 -57601
2060 -21220 -57601
2061 -21223 -57601
2062 -21228 -57601
2063 -21222 -57601
2064 -21223 -57601
2065 -21223 -57601
2066 -21223 -57601
2067 -21216 -57601
2068 -21219 -57601
2069 -21223 -57601
2070 -21220 -57601
2071 -21227 -57601
2072 -21217 -57601
2073 -21216 -57601
2074 -21216 -57601
2075 -21221 -57601
2076 -21218 -57601
2077 -21220 -57601
2078 -21226 -57601
2079 -21221 -57601
2080 -21214 -57601
2081 -21223 -57601
2082 -21222 -57601
2083 -21224 -57601
2084 -21213 -57601
2085 -21218 -57601
2086 -21223 -57601
2087 -21219 -57601
2088 -21222 -57601
2089 -21225 -57601
2090 -21218 -57601
2091 -21225 -57601
2092 -21222 -57601
2093 -21223 -57601
2094 -21222 -57601
2095 -21218 -57601
2096 -21221 -57601
2097 -21230 -57601
2098 -21221 -57601
2099 -21225 -57601
2100 -21222 -57601
2101 -21225 -57601
2102 -21217 -57601
2103 -21215 -57601
2104 -21219 -57601
2105 -21223 -57601
2106 -21223 -57601
2107 -21224 -57601
2108 -21227 -57601
2109 -21219 -57601
2110 -21215 -57601
2111 -21227 -57601
2112 -21225 -57601
2113 -21223 -57601
2114 -21221 -57601
2115 -21222 -57601
2116 -21221 -57601
2117 -21226 -57601
2118 -21223 -57601
2119 -21223 -57601
2120 -21214 -57601
2121 -21224 -57601
2122 -21221 -57601
2123 -21220 -57601
2124 -21224 -57601
2125 -21222 -57601
2126 -21225 -57601
2127 -21220 -57601
2128 -21217 -57601
2129 -21233 -57601
2130 -21221 -57601
2131 -21221 -57601
2132 -21218 -57601
2133 -21227 -57601
2134 -21217 -57601
2135 -21220 -57601
2136 -21226 -57601
2137 -21222 -57601
2138 -21223 -57601
2139 -21216 -57601
2140 -21219 -57601
2141 -21231 -57601
2142 -21223 -57601
2143 -21222 -57601
2144 -21218 -57601
2145 -21220 -57601
2146 -21221 -57601
2147 -21222 -57601
2148 -21221 -57601
2149 -21217 -57601
2150 -21218 -57601
2151 -21226 -57601
2152 -3618 -57601
2153 -21230 -57601
2154 -21219 -57601
2155 -21221 -57601
2156 -21164 -57601
2157 -21221 -57601
2158 -21223 -57601
2159 -21217 -57601
2160 -21217 -57601
2161 -21217 -57601
2162 -21221 -57601
2163 -21215 -57601
2164 -21220 -57601
2165 -21221 -57601
2166 -21218 -57601
2167 -21225 -57601
2168 -21222 -57601
2169 -21227 -57601
2170 -21221 -57601
2171 -21216 -57601
2172 -21219 -57601
2173 -21219 -57601
2174 -21220 -57601
2175 -21218 -57601
2176 -3709 -57601
2177 -21219 -57601
2178 -21223 -57601
2179 -21221 -57601
2180 -21229 -57601
2181 -21216 -57601
2182 -21224 -57601
2183 -21220 -57601
2184 -21217 -57601
2185 -21224 -57601
2186 -21219 -57601
2187 -21217 -57601
2188 -21219 -57601
2189 -21214 -57601
2190 -21223 -57601
2191 -21221 -57601
2192 -21229 -57601
2193 -21246 -57601
2194 -21225 -57601
2195 -21218 -57601
2196 -21217 -57601
2197 -21221 -57601
2198 -21222 -57601
2199 -21218 -57601
2200 -21225 -57601
2201 -21222 -57601
2202 -21211 -57601
2203 -21221 -57601
2204 -21234 -57601
2205 -21223 -57601
2206 -21215 -57601
2207 -21218 -57601
2208 -21215 -57601
2209 -21221 -57601
2210 -21219 -57601
2211 -21220 -57601
2212 -21218 -57601
2213 -21222 -57601
2214 -21216 -57601
2215 -21217 -57601
2216 -21220 -57601
2217 -21218 -57601
2218 -21220 -57601
2219 -21220 -57601
2220 -21219 -57601
2221 -21221 -57601
2222 -21222 -57601
2223 -21223 -57601
2224 -21215 -57601
2225 -21218 -57601
2226 -21221 -57601
2227 -21214 -57601
2228 -21218 -57601
2229 -21225 -57601
2230 -21219 -57601
2231 -21218 -57601
2232 -21197 -57601
2233 -21216 -57601
2234 -21216 -57601
2235 -21217 -57601
2236 -21231 -57601
2237 -21220 -57601
2238 -21217 -57601
2239 -21216 -57601
2240 -21221 -57601
2241 -21214 -57601
2242 -21216 -57601
2243 -21221 -57601
2244 -21215 -57601
2245 -21222 -57601
2246 -21221 -57601
2247 -21219 -57601
2248 -21221 -57601
2249 -21168 -57601
2250 -21220 -57601
2251 -21218 -57601
2252 -21217 -57601
2253 -21219 -57601
2254 -21223 -57601
2255 -21219 -57601
2256 -21217 -57601
2257 -21217 -57601
2258 -21217 -57601
2259 -21229 -57601
2260 -21218 -57601
2261 -21219 -57601
2262 -21223 -57601
2263 -21218 -57601
2264 -21220 -57601
2265 -21221 -57601
2266 -21224 -57601
2267 -21215 -57601
2268 -21218 -57601
2269 -21219 -57601
2270 -21221 -57601
2271 -21220 -57601
2272 -21218 -57601
2273 -21216 -57601
2274 -21222 -57601
2275 -21224 -57601
2276 -21218 -57601
2277 -21213 -57601
2278 -21216 -57601
2279 -21218 -57601
2280 -21222 -57601
2281 -21217 -57601
2282 -21219 -57601
2283 -21215 -57601
2284 -21220 -57601
2285 -21221 -57601
2286 -21221 -57601
2287 -21227 -57601
2288 -21221 -57601
2289 -21221 -57601
2290 -21221 -57601
2291 -21215 -57601
2292 -21219 -57601
2293 -21217 -57601
2294 -21222 -57601
2295 -21222 -57601
2296 -21222 -57601
2297 -21223 -57601
2298 -21221 -57601
2299 -21227 -57601
2300 -21220 -57601
2301 -21216 -57601
2302 -21222 -57601
2303 -21217 -57601
2304 -21220 -57601
2305 -21218 -57601
2306 -21222 -57601
2307 -21219 -57601
2308 -21215 -57601
2309 -21213 -57601
2310 -21217 -57601
2311 -21234 -57601
2312 -21218 -57601
2313 -21220 -57601
2314 -21224 -57601
2315 -21221 -57601
2316 -21215 -57601
2317 -21220 -57601
2318 -21217 -57601
2319 -21218 -57601
2320 -21222 -57601
2321 -21230 -57601
2322 -21223 -57601
2323 -21219 -57601
2324 -21233 -57601
2325 -21215 -57601
2326 -21217 -57601
2327 -21226 -57601
2328 -21217 -57601
2329 -21224 -57601
2330 -21227 -57601
2331 -21224 -57601
2332 -21217 -57601
2333 -21216 -57601
2334 -21221 -57601
2335 -21219 -57601
2336 -21218 -57601
2337 -21220 -57601
2338 -21218 -57601
2339 -21224 -57601
2340 -21219 -57601
2341 -21221 -57601
2342 -21219 -57601
2343 -21224 -57601
2344 -21220 -57601
2345 -21225 -57601
2346 -21228 -57601
2347 -21218 -57601
2348 -21221 -57601
2349 -21222 -57601
2350 -21220 -57601
2351 -21220 -57601
2352 -21226 -57601
2353 -21227 -57601
2354 -21215 -57601
2355 -21217 -57601
2356 -21222 -57601
2357 -21217 -57601
2358 -21222 -57601
2359 -21216 -57601
2360 -21221 -57601
2361 -21217 -57601
2362 -21219 -57601
2363 -21227 -57601
2364 -21216 -57601
2365 -21217 -57601
2366 -21215 -57601
2367 -21221 -57601
2368 -21234 -57601
2369 -21217 -57601
2370 -21220 -57601
2371 -21222 -57601
2372 -21222 -57601
2373 -21219 -57601
2374 -21224 -57601
2375 -21220 -57601
2376 -21217 -57601
2377 -21223 -57601
2378 -21224 -57601
2379 -21220 -57601
2380 -21233 -57601
2381 -21219 -57601
2382 -21217 -57601
2383 -21222 -57601
2384 -21217 -57601
2385 -21220 -57601
2386 -21220 -57601
2387 -21220 -57601
2388 -21218 -57601
2389 -21218 -57601
2390 -21220 -57601
2391 -21221 -57601
2392 -21224 -57601
2393 -21220 -57601
2394 -21221 -57601
2395 -21216 -57601
2396 -21216 -57601
2397 -21223 -57601
2398 -21227 -57601
2399 -21221 -57601
2400 -21221 -57601
2401 -21218 -57601
2402 -21215 -57601
2403 -21215 -57601
2404 -21216 -57601
2405 -21222 -57601
2406 -21218 -57601
2407 -21218 -57601
2408 -21215 -57601
2409 -21218 -57601
2410 -21220 -57601
2411 -21217 -57601
2412 -21219 -57601
2413 -21221 -57601
2414 -21214 -57601
2415 -21224 -57601
2416 -21226 -57601
2417 -21218 -57601
2418 -21222 -57601
2419 -21219 -57601
2420 -21222 -57601
2421 -21226 -57601
2422 -21222 -57601
2423 -21224 -57601
2424 -21218 -57601
2425 -21221 -57601
2426 -21219 -57601
2427 -21220 -57601
2428 -21229 -57601
2429 -21224 -57601
2430 -21220 -57601
2431 -21222 -57601
2432 -21226 -57601
2433 -21214 -57601
2434 -21225 -57601
2435 -21216 -57601
2436 -21217 -57601
2437 -21219 -57601
2438 -21213 -57601
2439 -21219 -57601
2440 -21223 -57601
2441 -21225 -57601
2442 -21225 -57601
2443 -21220 -57601
2444 -21222 -57601
2445 -21224 -57601
2446 -21221 -57601
2447 -21219 -57601
2448 -21223 -57601
2449 -21217 -57601
2450 -21221 -57601
2451 -21269 -57601
2452 -21221 -57601
2453 -21219 -57601
2454 -21218 -57601
2455 -21221 -57601
2456 -21223 -57601
2457 -21217 -57601
2458 -21217 -57601
2459 -21219 -57601
2460 -21220 -57601
2461 -21222 -57601
2462 -21218 -57601
2463 -21221 -57601
2464 -21225 -57601
2465 -21213 -57601
2466 -21218 -57601
2467 -21222 -57601
2468 -21218 -57601
2469 -21223 -57601
2470 -21216 -57601
2471 -21216 -57601
2472 -21218 -57601
2473 -21218 -57601
2474 -21218 -57601
2475 -21221 -57601
2476 -21215 -57601
2477 -21228 -57601
2478 -21220 -57601
2479 -21227 -57601
2480 -21220 -57601
2481 -21221 -57601
2482 -21222 -57601
2483 -21217 -57601
2484 -21224 -57601
2485 -21222 -57601
2486 -21219 -57601
2487 -21217 -57601
2488 -21219 -57601
2489 -21224 -57601
2490 -21220 -57601
2491 -21219 -57601
2492 -21222 -57601
2493 -21218 -57601
2494 -21216 -57601
2495 -21220 -57601
2496 -21223 -57601
2497 -21223 -57601
2498 -21215 -57601
2499 -21216 -57601
2500 -21222 -57601
2501 -21222 -57601
2502 -21222 -57601
2503 -21219 -57601
2504 -21225 -57601
2505 -21225 -57601
2506 -21228 -57601
2507 -21221 -57601
2508 -21215 -57601
2509 -21222 -57601
2510 -21226 -57601
2511 -21220 -57601
2512 -21222 -57601
2513 -21220 -57601
2514 -21220 -57601
2515 -21224 -57601
2516 -21214 -57601
2517 -21220 -57601
2518 -21247 -57601
2519 -21213 -57601
2520 -21226 -57601
2521 -21217 -57601
2522 -21217 -57601
2523 -21220 -57601
2524 -21220 -57601
2525 -21223 -57601
2526 -21223 -57601
2527 -21216 -57601
2528 -21220 -57601
2529 -21221 -57601
2530 -21217 -57601
2531 -21218 -57601
2532 -21214 -57601
2533 -21217 -57601
2534 -21223 -57601
2535 -21213 -57601
2536 -21217 -57601
2537 -21218 -57601
2538 -21222 -57601
2539 -21225 -57601
2540 -21225 -57601
2541 -21199 -57601
2542 -21228 -57601
2543 -21222 -57601
2544 -21218 -57601
2545 -21218 -57601
2546 -21222 -57601
2547 -21219 -57601
2548 -21220 -57601
2549 -21220 -57601
2550 -21219 -57601
2551 -21217 -57601
2552 -21214 -57601
2553 -21222 -57601
2554 -21218 -57601
2555 -21222 -57601
2556 -21222 -57601
2557 -21218 -57601
2558 -21220 -57601
2559 -21220 -57601
2560 -21217 -57601
2561 -21227 -57601
2562 -21216 -57601
2563 -21216 -57601
2564 -21214 -57601
2565 -21224 -57601
2566 -21215 -57601
2567 -21212 -57601
2568 -21219 -57601
2569 -21223 -57601
2570 -21218 -57601
2571 -21219 -57601
2572 -21220 -57601
2573 -21221 -57601
2574 -21217 -57601
2575 -21218 -57601
2576 -21222 -57601
2577 -21217 -57601
2578 -21211 -57601
2579 -21218 -57601
2580 -21216 -57601
2581 -21220 -57601
2582 -21217 -57601
2583 -21224 -57601
2584 -21218 -57601
2585 -21221 -57601
2586 -21219 -57601
2587 -21220 -57601
2588 -21215 -57601
2589 -21216 -57601
2590 -21218 -57601
2591 -21221 -57601
2592 -21221 -57601
2593 -21220 -57601
2594 -21218 -57601
2595 -21224 -57601
2596 -21223 -57601
2597 -21227 -57601
2598 -21218 -57601
2599 -21225 -57601
2600 -21218 -57601
2601 -21222 -57601
2602 -21222 -57601
2603 -21219 -57601
2604 -21216 -57601
2605 -21219 -57601
2606 -21218 -57601
2607 -21220 -57601
2608 -21219 -57601
2609 -21220 -57601
2610 -21216 -57601
2611 -21221 -57601
2612 -21220 -57601
2613 -21218 -57601
2614 -21218 -57601
2615 -21220 -57601
2616 -21223 -57601
2617 -21220 -57601
2618 -21217 -57601
2619 -21219 -57601
2620 -21219 -57601
2621 -21221 -57601
2622 -21218 -57601
2623 -21217 -57601
2624 -21222 -57601
2625 -21218 -57601
2626 -21222 -57601
2627 -21221 -57601
2628 -21218 -57601
2629 -21217 -57601
2630 -21217 -57601
2631 -21218 -57601
2632 -21224 -57601
2633 -21226 -57601
2634 -21219 -57601
2635 -21222 -57601
2636 -21218 -57601
2637 -21218 -57601
2638 -21215 -57601
2639 -21221 -57601
2640 -21221 -57601
2641 -21227 -57601
2642 -21217 -57601
2643 -21218 -57601
2644 -21215 -57601
2645 -21224 -57601
2646 -21220 -57601
2647 -21227 -57601
2648 -21222 -57601
2649 -21215 -57601
2650 -21220 -57601
2651 -21223 -57601
2652 -21213 -57601
2653 -21241 -57601
2654 -21218 -57601
2655 -21217 -57601
2656 -21219 -57601
2657 -21221 -57601
2658 -21220 -57601
2659 -21227 -57601
2660 -21216 -57601
2661 -21227 -57601
2662 -21218 -57601
2663 -21217 -57601
2664 -21229 -57601
2665 -21220 -57601
2666 -21225 -57601
2667 -21227 -57601
2668 -21227 -57601
2669 -21220 -57601
2670 -21218 -57601
2671 -21219 -57601
2672 -21225 -57601
2673 -21222 -57601
2674 -21232 -57601
2675 -21224 -57601
2676 -21226 -57601
2677 -21220 -57601
2678 -21221 -57601
2679 -21215 -57601
2680 -21224 -57601
2681 -21218 -57601
2682 -21222 -57601
2683 -21223 -57601
2684 -21222 -57601
2685 -21221 -57601
2686 -21219 -57601
2687 -21219 -57601
2688 -21221 -57601
2689 -21222 -57601
2690 -21217 -57601
2691 -21220 -57601
2692 -21221 -57601
2693 -21228 -57601
2694 -21216 -57601
2695 -21216 -57601
2696 -21224 -57601
2697 -21223 -57601
2698 -21222 -57601
2699 -21230 -57601
2700 -21227 -57601
2701 -21219 -57601
2702 -21219 -57601
2703 -21223 -57601
2704 -21220 -57601
2705 -21218 -57601
2706 -21218 -57601
2707 -21220 -57601
2708 -21226 -57601
2709 -21220 -57601
2710 -21221 -57601
2711 -21222 -57601
2712 -21221 -57601
2713 -21230 -57601
2714 -21225 -57601
2715 -21219 -57601
2716 -21221 -57601
2717 -21218 -57601
2718 -21218 -57601
2719 -21216 -57601
2720 -21226 -57601
2721 -21163 -57601
2722 -21220 -57601
2723 -21217 -57601
2724 -21222 -57601
2725 -21223 -57601
2726 -21222 -57601
2727 -21217 -57601
2728 -21219 -57601
2729 -21219 -57601
2730 -21221 -57601
2731 -21221 -57601
2732 -21226 -57601
2733 -21216 -57601
2734 -21214 -57601
2735 -21221 -57601
2736 -21217 -57601
2737 -21220 -57601
2738 -21227 -57601
2739 -21221 -57601
2740 -21214 -57601
2741 -21222 -57601
2742 -21229 -57601
2743 -21215 -57601
2744 -21221 -57601
2745 -21226 -57601
2746 -21222 -57601
2747 -21228 -57601
2748 -21216 -57601
2749 -21219 -57601
2750 -21229 -57601
2751 -21219 -57601
2752 -21217 -57601
2753 -21221 -57601
2754 -21219 -57601
2755 -21218 -57601
2756 -21218 -57601
2757 -21219 -57601
2758 -21221 -57601
2759 -21216 -57601
2760 -21218 -57601
2761 -21219 -57601
2762 -21215 -57601
2763 -21236 -57601
2764 -21219 -57601
2765 -21217 -57601
2766 -21223 -57601
2767 -21218 -57601
2768 -21219 -57601
2769 -21220 -57601
2770 -21226 -57601
2771 -21224 -57601
2772 -21217 -57601
2773 -21222 -57601
2774 -21224 -57601
2775 -21224 -57601
2776 -21219 -57601
2777 -21224 -57601
2778 -21221 -57601
2779 -21218 -57601
2780 -21219 -57601
2781 -21217 -57601
2782 -21215 -57601
2783 -21219 -57601
2784 -21212 -57601
2785 -21223 -57601
2786 -21218 -57601
2787 -21215 -57601
2788 -21220 -57601
2789 -21217 -57601
2790 -21216 -57601
2791 -21217 -57601
2792 -21219 -57601
2793 -21229 -57601
2794 -21230 -57601
2795 -21220 -57601
2796 -21224 -57601
2797 -21218 -57601
2798 -21221 -57601
2799 -21218 -57601
2800 -21216 -57601
2801 -21223 -57601
2802 -21215 -57601
2803 -21222 -57601
2804 -21222 -57601
2805 -21225 -57601
2806 -21227 -57601
2807 -21222 -57601
2808 -21220 -57601
2809 -21219 -57601
2810 -21221 -57601
2811 -21218 -57601
2812 -21221 -57601
2813 -21222 -57601
2814 -21221 -57601
2815 -21220 -57601
2816 -21222 -57601
2817 -21226 -57601
2818 -21219 -57601
2819 -21222 -57601
2820 -21218 -57601
2821 -21219 -57601
2822 -21223 -57601
2823 -21225 -57601
2824 -21221 -57601
2825 -21218 -57601
2826 -21220 -57601
2827 -21221 -57601
2828 -21215 -57601
2829 -21218 -57601
2830 -21220 -57601
2831 -21215 -57601
2832 -21212 -57601
2833 -21220 -57601
2834 -21216 -57601
2835 -21225 -57601
2836 -21234 -57601
2837 -21218 -57601
2838 -21218 -57601
2839 -21222 -57601
2840 -21218 -57601
2841 -21221 -57601
2842 -21223 -57601
2843 -21220 -57601
2844 -21219 -57601
2845 -21221 -57601
2846 -21223 -57601
2847 -21222 -57601
2848 -21218 -57601
2849 -21221 -57601
2850 -21217 -57601
2851 -21223 -57601
2852 -21222 -57601
2853 -21218 -57601
2854 -21219 -57601
2855 -21223 -57601
2856 -21221 -57601
2857 -21225 -57601
2858 -21217 -57601
2859 -21222 -57601
2860 -21214 -57601
2861 -21221 -57601
2862 -21216 -57601
2863 -21218 -57601
2864 -21218 -57601
2865 -21218 -57601
2866 -21221 -57601
2867 -21220 -57601
2868 -21222 -57601
2869 -21219 -57601
2870 -21225 -57601
2871 -21215 -57601
2872 -21226 -57601
2873 -21221 -57601
2874 -21223 -57601
2875 -21221 -57601
2876 -21216 -57601
2877 -21223 -57601
2878 -21225 -57601
2879 -21213 -57601
2880 -21219 -57601
2881 -21219 -57601
2882 -21221 -57601
2883 -21218 -57601
2884 -21222 -57601
2885 -21221 -57601
2886 -21215 -57601
2887 -21217 -57601
2888 -21223 -57601
2889 -21220 -57601
2890 -21216 -57601
2891 -21457 -57601
2892 -21222 -57601
2893 -21217 -57601
2894 -21220 -57601
2895 -21214 -57601
2896 -21222 -57601
2897 -21224 -57601
2898 -21220 -57601
2899 -21223 -57601
2900 -21217 -57601
2901 -21217 -57601
2902 -21220 -57601
2903 -21221 -57601
2904 -21217 -57601
2905 -21218 -57601
2906 -21219 -57601
2907 -21221 -57601
2908 -21223 -57601
2909 -21221 -57601
2910 -21213 -57601
2911 -21216 -57601
2912 -21218 -57601
2913 -21220 -57601
2914 -21217 -57601
2915 -21222 -57601
2916 -21220 -57601
2917 -21224 -57601
2918 -21220 -57601
2919 -21218 -57601
2920 -21221 -57601
2921 -21222 -57601
2922 -21221 -57601
2923 -21220 -57601
2924 -21216 -57601
2925 -21225 -57601
2926 -21218 -57601
2927 -21221 -57601
2928 -21221 -57601
2929 -21224 -57601
2930 -21215 -57601
2931 -21218 -57601
2932 -21223 -57601
2933 -21221 -57601
2934 -21217 -57601
2935 -21226 -57601
2936 -21226 -57601
2937 -21225 -57601
2938 -21221 -57601
2939 -21218 -57601
2940 -21220 -57601
2941 -21221 -57601
2942 -21220 -57601
2943 -21217 -57601
2944 -21217 -57601
2945 -21218 -57601
2946 -21220 -57601
2947 -21232 -57601
2948 -21220 -57601
2949 -21222 -57601
2950 -21220 -57601
2951 -21216 -57601
2952 -21216 -57601
2953 -21219 -57601
2954 -21222 -57601
2955 -21219 -57601
2956 -21222 -57601
2957 -21222 -57601
2958 -21222 -57601
2959 -21219 -57601
2960 -21222 -57601
2961 -21228 -57601
2962 -21223 -57601
2963 -21220 -57601
2964 -21233 -57601
2965 -21224 -57601
2966 -21221 -57601
2967 -21221 -57601
2968 -21225 -57601
2969 -21220 -57601
2970 -21218 -57601
2971 -21219 -57601
2972 -21220 -57601
2973 -21218 -57601
2974 -21221 -57601
2975 -21219 -57601
2976 -21221 -57601
2977 -21218 -57601
2978 -21226 -57601
2979 -21221 -57601
2980 -21218 -57601
2981 -21218 -57601
2982 -21215 -57601
2983 -21224 -57601
2984 -21226 -57601
2985 -21224 -57601
2986 -21220 -57601
2987 -21224 -57601
2988 -21219 -57601
2989 -21219 -57601
2990 -21216 -57601
2991 -21219 -57601
2992 -21215 -57601
2993 -21217 -57601
2994 -21223 -57601
2995 -21240 -57601
2996 -21220 -57601
2997 -21226 -57601
2998 -21220 -57601
2999 -21217 -57601
3000 -21216 -57601
3001 -21220 -57601
3002 -21226 -57601
3003 -21219 -57601
3004 -21222 -57601
3005 -21216 -57601
3006 -21220 -57601
3007 -21222 -57601
3008 -21219 -57601
3009 -21223 -57601
3010 -21217 -57601
3011 -21224 -57601
3012 -21225 -57601
3013 -21216 -57601
3014 -21222 -57601
3015 -21223 -57601
3016 -21218 -57601
3017 -21223 -57601
3018 -21221 -57601
3019 -21220 -57601
3020 -21228 -57601
3021 -21220 -57601
3022 -21222 -57601
3023 -21222 -57601
3024 -21216 -57601
3025 -21222 -57601
3026 -21221 -57601
3027 -21218 -57601
3028 -21229 -57601
3029 -21225 -57601
3030 -21219 -57601
3031 -21219 -57601
3032 -21219 -57601
3033 -21216 -57601
3034 -21229 -57601
3035 -21220 -57601
3036 -21224 -57601
3037 -21224 -57601
3038 -21218 -57601
3039 -21218 -57601
3040 -21220 -57601
3041 -21221 -57601
3042 -21221 -57601
3043 -21248 -57601
3044 -21220 -57601
3045 -21220 -57601
3046 -21221 -57601
3047 -21221 -57601
3048 -21220 -57601
3049 -21220 -57601
3050 -21222 -57601
3051 -21215 -57601
3052 -21222 -57601
3053 -21221 -57601
3054 -21229 -57601
3055 -21216 -57601
3056 -21222 -57601
3057 -21227 -57601
3058 -21218 -57601
3059 -21215 -57601
3060 -21215 -57601
3061 -21219 -57601
3062 -21227 -57601
3063 -21220 -57601
3064 -21226 -57601
3065 -21226 -57601
3066 -21216 -57601
3067 -21223 -57601
3068 -21218 -57601
3069 -21219 -57601
3070 -21218 -57601
3071 -21218 -57601
3072 -21223 -57601
3073 -21221 -57601
3074 -21220 -57601
3075 -21219 -57601
3076 -21214 -57601
3077 -21932 -57601
3078 -21223 -57601
3079 -21222 -57601
3080 -21219 -57601
3081 -21220 -57601
3082 -21217 -57601
3083 -21227 -57601
3084 -21216 -57601
3085 -21218 -57601
3086 -21215 -57601
3087 -21227 -57601
3088 -21222 -57601
3089 -21221 -57601
3090 -21213 -57601
3091 -21218 -57601
3092 -21219 -57601
3093 -21234 -57601
3094 -21216 -57601
3095 -21220 -57601
3096 -21221 -57601
3097 -21218 -57601
3098 -21224 -57601
3099 -21222 -57601
3100 -15976 -57601
3101 -21223 -57601
3102 -21215 -57601
3103 -21216 -57601
3104 -21220 -57601
3105 -21218 -57601
3106 -21223 -57601
3107 -21219 -57601
3108 -21221 -57601
3109 -21220 -57601
3110 -21221 -57601
3111 -21217 -57601
3112 -21224 -57601
3113 -21220 -57601
3114 -21223 -57601
3115 -21222 -57601
3116 -21221 -57601
3117 -21224 -57601
3118 -21226 -57601
3119 -21223 -57601
3120 -21217 -57601
3121 -21218 -57601
3122 -21226 -57601
3123 -21220 -57601
3124 -21220 -57601
3125 -21220 -57601
3126 -21217 -57601
3127 -21226 -57601
3128 -21223 -57601
3129 -21219 -57601
3130 -21219 -57601
3131 -21221 -57601
3132 -21222 -57601
3133 -21222 -57601
3134 -21222 -57601
3135 -21223 -57601
3136 -21218 -57601
3137 -21225 -57601
3138 -21218 -57601
3139 -21216 -57601
3140 -21221 -57601
3141 -21218 -57601
3142 -21224 -57601
3143 -21219 -57601
3144 -21226 -57601
3145 -21227 -57601
3146 -21216 -57601
3147 -21220 -57601
3148 -21220 -57601
3149 -21225 -57601
3150 -21215 -57601
3151 -21226 -57601
3152 -21218 -57601
3153 -21221 -57601
3154 -21220 -57601
3155 -21223 -57601
3156 -21224 -57601
3157 -21219 -57601
3158 -21219 -57601
3159 -21229 -57601
3160 -21227 -57601
3161 -21224 -57601
3162 -21220 -57601
3163 -21218 -57601
3164 -21227 -57601
3165 -21218 -57601
3166 -21219 -57601
3167 -21215 -57601
3168 -21219 -57601
3169 -21229 -57601
3170 -21229 -57601
3171 -21214 -57601
3172 -21220 -57601
3173 -21222 -57601
3174 -21214 -57601
3175 -21221 -57601
3176 -21218 -57601
3177 -21222 -57601
3178 -21227 -57601
3179 -21214 -57601
3180 -21219 -57601
3181 -21218 -57601
3182 -21222 -57601
3183 -21219 -57601
3184 -21220 -57601
3185 -21223 -57601
3186 -21219 -57601
3187 -21218 -57601
3188 -21226 -57601
3189 -21225 -57601
3190 -21222 -57601
3191 -21224 -57601
3192 -21225 -57601
3193 -21221 -57601
3194 -21220 -57601
3195 -21225 -57601
3196 -21220 -57601
3197 -21220 -57601
3198 -21228 -57601
3199 -21218 -57601
3200 -21219 -57601
3201 -21221 -57601
3202 -21226 -57601
3203 -21218 -57601
3204 -21220 -57601
3205 -21223 -57601
3206 -21218 -57601
3207 -21222 -57601
3208 -21220 -57601
3209 -21217 -57601
3210 -21218 -57601
3211 -21218 -57601
3212 -21221 -57601
3213 -21215 -57601
3214 -21214 -57601
3215 -21219 -57601
3216 -21222 -57601
3217 -21221 -57601
3218 -21221 -57601
3219 -21214 -57601
3220 -21218 -57601
3221 -21191 -57601
3222 -21221 -57601
3223 -21218 -57601
3224 -21221 -57601
3225 -21221 -57601
3226 -21218 -57601
3227 -21223 -57601
3228 -21217 -57601
3229 -21215 -57601
3230 -21221 -57601
3231 -21220 -57601
3232 -21228 -57601
3233 -21216 -57601
3234 -21226 -57601
3235 -21217 -57601
3236 -21220 -57601
3237 -21221 -57601
3238 -21216 -57601
3239 -21224 -57601
3240 -21238 -57601
3241 -21232 -57601
3242 -21218 -57601
3243 -21220 -57601
3244 -21222 -57601
3245 -21228 -57601
3246 -21218 -57601
3247 -21222 -57601
3248 -21226 -57601
3249 -21226 -57601
3250 -21224 -57601
3251 -21222 -57601
3252 -21226 -57601
3253 -21218 -57601
3254 -21216 -57601
3255 -21223 -57601
3256 -21223 -57601
3257 -21220 -57601
3258 -21224 -57601
3259 -21222 -57601
3260 -21220 -57601
3261 -21227 -57601
3262 -21221 -57601
3263 -21232 -57601
3264 -21223 -57601
3265 -21219 -57601
3266 -21218 -57601
3267 -21221 -57601
3268 -21227 -57601
3269 -21221 -57601
3270 -21221 -57601
3271 -21223 -57601
3272 -21226 -57601
3273 -21218 -57601
3274 -21227 -57601
3275 -21218 -57601
3276 -21220 -57601
3277 -21219 -57601
3278 -21217 -57601
3279 -21223 -57601
3280 -21220 -57601
3281 -21225 -57601
3282 -21217 -57601
3283 -21220 -57601
3284 -3661 -57601
3285 -21223 -57601
3286 -21220 -57601
3287 -21224 -57601
3288 -21231 -57601
3289 -21221 -57601
3290 -21222 -57601
3291 -21223 -57601
3292 -21219 -57601
3293 -21226 -57601
3294 -21228 -57601
3295 -21225 -57601
3296 -21216 -57601
3297 -21221 -57601
3298 -21220 -57601
3299 -21218 -57601
3300 -21224 -57601
3301 -21223 -57601
3302 -21221 -57601
3303 -21217 -57601
3304 -21220 -57601
3305 -21220 -57601
3306 -21220 -57601
3307 -21220 -57601
3308 -21219 -57601
3309 -21221 -57601
3310 -21230 -57601
3311 -21224 -57601
3312 -21228 -57601
3313 -21222 -57601
3314 -21219 -57601
3315 -21221 -57601
3316 -21216 -57601
3317 -21222 -57601
3318 -21218 -57601
3319 -21216 -57601
3320 -21218 -57601
3321 -21213 -57601
3322 -21219 -57601
3323 -21219 -57601
3324 -7201 -57601
3325 -21220 -57601
3326 -21223 -57601
3327 -21227 -57601
3328 -21216 -57601
3329 -21221 -57601
3330 -21231 -57601
3331 -21220 -57601
3332 -21219 -57601
3333 -21221 -57601
3334 -21226 -57601
3335 -21219 -57601
3336 -21223 -57601
3337 -21217 -57601
3338 -21221 -57601
3339 -21219 -57601
3340 -21227 -57601
3341 -21225 -57601
3342 -21224 -57601
3343 -21220 -57601
3344 -21229 -57601
3345 -21219 -57601
3346 -21218 -57601
3347 -21217 -57601
3348 -21219 -57601
3349 -21221 -57601
3350 -21219 -57601
3351 -21219 -57601
3352 -21216 -57601
3353 -21226 -57601
3354 -21224 -57601
3355 -21223 -57601
3356 -21221 -57601
3357 -21222 -57601
3358 -21230 -57601
3359 -21220 -57601
3360 -21223 -57601
3361 -21221 -57601
3362 -21222 -57601
3363 -21220 -57601
3364 -21218 -57601
3365 -21214 -57601
3366 -21221 -57601
3367 -21224 -57601
3368 -21219 -57601
3369 -21221 -57601
3370 -21219 -57601
3371 -21219 -57601
3372 -21223 -57601
3373 -21220 -57601
3374 -21221 -57601
3375 -21223 -57601
3376 -21223 -57601
3377 -21221 -57601
3378 -21216 -57601
3379 -21222 -57601
3380 -21218 -57601
3381 -21220 -57601
3382 -21219 -57601
3383 -21221 -57601
3384 -21226 -57601
3385 -21218 -57601
3386 -21221 -57601
3387 -21223 -57601
3388 -21231 -57601
3389 -21224 -57601
3390 -21221 -57601
3391 -21224 -57601
3392 -21218 -57601
3393 -21223 -57601
3394 -21227 -57601
3395 -21221 -57601
3396 -21223 -57601
3397 -21215 -57601
3398 -21217 -57601
3399 -21220 -57601
3400 -21220 -57601
3401 -21222 -57601
3402 -21234 -57601
3403 -21227 -57601
3404 -21227 -57601
3405 -21222 -57601
3406 -21228 -57601
3407 -21218 -57601
3408 -21220 -57601
3409 -21224 -57601
3410 -21219 -57601
3411 -21223 -57601
3412 -21232 -57601
3413 -21220 -57601
3414 -21223 -57601
3415 -21222 -57601
3416 -21225 -57601
3417 -21218 -57601
3418 -21224 -57601
3419 -21220 -57601
3420 -21221 -57601
3421 -21220 -57601
3422 -21218 -57601
3423 -21234 -57601
3424 -21221 -57601
3425 -21220 -57601
3426 -21217 -57601
3427 -21229 -57601
3428 -21217 -57601
3429 -21216 -57601
3430 -21216 -57601
3431 -21221 -57601
3432 -21221 -57601
3433 -21220 -57601
3434 -21223 -57601
3435 -21220 -57601
3436 -21224 -57601
3437 -21224 -57601
3438 -21218 -57601
3439 -21224 -57601
3440 -21216 -57601
3441 -21219 -57601
3442 -21216 -57601
3443 -21219 -57601
3444 -21219 -57601
3445 -21215 -57601
3446 -21215 -57601
3447 -21220 -57601
3448 -21171 -57601
3449 -21219 -57601
3450 -21220 -57601
3451 -21218 -57601
3452 -21219 -57601
3453 -21218 -57601
3454 -21218 -57601
3455 -21223 -57601
3456 -21225 -57601
3457 -21218 -57601
3458 -21217 -57601
3459 -21221 -57601
3460 -21228 -57601
3461 -21220 -57601
3462 -21226 -57601
3463 -21223 -57601
3464 -21220 -57601
3465 -21223 -57601
3466 -21220 -57601
3467 -21221 -57601
3468 -21219 -57601
3469 -21219 -57601
3470 -21218 -57601
3471 -21222 -57601
3472 -21226 -57601
3473 -21231 -57601
3474 -21218 -57601
3475 -21226 -57601
3476 -21221 -57601
3477 -21223 -57601
3478 -21219 -57601
3479 -21216 -57601
3480 -21220 -57601
3481 -21221 -57601
3482 -21219 -57601
3483 -21215 -57601
3484 -21217 -57601
3485 -21220 -57601
3486 -21225 -57601
3487 -21216 -57601
3488 -21220 -57601
3489 -21223 -57601
3490 -21221 -57601
3491 -21216 -57601
3492 -21223 -57601
3493 -21226 -57601
3494 -21223 -57601
3495 -21221 -57601
3496 -21220 -57601
3497 -21227 -57601
3498 -21217 -57601
3499 -21220 -57601
3500 -21223 -57601
3501 -21217 -57601
3502 -21223 -57601
3503 -21223 -57601
3504 -21221 -57601
3505 -21240 -57601
3506 -21207 -57601
3507 -21218 -57601
3508 -21225 -57601
3509 -21221 -57601
3510 -21217 -57601
3511 -21223 -57601
3512 -21221 -57601
3513 -21224 -57601
3514 -21220 -57601
3515 -21224 -57601
3516 -21226 -57601
3517 -21217 -57601
3518 -21220 -57601
3519 -21219 -57601
3520 -21217 -57601
3521 -21220 -57601
3522 -21217 -57601
3523 -21220 -57601
3524 -21219 -57601
3525 -21220 -57601
3526 -21227 -57601
3527 -21229 -57601
3528 -21216 -57601
3529 -21219 -57601
3530 -21220 -57601
3531 -21219 -57601
3532 -21218 -57601
3533 -21219 -57601
3534 -21226 -57601
3535 -21218 -57601
3536 -21222 -57601
3537 -21220 -57601
3538 -21218 -57601
3539 -21219 -57601
3540 -21219 -57601
3541 -21229 -57601
3542 -21220 -57601
3543 -21221 -57601
3544 -21225 -57601
3545 -21220 -57601
3546 -21230 -57601
3547 -21223 -57601
3548 -21221 -57601
3549 -21222 -57601
3550 -21228 -57601
3551 -21220 -57601
3552 -21222 -57601
3553 -21217 -57601
3554 -21218 -57601
3555 -21218 -57601
3556 -21224 -57601
3557 -21218 -57601
3558 -21221 -57601
3559 -21224 -57601
3560 -21224 -57601
3561 -21220 -57601
3562 -21222 -57601
3563 -21218 -57601
3564 -21225 -57601
3565 -21217 -57601
3566 -21221 -57601
3567 -21221 -57601
3568 -21220 -57601
3569 -21221 -57601
3570 -21220 -57601
3571 -21217 -57601
3572 -21225 -57601
3573 -21218 -57601
3574 -21221 -57601
3575 -21219 -57601
3576 -21227 -57601
3577 -21221 -57601
3578 -21219 -57601
3579 -21222 -57601
3580 -21219 -57601
3581 -21224 -57601
3582 -21221 -57601
3583 -21222 -57601
3584 -21224 -57601
3585 -21214 -57601
3586 -21217 -57601
