0 -21226 -57601
1 -21217 -57601
2 -21219 -57601
3 -21217 -57601
4 -21222 -57601
5 -21227 -57601
6 -21223 -57601
7 -21224 -57601
8 -21223 -57601
9 -21218 -57601
10 -21224 -57601
11 -21224 -57601
12 -21217 -57601
13 -21221 -57601
14 -21221 -57601
15 -21222 -57601
16 -21217 -57601
17 -21225 -57601
18 -21219 -57601
19 -21216 -57601
20 -21223 -57601
21 -21218 -57601
22 -21217 -57601
23 -21218 -57601
24 -21222 -57601
25 -21224 -57601
26 -21220 -57601
27 -21224 -57601
28 -21218 -57601
29 -21220 -57601
30 -21226 -57601
31 -21217 -57601
32 -21219 -57601
33 -21227 -57601
34 -21222 -57601
35 -21224 -57601
36 -21190 -57601
37 -21227 -57601
38 -21221 -57601
39 -21222 -57601
40 -21229 -57601
41 -21204 -57601
42 -21218 -57601
43 -21225 -57601
44 -21218 -57601
45 -21222 -57601
46 -21225 -57601
47 -21217 -57601
48 -21223 -57601
49 -21222 -57601
50 -21220 -57601
51 -21225 -57601
52 -21228 -57601
53 -21220 -57601
54 -21218 -57601
55 -21223 -57601
56 -21222 -57601
57 -21222 -57601
58 -21219 -57601
59 -21226 -57601
60 -21223 -57601
61 -21221 -57601
62 -21231 -57601
63 -21226 -57601
64 -21223 -57601
65 -21222 -57601
66 -21226 -57601
67 -21226 -57601
68 -21221 -57601
69 -21221 -57601
70 -21226 -57601
71 -21219 -57601
72 -21219 -57601
73 -21223 -57601
74 -21222 -57601
75 -21220 -57601
76 -21221 -57601
77 -21220 -57601
78 -21223 -57601
79 -21222 -57601
80 -21222 -57601
81 -21220 -57601
82 -21218 -57601
83 -21218 -57601
84 -21222 -57601
85 -21228 -57601
86 -21218 -57601
87 -21217 -57601
88 -21229 -57601
89 -21225 -57601
90 -21219 -57601
91 -21224 -57601
92 -21222 -57601
93 -21223 -57601
94 -21221 -57601
95 -21221 -57601
96 -21223 -57601
97 -21223 -57601
98 -21224 -57601
99 -21219 -57601
100 -21223 -57601
101 -21222 -57601
102 -21224 -57601
103 -21227 -57601
104 -21224 -57601
105 -21223 -57601
106 -21225 -57601
107 -21221 -57601
108 -21221 -57601
109 -21227 -57601
110 -21221 -57601
111 -21222 -57601
112 -21216 -57601
113 -21218 -57601
114 -21222 -57601
115 -21234 -57601
116 -21224 -57601
117 -21225 -57601
118 -21220 -57601
119 -21224 -57601
120 -21227 -57601
121 -21227 -57601
122 -21219 -57601
123 -21218 -57601
124 -21225 -57601
125 -21219 -57601
126 -21220 -57601
127 -21230 -57601
128 -21217 -57601
129 -21218 -57601
130 -21218 -57601
131 -21218 -57601
132 -21221 -57601
133 -21218 -57601
134 -21218 -57601
135 -21222 -57601
136 -21220 -57601
137 -21220 -57601
138 -21218 -57601
139 -21217 -57601
140 -21218 -57601
141 -21223 -57601
142 -21221 -57601
143 -21219 -57601
144 -21223 -57601
145 -21223 -57601
146 -21220 -57601
147 -21217 -57601
148 -21227 -57601
149 -21222 -57601
150 -21219 -57601
151 -21224 -57601
152 -21227 -57601
153 -21219 -57601
154 -21221 -57601
155 -21219 -57601
156 -21224 -57601
157 -21216 -57601
158 -21217 -57601
159 -21226 -57601
160 -21222 -57601
161 -21223 -57601
162 -21221 -57601
163 -21222 -57601
164 -21217 -57601
165 -21223 -57601
166 -21220 -57601
167 -21222 -57601
168 -21219 -57601
169 -21220 -57601
170 -21218 -57601
171 -21226 -57601
172 -21227 -57601
173 -21221 -57601
174 -21220 -57601
175 -21215 -57601
176 -21223 -57601
177 -21219 -57601
178 -21219 -57601
179 -21223 -57601
180 -21218 -57601
181 -21217 -57601
182 -21222 -57601
183 -21222 -57601
184 -21218 -57601
185 -21230 -57601
186 -21222 -57601
187 -21217 -57601
188 -21226 -57601
189 -21223 -57601
190 -21222 -57601
191 -21220 -57601
192 -21218 -57601
193 -21222 -57601
194 -21220 -57601
195 -21223 -57601
196 -21218 -57601
197 -21223 -57601
198 -21214 -57601
199 -21220 -57601
200 -21222 -57601
201 -21221 -57601
202 -21221 -57601
203 -21221 -57601
204 -21221 -57601
205 -21220 -57601
206 -21220 -57601
207 -21227 -57601
208 -21216 -57601
209 -21216 -57601
210 -21224 -57601
211 -21222 -57601
212 -21217 -57601
213 -21227 -57601
214 -21228 -57601
215 -21217 -57601
216 -21217 -57601
217 -21223 -57601
218 -21219 -57601
219 -21223 -57601
220 -21222 -57601
221 -21223 -57601
222 -21224 -57601
223 -21220 -57601
224 -21222 -57601
225 -21226 -57601
226 -21219 -57601
227 -21220 -57601
228 -21221 -57601
229 -21206 -57601
230 -21220 -57601
231 -21220 -57601
232 -21220 -57601
233 -21220 -57601
234 -21221 -57601
235 -21227 -57601
236 -21224 -57601
237 -21223 -57601
238 -21225 -57601
239 -21221 -57601
240 -21222 -57601
241 -21220 -57601
242 -21220 -57601
243 -21217 -57601
244 -21225 -57601
245 -21230 -57601
246 -21221 -57601
247 -21225 -57601
248 -21221 -57601
249 -21218 -57601
250 -21231 -57601
251 -21224 -57601
252 -21218 -57601
253 -21222 -57601
254 -21217 -57601
255 -21218 -57601
256 -21222 -57601
257 -21222 -57601
258 -21228 -57601
259 -21226 -57601
260 -21219 -57601
261 -21202 -57601
262 -21221 -57601
263 -21223 -57601
264 -21224 -57601
265 -21220 -57601
266 -21218 -57601
267 -21219 -57601
268 -21223 -57601
269 -21222 -57601
270 -21220 -57601
271 -21219 -57601
272 -21230 -57601
273 -21219 -57601
274 -21221 -57601
275 -21220 -57601
276 -21220 -57601
277 -21217 -57601
278 -21220 -57601
279 -21225 -57601
280 -21226 -57601
281 -21222 -57601
282 -21221 -57601
283 -21220 -57601
284 -21225 -57601
285 -21221 -57601
286 -21217 -57601
287 -21221 -57601
288 -21215 -57601
289 -21220 -57601
290 -21225 -57601
291 -21219 -57601
292 -21225 -57601
293 -21225 -57601
294 -21213 -57601
295 -21227 -57601
296 -21225 -57601
297 -21221 -57601
298 -21227 -57601
299 -21219 -57601
300 -21228 -57601
301 -21218 -57601
302 -21228 -57601
303 -21223 -57601
304 -21222 -57601
305 -21216 -57601
306 -21220 -57601
307 -21219 -57601
308 -21219 -57601
309 -21223 -57601
310 -21221 -57601
311 -21223 -57601
312 -21229 -57601
313 -21219 -57601
314 -21219 -57601
315 -21218 -57601
316 -21223 -57601
317 -21219 -57601
318 -21217 -57601
319 -21219 -57601
320 -21220 -57601
321 -21223 -57601
322 -21221 -57601
323 -21222 -57601
324 -21219 -57601
325 -21217 -57601
326 -21231 -57601
327 -21221 -57601
328 -21228 -57601
329 -21221 -57601
330 -21216 -57601
331 -21218 -57601
332 -21218 -57601
333 -21219 -57601
334 -21218 -57601
335 -21218 -57601
336 -21223 -57601
337 -21225 -57601
338 -21225 -57601
339 -21227 -57601
340 -21224 -57601
341 -21221 -57601
342 -21231 -57601
343 -21222 -57601
344 -21227 -57601
345 -21220 -57601
346 -21220 -57601
347 -21222 -57601
348 -21216 -57601
349 -21205 -57601
350 -21218 -57601
351 -21221 -57601
352 -21223 -57601
353 -21225 -57601
354 -21224 -57601
355 -21216 -57601
356 -21222 -57601
357 -21222 -57601
358 -21217 -57601
359 -21227 -57601
360 -21221 -57601
361 -21229 -57601
362 -21215 -57601
363 -21224 -57601
364 -21219 -57601
365 -21224 -57601
366 -21220 -57601
367 -21222 -57601
368 -21222 -57601
369 -21222 -57601
370 -21220 -57601
371 -21220 -57601
372 -21222 -57601
373 -21219 -57601
374 -21219 -57601
375 -21224 -57601
376 -21221 -57601
377 -7172 -57601
378 -21220 -57601
379 -21216 -57601
380 -21220 -57601
381 -21227 -57601
382 -21221 -57601
383 -21219 -57601
384 -21219 -57601
385 -21221 -57601
386 -21224 -57601
387 -21217 -57601
388 -21219 -57601
389 -21218 -57601
390 -21229 -57601
391 -21218 -57601
392 -21226 -57601
393 -21222 -57601
394 -21218 -57601
395 -21227 -57601
396 -21220 -57601
397 -21228 -57601
398 -21222 -57601
399 -21220 -57601
400 -21217 -57601
401 -21218 -57601
402 -21221 -57601
403 -21221 -57601
404 -21218 -57601
405 -21218 -57601
406 -21216 -57601
407 -21216 -57601
408 -21220 -57601
409 -21225 -57601
410 -21223 -57601
411 -21223 -57601
412 -21231 -57601
413 -21210 -57601
414 -21227 -57601
415 -21225 -57601
416 -21223 -57601
417 -21223 -57601
418 -21217 -57601
419 -21220 -57601
420 -21222 -57601
421 -21219 -57601
422 -21226 -57601
423 -21218 -57601
424 -21219 -57601
425 -21219 -57601
426 -21228 -57601
427 -21225 -57601
428 -21221 -57601
429 -21220 -57601
430 -21222 -57601
431 -21228 -57601
432 -21221 -57601
433 -21222 -57601
434 -21218 -57601
435 -21228 -57601
436 -21217 -57601
437 -21225 -57601
438 -21220 -57601
439 -21216 -57601
440 -21230 -57601
441 -21218 -57601
442 -21228 -57601
443 -21219 -57601
444 -21225 -57601
445 -21223 -57601
446 -21217 -57601
447 -21218 -57601
448 -21225 -57601
449 -21218 -57601
450 -21222 -57601
451 -21220 -57601
452 -21229 -57601
453 -21224 -57601
454 -21223 -57601
455 -21230 -57601
456 -21223 -57601
457 -21223 -57601
458 -21220 -57601
459 -21226 -57601
460 -21224 -57601
461 -21224 -57601
462 -21236 -57601
463 -21224 -57601
464 -21225 -57601
465 -21219 -57601
466 -21221 -57601
467 -21225 -57601
468 -21228 -57601
469 -21222 -57601
470 -21219 -57601
471 -21218 -57601
472 -21223 -57601
473 -21219 -57601
474 -21223 -57601
475 -21224 -57601
476 -21229 -57601
477 -21225 -57601
478 -21227 -57601
479 -21221 -57601
480 -21214 -57601
481 -21224 -57601
482 -21229 -57601
483 -21225 -57601
484 -21218 -57601
485 -21224 -57601
486 -21218 -57601
487 -21229 -57601
488 -21223 -57601
489 -21217 -57601
490 -21219 -57601
491 -21234 -57601
492 -21217 -57601
493 -21220 -57601
494 -21223 -57601
495 -21224 -57601
496 -21223 -57601
497 -21228 -57601
498 -21223 -57601
499 -21223 -57601
500 -21233 -57601
501 -21224 -57601
502 -21213 -57601
503 -21224 -57601
504 -21217 -57601
505 -21221 -57601
506 -21224 -57601
507 -21220 -57601
508 -21219 -57601
509 -21232 -57601
510 -21219 -57601
511 -21226 -57601
512 -21217 -57601
513 -21221 -57601
514 -21220 -57601
515 -21222 -57601
516 -21222 -57601
517 -21222 -57601
518 -21215 -57601
519 -21217 -57601
520 -21221 -57601
521 -21221 -57601
522 -21224 -57601
523 -21220 -57601
524 -21222 -57601
525 -21218 -57601
526 -21220 -57601
527 -21218 -57601
528 -21236 -57601
529 -21216 -57601
530 -21228 -57601
531 -21217 -57601
532 -21221 -57601
533 -21222 -57601
534 -21219 -57601
535 -21219 -57601
536 -21220 -57601
537 -21220 -57601
538 -21225 -57601
539 -21219 -57601
540 -21217 -57601
541 -21226 -57601
542 -21221 -57601
543 -21224 -57601
544 -21219 -57601
545 -21228 -57601
546 -21223 -57601
547 -21215 -57601
548 -21221 -57601
549 -21223 -57601
550 -21225 -57601
551 -21218 -57601
552 -21222 -57601
553 -21217 -57601
554 -21226 -57601
555 -21223 -57601
556 -21222 -57601
557 -21216 -57601
558 -21219 -57601
559 -21219 -57601
560 -21217 -57601
561 -21221 -57601
562 -21216 -57601
563 -21224 -57601
564 -21222 -57601
565 -21219 -57601
566 -21218 -57601
567 -21219 -57601
568 -21218 -57601
569 -21235 -57601
570 -21222 -57601
571 -21220 -57601
572 -21221 -57601
573 -21228 -57601
574 -21219 -57601
575 -21221 -57601
576 -21221 -57601
577 -21224 -57601
578 -21220 -57601
579 -21227 -57601
580 -21219 -57601
581 -21222 -57601
582 -21224 -57601
583 -21220 -57601
584 -21220 -57601
585 -21213 -57601
586 -21221 -57601
587 -21218 -57601
588 -21216 -57601
589 -21218 -57601
590 -21224 -57601
591 -21225 -57601
592 -21224 -57601
593 -21794 -57601
594 -21221 -57601
595 -21231 -57601
596 -21229 -57601
597 -21220 -57601
598 -21226 -57601
599 -21221 -57601
600 -21222 -57601
601 -21220 -57601
602 -21220 -57601
603 -21220 -57601
604 -21224 -57601
605 -21219 -57601
606 -21224 -57601
607 -21214 -57601
608 -21218 -57601
609 -21222 -57601
610 -21226 -57601
611 -21218 -57601
612 -21223 -57601
613 -21215 -57601
614 -21217 -57601
615 -21227 -57601
616 -21222 -57601
617 -21225 -57601
618 -21220 -57601
619 -21221 -57601
620 -21221 -57601
621 -21219 -57601
622 -21218 -57601
623 -21222 -57601
624 -21217 -57601
625 -21220 -57601
626 -21229 -57601
627 -21227 -57601
628 -21217 -57601
629 -21226 -57601
630 -21225 -57601
631 -21222 -57601
632 -21228 -57601
633 -21226 -57601
634 -21221 -57601
635 -21217 -57601
636 -21226 -57601
637 -21228 -57601
638 -21222 -57601
639 -21220 -57601
640 -21221 -57601
641 -21234 -57601
642 -21223 -57601
643 -21224 -57601
644 -21222 -57601
645 -21219 -57601
646 -21218 -57601
647 -21219 -57601
648 -21219 -57601
649 -21221 -57601
650 -21221 -57601
651 -21219 -57601
652 -21218 -57601
653 -21216 -57601
654 -21224 -57601
655 -21222 -57601
656 -21222 -57601
657 -21221 -57601
658 -21221 -57601
659 -21223 -57601
660 -21222 -57601
661 -21221 -57601
662 -21223 -57601
663 -21220 -57601
664 -21221 -57601
665 -21221 -57601
666 -21223 -57601
667 -21205 -57601
668 -21215 -57601
669 -21224 -57601
670 -21222 -57601
671 -21222 -57601
672 -21226 -57601
673 -21217 -57601
674 -21219 -57601
675 -21218 -57601
676 -21225 -57601
677 -21222 -57601
678 -21227 -57601
679 -21232 -57601
680 -21225 -57601
681 -21222 -57601
682 -21218 -57601
683 -21220 -57601
684 -21221 -57601
685 -21219 -57601
686 -21223 -57601
687 -21225 -57601
688 -21222 -57601
689 -21220 -57601
690 -21218 -57601
691 -21225 -57601
692 -21219 -57601
693 -21225 -57601
694 -21223 -57601
695 -21219 -57601
696 -21225 -57601
697 -21224 -57601
698 -21222 -57601
699 -21229 -57601
700 -21220 -57601
701 -21227 -57601
702 -21218 -57601
703 -21220 -57601
704 -21217 -57601
705 -21216 -57601
706 -21222 -57601
707 -21271 -57601
708 -21223 -57601
709 -21220 -57601
710 -21220 -57601
711 -21221 -57601
712 -21226 -57601
713 -21218 -57601
714 -21218 -57601
715 -21231 -57601
716 -21232 -57601
717 -21216 -57601
718 -21224 -57601
719 -21223 -57601
720 -21221 -57601
721 -21222 -57601
722 -21216 -57601
723 -21216 -57601
724 -21223 -57601
725 -21221 -57601
726 -21216 -57601
727 -21218 -57601
728 -21216 -57601
729 -21219 -57601
730 -21219 -57601
731 -21221 -57601
732 -21222 -57601
733 -21222 -57601
734 -21220 -57601
735 -21226 -57601
736 -21223 -57601
737 -21218 -57601
738 -21219 -57601
739 -21219 -57601
740 -21220 -57601
741 -21219 -57601
742 -21226 -57601
743 -21221 -57601
744 -21227 -57601
745 -21223 -57601
746 -21216 -57601
747 -21219 -57601
748 -21226 -57601
749 -21225 -57601
750 -21220 -57601
751 -21218 -57601
752 -21228 -57601
753 -21220 -57601
754 -21218 -57601
755 -21218 -57601
756 -21223 -57601
757 -21224 -57601
758 -21221 -57601
759 -21229 -57601
760 -21223 -57601
761 -21221 -57601
762 -21222 -57601
763 -21222 -57601
764 -21227 -57601
765 -21225 -57601
766 -21223 -57601
767 -21222 -57601
768 -21218 -57601
769 -21231 -57601
770 -21223 -57601
771 -21221 -57601
772 -21218 -57601
773 -21222 -57601
774 -21221 -57601
775 -21221 -57601
776 -21226 -57601
777 -21222 -57601
778 -21226 -57601
779 -21221 -57601
780 -21221 -57601
781 -21225 -57601
782 -21227 -57601
783 -21221 -57601
784 -21215 -57601
785 -21221 -57601
786 -21220 -57601
787 -21219 -57601
788 -21227 -57601
789 -21222 -57601
790 -21229 -57601
791 -21227 -57601
792 -21227 -57601
793 -21218 -57601
794 -21225 -57601
795 -21220 -57601
796 -21216 -57601
797 -21217 -57601
798 -21223 -57601
799 -21220 -57601
800 -21223 -57601
801 -21222 -57601
802 -21220 -57601
803 -21229 -57601
804 -21216 -57601
805 -21224 -57601
806 -21223 -57601
807 -21223 -57601
808 -21217 -57601
809 -21221 -57601
810 -21224 -57601
811 -21216 -57601
812 -21223 -57601
813 -21226 -57601
814 -21215 -57601
815 -21227 -57601
816 -21220 -57601
817 -21219 -57601
818 -21225 -57601
819 -21221 -57601
820 -21219 -57601
821 -21225 -57601
822 -21218 -57601
823 -21215 -57601
824 -21221 -57601
825 -21222 -57601
826 -21223 -57601
827 -21217 -57601
828 -21222 -57601
829 -21219 -57601
830 -21225 -57601
831 -21215 -57601
832 -21224 -57601
833 -21214 -57601
834 -21218 -57601
835 -21220 -57601
836 -21224 -57601
837 -21235 -57601
838 -21222 -57601
839 -21221 -57601
840 -21217 -57601
841 -21223 -57601
842 -21216 -57601
843 -21223 -57601
844 -21220 -57601
845 -21221 -57601
846 -21213 -57601
847 -21215 -57601
848 -21219 -57601
849 -21220 -57601
850 -21220 -57601
851 -21219 -57601
852 -21220 -57601
853 -21228 -57601
854 -21222 -57601
855 -21224 -57601
856 -21218 -57601
857 -21220 -57601
858 -21225 -57601
859 -21217 -57601
860 -21219 -57601
861 -21222 -57601
862 -21216 -57601
863 -21252 -57601
864 -21222 -57601
865 -21224 -57601
866 -21218 -57601
867 -21215 -57601
868 -21217 -57601
869 -21219 -57601
870 -21219 -57601
871 -21224 -57601
872 -21232 -57601
873 -21219 -57601
874 -21234 -57601
875 -21220 -57601
876 -21224 -57601
877 -21217 -57601
878 -21225 -57601
879 -21227 -57601
880 -21220 -57601
881 -21222 -57601
882 -21223 -57601
883 -21256 -57601
884 -21219 -57601
885 -21224 -57601
886 -21233 -57601
887 -21224 -57601
888 -21224 -57601
889 -21221 -57601
890 -21224 -57601
891 -21221 -57601
892 -21215 -57601
893 -21218 -57601
894 -21223 -57601
895 -21219 -57601
896 -21221 -57601
897 -21216 -57601
898 -21235 -57601
899 -21224 -57601
900 -21223 -57601
901 -21222 -57601
902 -21224 -57601
903 -21221 -57601
904 -21216 -57601
905 -21221 -57601
906 -21230 -57601
907 -21227 -57601
908 -21220 -57601
909 -21225 -57601
910 -21223 -57601
911 -21224 -57601
912 -21221 -57601
913 -21221 -57601
914 -21230 -57601
915 -21224 -57601
916 -21228 -57601
917 -21226 -57601
918 -21220 -57601
919 -21221 -57601
920 -21219 -57601
921 -21224 -57601
922 -21217 -57601
923 -21224 -57601
924 -21216 -57601
925 -21223 -57601
926 -21226 -57601
927 -21221 -57601
928 -21215 -57601
929 -21222 -57601
930 -21222 -57601
931 -21221 -57601
932 -21221 -57601
933 -21219 -57601
934 -21218 -57601
935 -21224 -57601
936 -21222 -57601
937 -21224 -57601
938 -21223 -57601
939 -21218 -57601
940 -21219 -57601
941 -21217 -57601
942 -21223 -57601
943 -21218 -57601
944 -21217 -57601
945 -21222 -57601
946 -21220 -57601
947 -21217 -57601
948 -21220 -57601
949 -21218 -57601
950 -21222 -57601
951 -21225 -57601
952 -21220 -57601
953 -21220 -57601
954 -21221 -57601
955 -21216 -57601
956 -21218 -57601
957 -21222 -57601
958 -21218 -57601
959 -21218 -57601
960 -21227 -57601
961 -21218 -57601
962 -21220 -57601
963 -21221 -57601
964 -21223 -57601
965 -21220 -57601
966 -21218 -57601
967 -21219 -57601
968 -21221 -57601
969 -21218 -57601
970 -21207 -57601
971 -21222 -57601
972 -21221 -57601
973 -21229 -57601
974 -21221 -57601
975 -21216 -57601
976 -21220 -57601
977 -21221 -57601
978 -21227 -57601
979 -21221 -57601
980 -21219 -57601
981 -21218 -57601
982 -21215 -57601
983 -21221 -57601
984 -21220 -57601
985 -21222 -57601
986 -21221 -57601
987 -21221 -57601
988 -21222 -57601
989 -21222 -57601
990 -21221 -57601
991 -21222 -57601
992 -21224 -57601
993 -21216 -57601
994 -21214 -57601
995 -21223 -57601
996 -21219 -57601
997 -21220 -57601
998 -21224 -57601
999 -21218 -57601
1000 -21224 -57601
1001 -21224 -57601
1002 -21223 -57601
1003 -21225 -57601
1004 -21218 -57601
1005 -21221 -57601
1006 -21218 -57601
1007 -21221 -57601
1008 -21223 -57601
1009 -21221 -57601
1010 -21217 -57601
1011 -21219 -57601
1012 -21218 -57601
1013 -21227 -57601
1014 -21224 -57601
1015 -21219 -57601
1016 -21221 -57601
1017 -21227 -57601
1018 -21217 -57601
1019 -21218 -57601
1020 -21217 -57601
1021 -21227 -57601
1022 -21218 -57601
1023 -21191 -57601
1024 -21218 -57601
1025 -21222 -57601
1026 -21221 -57601
1027 -21268 -57601
1028 -21221 -57601
1029 -21223 -57601
1030 -21215 -57601
1031 -21228 -57601
1032 -21222 -57601
1033 -21221 -57601
1034 -21220 -57601
1035 -21215 -57601
1036 -21223 -57601
1037 -21226 -57601
1038 -21219 -57601
1039 -21220 -57601
1040 -21213 -57601
1041 -21218 -57601
1042 -21222 -57601
1043 -21222 -57601
1044 -21224 -57601
1045 -21218 -57601
1046 -21221 -57601
1047 -21223 -57601
1048 -21212 -57601
1049 -21219 -57601
1050 -21223 -57601
1051 -21228 -57601
1052 -21223 -57601
1053 -21222 -57601
1054 -21215 -57601
1055 -21220 -57601
1056 -21222 -57601
1057 -21223 -57601
1058 -21230 -57601
1059 -21229 -57601
1060 -21219 -57601
1061 -21217 -57601
1062 -21224 -57601
1063 -21223 -57601
1064 -21226 -57601
1065 -21222 -57601
1066 -21220 -57601
1067 -21219 -57601
1068 -21218 -57601
1069 -21221 -57601
1070 -21218 -57601
1071 -21216 -57601
1072 -21218 -57601
1073 -21219 -57601
1074 -21224 -57601
1075 -21225 -57601
1076 -21218 -57601
1077 -21222 -57601
1078 -21220 -57601
1079 -21218 -57601
1080 -21223 -57601
1081 -21229 -57601
1082 -21221 -57601
1083 -21224 -57601
1084 -21223 -57601
1085 -21216 -57601
1086 -21223 -57601
1087 -21222 -57601
1088 -21217 -57601
1089 -21216 -57601
1090 -21222 -57601
1091 -21228 -57601
1092 -21218 -57601
1093 -21220 -57601
1094 -21218 -57601
1095 -21226 -57601
1096 -21216 -57601
1097 -21220 -57601
1098 -21217 -57601
1099 -21227 -57601
1100 -21220 -57601
1101 -21217 -57601
1102 -21218 -57601
1103 -21218 -57601
1104 -21227 -57601
1105 -21218 -57601
1106 -21219 -57601
1107 -21220 -57601
1108 -21218 -57601
1109 -21218 -57601
1110 -21220 -57601
1111 -21225 -57601
1112 -21223 -57601
1113 -21229 -57601
1114 -21220 -57601
1115 -21221 -57601
1116 -21219 -57601
1117 -21223 -57601
1118 -21222 -57601
1119 -21218 -57601
1120 -21220 -57601
1121 -21221 -57601
1122 -21220 -57601
1123 -21221 -57601
1124 -21226 -57601
1125 -21228 -57601
1126 -21224 -57601
1127 -21218 -57601
1128 -21226 -57601
1129 -21229 -57601
1130 -21222 -57601
1131 -21233 -57601
1132 -21221 -57601
1133 -21222 -57601
1134 -21218 -57601
1135 -21220 -57601
1136 -21236 -57601
1137 -21222 -57601
1138 -21222 -57601
1139 -21223 -57601
1140 -21220 -57601
1141 -21226 -57601
1142 -21220 -57601
1143 -21223 -57601
1144 -21215 -57601
1145 -21219 -57601
1146 -21226 -57601
1147 -21231 -57601
1148 -21223 -57601
1149 -21217 -57601
1150 -21218 -57601
1151 -21226 -57601
1152 -21244 -57601
1153 -21222 -57601
1154 -21221 -57601
1155 -21220 -57601
1156 -21222 -57601
1157 -21223 -57601
1158 -21226 -57601
1159 -21219 -57601
1160 -21221 -57601
1161 -21226 -57601
1162 -21230 -57601
1163 -21217 -57601
1164 -21250 -57601
1165 -21218 -57601
1166 -21217 -57601
1167 -21235 -57601
1168 -21223 -57601
1169 -21220 -57601
1170 -21220 -57601
1171 -21216 -57601
1172 -21225 -57601
1173 -21224 -57601
1174 -21218 -57601
1175 -21218 -57601
1176 -21221 -57601
1177 -21220 -57601
1178 -21220 -57601
1179 -21217 -57601
1180 -21225 -57601
1181 -21224 -57601
1182 -21223 -57601
1183 -21226 -57601
1184 -21214 -57601
1185 -21220 -57601
1186 -21229 -57601
1187 -21224 -57601
1188 -21219 -57601
1189 -21224 -57601
1190 -21224 -57601
1191 -21220 -57601
1192 -21221 -57601
1193 -21217 -57601
1194 -21222 -57601
1195 -21217 -57601
1196 -21216 -57601
1197 -21226 -57601
1198 -21221 -57601
1199 -21235 -57601
1200 -21221 -57601
1201 -21221 -57601
1202 -21226 -57601
1203 -21218 -57601
1204 -21222 -57601
1205 -21219 -57601
1206 -21217 -57601
1207 -21219 -57601
1208 -21228 -57601
1209 -21225 -57601
1210 -21230 -57601
1211 -21232 -57601
1212 -21221 -57601
1213 -21222 -57601
1214 -21219 -57601
1215 -21222 -57601
1216 -21220 -57601
1217 -21226 -57601
1218 -21223 -57601
1219 -21218 -57601
1220 -21222 -57601
1221 -21226 -57601
1222 -21223 -57601
1223 -21221 -57601
1224 6808 -57601
1225 -21222 -57601
1226 -21219 -57601
1227 -21224 -57601
1228 -21222 -57601
1229 -21221 -57601
1230 -21222 -57601
1231 -21224 -57601
1232 -21217 -57601
1233 -21220 -57601
1234 -21220 -57601
1235 -21219 -57601
1236 -21219 -57601
1237 -21222 -57601
1238 -21221 -57601
1239 -21221 -57601
1240 -21225 -57601
1241 -21220 -57601
1242 -21221 -57601
1243 -21220 -57601
1244 -21225 -57601
1245 -21219 -57601
1246 -21222 -57601
1247 -21227 -57601
1248 -21223 -57601
1249 -21217 -57601
1250 -21221 -57601
1251 -21224 -57601
1252 -21219 -57601
1253 -21218 -57601
1254 -21223 -57601
1255 -21225 -57601
1256 -21222 -57601
1257 -21221 -57601
1258 -21225 -57601
1259 -21216 -57601
1260 -21222 -57601
1261 -21224 -57601
1262 -21222 -57601
1263 -21225 -57601
1264 -21224 -57601
1265 -21232 -57601
1266 -21224 -57601
1267 -21231 -57601
1268 -21221 -57601
1269 -21224 -57601
1270 -21221 -57601
1271 -21222 -57601
1272 -21220 -57601
1273 -21219 -57601
1274 -21227 -57601
1275 -21220 -57601
1276 -21221 -57601
1277 -21217 -57601
1278 -21220 -57601
1279 -21221 -57601
1280 -21231 -57601
1281 -21221 -57601
1282 -21219 -57601
1283 -21220 -57601
1284 -21227 -57601
1285 -21221 -57601
1286 -21226 -57601
1287 -21216 -57601
1288 -21224 -57601
1289 -21214 -57601
1290 -21220 -57601
1291 -21220 -57601
1292 -21218 -57601
1293 -21222 -57601
1294 -21224 -57601
1295 -21223 -57601
1296 -21222 -57601
1297 -21222 -57601
1298 -21222 -57601
1299 -21222 -57601
1300 -21220 -57601
1301 -21220 -57601
1302 -21228 -57601
1303 -21228 -57601
1304 -21215 -57601
1305 -21216 -57601
1306 -21224 -57601
1307 -21223 -57601
1308 -21223 -57601
1309 -21220 -57601
1310 -21223 -57601
1311 -21226 -57601
1312 -21221 -57601
1313 -21219 -57601
1314 -21223 -57601
1315 -21219 -57601
1316 -21221 -57601
1317 -21216 -57601
1318 -21221 -57601
1319 -21222 -57601
1320 -21229 -57601
1321 -21223 -57601
1322 -21217 -57601
1323 -21229 -57601
1324 -21219 -57601
1325 -21221 -57601
1326 -21222 -57601
1327 -21221 -57601
1328 -21226 -57601
1329 -21221 -57601
1330 6833 -57601
1331 -21214 -57601
1332 -21224 -57601
1333 -21221 -57601
1334 -21222 -57601
1335 -21223 -57601
1336 -21229 -57601
1337 -21220 -57601
1338 -21220 -57601
1339 -21225 -57601
1340 -21219 -57601
1341 -21217 -57601
1342 -21218 -57601
1343 -21219 -57601
1344 -21221 -57601
1345 -21226 -57601
1346 -21218 -57601
1347 -21219 -57601
1348 -21214 -57601
1349 -21219 -57601
1350 -21219 -57601
1351 -21228 -57601
1352 -21228 -57601
1353 -21229 -57601
1354 -21222 -57601
1355 -21223 -57601
1356 -21224 -57601
1357 -21219 -57601
1358 -21218 -57601
1359 -21221 -57601
1360 -21220 -57601
1361 -21220 -57601
1362 -21221 -57601
1363 -21218 -57601
1364 -21223 -57601
1365 -21223 -57601
1366 -21217 -57601
1367 -21219 -57601
1368 -21221 -57601
1369 -21222 -57601
1370 -21222 -57601
1371 -21220 -57601
1372 -21224 -57601
1373 -21220 -57601
1374 -21218 -57601
1375 -21218 -57601
1376 -21215 -57601
1377 -21215 -57601
1378 -21232 -57601
1379 -21219 -57601
1380 -21226 -57601
1381 -21223 -57601
1382 -21220 -57601
1383 -21225 -57601
1384 -21228 -57601
1385 -21220 -57601
1386 -21228 -57601
1387 -21222 -57601
1388 -21220 -57601
1389 -21231 -57601
1390 -21219 -57601
1391 -21219 -57601
1392 -21224 -57601
1393 -21220 -57601
1394 -21218 -57601
1395 -21222 -57601
1396 -21225 -57601
1397 -21223 -57601
1398 -21221 -57601
1399 -21217 -57601
1400 -21228 -57601
1401 -21217 -57601
1402 -21215 -57601
1403 -21221 -57601
1404 -21219 -57601
1405 -21217 -57601
1406 -21219 -57601
1407 -21222 -57601
1408 -21220 -57601
1409 -21224 -57601
1410 -21226 -57601
1411 -21224 -57601
1412 -21222 -57601
1413 -21222 -57601
1414 -21221 -57601
1415 -21220 -57601
1416 -21220 -57601
1417 -21218 -57601
1418 -21220 -57601
1419 -21223 -57601
1420 -21219 -57601
1421 -21226 -57601
1422 -21223 -57601
1423 -21229 -57601
1424 -21221 -57601
1425 -21224 -57601
1426 -21221 -57601
1427 -21220 -57601
1428 -21220 -57601
1429 -21220 -57601
1430 -21214 -57601
1431 -21230 -57601
1432 -21223 -57601
1433 -21221 -57601
1434 -21221 -57601
1435 -21220 -57601
1436 -21217 -57601
1437 -21218 -57601
1438 -21219 -57601
1439 -21226 -57601
1440 -21223 -57601
1441 -21221 -57601
1442 -21222 -57601
1443 -21223 -57601
1444 -21223 -57601
1445 -21222 -57601
1446 -21221 -57601
1447 -21218 -57601
1448 -21209 -57601
1449 -21222 -57601
1450 -21226 -57601
1451 -21217 -57601
1452 -21224 -57601
1453 -21217 -57601
1454 -21225 -57601
1455 -21220 -57601
1456 -21219 -57601
1457 -21222 -57601
1458 -21217 -57601
1459 -21216 -57601
1460 -21224 -57601
1461 -21226 -57601
1462 -21223 -57601
1463 -21222 -57601
1464 -21218 -57601
1465 -21227 -57601
1466 -21218 -57601
1467 -21230 -57601
1468 -21227 -57601
1469 -21225 -57601
1470 -21221 -57601
1471 -21219 -57601
1472 -21217 -57601
1473 -21227 -57601
1474 -21226 -57601
1475 -21230 -57601
1476 -21220 -57601
1477 -21220 -57601
1478 -21220 -57601
1479 -21223 -57601
1480 -21221 -57601
1481 -21222 -57601
1482 -21217 -57601
1483 -21267 -57601
1484 -21226 -57601
1485 -21223 -57601
1486 -21218 -57601
1487 -21218 -57601
1488 -21227 -57601
1489 -21216 -57601
1490 -21222 -57601
1491 -21227 -57601
1492 -21221 -57601
1493 -21215 -57601
1494 -21229 -57601
1495 -21224 -57601
1496 -21225 -57601
1497 -21220 -57601
1498 -21221 -57601
1499 -21220 -57601
1500 -21222 -57601
1501 -21225 -57601
1502 -21233 -57601
1503 -21226 -57601
1504 -21225 -57601
1505 -21221 -57601
1506 -21225 -57601
1507 -21225 -57601
1508 -21226 -57601
1509 -21223 -57601
1510 -21221 -57601
1511 -21220 -57601
1512 -21220 -57601
1513 -21220 -57601
1514 -21218 -57601
1515 -21221 -57601
1516 -21220 -57601
1517 -21216 -57601
1518 -21222 -57601
1519 -21228 -57601
1520 -21206 -57601
1521 -21220 -57601
1522 -21220 -57601
1523 -21223 -57601
1524 -21222 -57601
1525 -21222 -57601
1526 -21231 -57601
1527 -21218 -57601
1528 -21220 -57601
1529 -21230 -57601
1530 -21223 -57601
1531 -21223 -57601
1532 -21227 -57601
1533 -21222 -57601
1534 -21230 -57601
1535 -21216 -57601
1536 -21224 -57601
1537 -21219 -57601
1538 -21223 -57601
1539 -21220 -57601
1540 -21222 -57601
1541 -21219 -57601
1542 -21216 -57601
1543 -21214 -57601
1544 -21221 -57601
1545 -21219 -57601
1546 -21222 -57601
1547 -21220 -57601
1548 -21223 -57601
1549 -21215 -57601
1550 -21227 -57601
1551 -21222 -57601
1552 -21219 -57601
1553 -21228 -57601
1554 -21224 -57601
1555 -21222 -57601
1556 -21228 -57601
1557 -21219 -57601
1558 -21223 -57601
1559 -21226 -57601
1560 -21222 -57601
1561 -21225 -57601
1562 -21222 -57601
1563 -21220 -57601
1564 -21221 -57601
1565 -21230 -57601
1566 -21225 -57601
1567 -21233 -57601
1568 -21222 -57601
1569 -21221 -57601
1570 -21222 -57601
1571 -21228 -57601
1572 -21221 -57601
1573 -21223 -57601
1574 -21219 -57601
1575 -21219 -57601
1576 -21228 -57601
1577 -21215 -57601
1578 -21220 -57601
1579 -21217 -57601
1580 -21219 -57601
1581 -21214 -57601
1582 -21223 -57601
1583 -21219 -57601
1584 -21219 -57601
1585 6831 -57601
1586 -21224 -57601
1587 -21218 -57601
1588 -21215 -57601
1589 -21223 -57601
1590 -21221 -57601
1591 -21217 -57601
1592 -21220 -57601
1593 -21224 -57601
1594 -21227 -57601
1595 -21220 -57601
1596 -21218 -57601
1597 -21217 -57601
1598 -21222 -57601
1599 -21217 -57601
1600 -21227 -57601
1601 -21224 -57601
1602 -21220 -57601
1603 -21223 -57601
1604 -21219 -57601
1605 -21221 -57601
1606 -21229 -57601
1607 -21223 -57601
1608 -21225 -57601
1609 -21220 -57601
1610 -21226 -57601
1611 -21224 -57601
1612 -21230 -57601
1613 -21219 -57601
1614 -21224 -57601
1615 -21228 -57601
1616 -21222 -57601
1617 -21232 -57601
1618 -21228 -57601
1619 -21225 -57601
1620 -21220 -57601
1621 -21223 -57601
1622 -21224 -57601
1623 -21220 -57601
1624 -21223 -57601
1625 -21227 -57601
1626 -21220 -57601
1627 -21219 -57601
1628 -21220 -57601
1629 -21229 -57601
1630 -21219 -57601
1631 -21225 -57601
1632 -21226 -57601
1633 -21216 -57601
1634 -21220 -57601
1635 -21228 -57601
1636 -21217 -57601
1637 -21222 -57601
1638 -21218 -57601
1639 -21221 -57601
1640 -21222 -57601
1641 -21224 -57601
1642 -21217 -57601
1643 -21220 -57601
1644 -21222 -57601
1645 -21218 -57601
1646 -21224 -57601
1647 -21222 -57601
1648 -21220 -57601
1649 -21234 -57601
1650 -21214 -57601
1651 -21221 -57601
1652 -21220 -57601
1653 -21219 -57601
1654 -21218 -57601
1655 -21220 -57601
1656 -21221 -57601
1657 -21220 -57601
1658 -21224 -57601
1659 -21227 -57601
1660 -21222 -57601
1661 -21221 -57601
1662 -21217 -57601
1663 -21221 -57601
1664 -21221 -57601
1665 -21211 -57601
1666 -21229 -57601
1667 -21226 -57601
1668 -21221 -57601
1669 -21225 -57601
1670 -21216 -57601
1671 -21222 -57601
1672 -21227 -57601
1673 -21221 -57601
1674 -21222 -57601
1675 -21221 -57601
1676 -21220 -57601
1677 -21217 -57601
1678 -21224 -57601
1679 -21223 -57601
1680 -21223 -57601
1681 -21219 -57601
1682 -21219 -57601
1683 -21220 -57601
1684 -21217 -57601
1685 -21222 -57601
1686 -21235 -57601
1687 -21224 -57601
1688 -21220 -57601
1689 -21218 -57601
1690 -21221 -57601
1691 -21225 -57601
1692 -21216 -57601
1693 -21221 -57601
1694 -21218 -57601
1695 -21221 -57601
1696 -21222 -57601
1697 -21215 -57601
1698 -21218 -57601
1699 -21220 -57601
1700 -21230 -57601
1701 -21228 -57601
1702 -21222 -57601
1703 -21221 -57601
1704 -21225 -57601
1705 -21215 -57601
1706 -21218 -57601
1707 -21228 -57601
1708 -21218 -57601
1709 -21222 -57601
1710 -21219 -57601
1711 -21224 -57601
1712 -21225 -57601
1713 -21220 -57601
1714 -21228 -57601
1715 -21221 -57601
1716 -21221 -57601
1717 -21226 -57601
1718 -21221 -57601
1719 -21219 -57601
1720 -21220 -57601
1721 -21220 -57601
1722 -21220 -57601
1723 -21218 -57601
1724 -21225 -57601
1725 -21223 -57601
1726 -21190 -57601
1727 -21220 -57601
1728 -21216 -57601
1729 -21229 -57601
1730 -21230 -57601
1731 -21221 -57601
1732 -21221 -57601
1733 -21223 -57601
1734 -21220 -57601
1735 -21216 -57601
1736 -21224 -57601
1737 -21221 -57601
1738 -21221 -57601
1739 -21221 -57601
1740 -21228 -57601
1741 -21223 -57601
1742 -21224 -57601
1743 -21219 -57601
1744 -21235 -57601
1745 -21223 -57601
1746 -21224 -57601
1747 -21214 -57601
1748 -21219 -57601
1749 -21218 -57601
1750 -21228 -57601
1751 -21220 -57601
1752 -21217 -57601
1753 -21219 -57601
1754 -21225 -57601
1755 -21220 -57601
1756 -21223 -57601
1757 -21217 -57601
1758 -21218 -57601
1759 -21221 -57601
1760 -21222 -57601
1761 -21221 -57601
1762 -21221 -57601
1763 -21218 -57601
1764 -21219 -57601
1765 -21222 -57601
1766 -21220 -57601
1767 -21219 -57601
1768 -21228 -57601
1769 -21221 -57601
1770 -21218 -57601
1771 -21223 -57601
1772 -21223 -57601
1773 -21223 -57601
1774 -21225 -57601
1775 -21220 -57601
1776 -21219 -57601
1777 -21937 -57601
1778 -21228 -57601
1779 -21223 -57601
1780 -21231 -57601
1781 -21227 -57601
1782 -21228 -57601
1783 -21220 -57601
1784 -21223 -57601
1785 -21222 -57601
1786 -21217 -57601
1787 -21214 -57601
1788 -21225 -57601
1789 -21230 -57601
1790 -21218 -57601
1791 -21223 -57601
1792 -21221 -57601
1793 -21226 -57601
1794 -21225 -57601
1795 -21216 -57601
1796 -21221 -57601
1797 -21230 -57601
1798 -21217 -57601
1799 -21220 -57601
1800 -21219 -57601
1801 -21221 -57601
1802 -21224 -57601
1803 -21225 -57601
1804 -21224 -57601
1805 -21215 -57601
1806 -21221 -57601
1807 -21219 -57601
1808 -21223 -57601
1809 -21218 -57601
1810 -21222 -57601
1811 -21219 -57601
1812 -21217 -57601
1813 -21218 -57601
1814 -21223 -57601
1815 -21219 -57601
1816 -21221 -57601
1817 -21220 -57601
1818 -21218 -57601
1819 -21229 -57601
1820 -21219 -57601
1821 -21225 -57601
1822 -21229 -57601
1823 -21216 -57601
1824 -21220 -57601
1825 -21222 -57601
1826 -21221 -57601
1827 -21218 -57601
1828 -21217 -57601
1829 -21219 -57601
1830 -21224 -57601
1831 -21219 -57601
1832 -21223 -57601
1833 -21230 -57601
1834 -21221 -57601
1835 -21222 -57601
1836 -21219 -57601
1837 -21216 -57601
1838 -21218 -57601
1839 -21222 -57601
1840 -21221 -57601
1841 -21222 -57601
1842 -21226 -57601
1843 -21219 -57601
1844 -21218 -57601
1845 -21221 -57601
1846 -21222 -57601
1847 -21220 -57601
1848 -21218 -57601
1849 -21230 -57601
1850 -21224 -57601
1851 -21219 -57601
1852 -21220 -57601
1853 -21218 -57601
1854 -21220 -57601
1855 -21223 -57601
1856 -21221 -57601
1857 -21223 -57601
1858 -21221 -57601
1859 -21220 -57601
1860 -21225 -57601
1861 -21222 -57601
1862 -21223 -57601
1863 -21220 -57601
1864 -21222 -57601
1865 -14254 -57601
1866 -21223 -57601
1867 -21225 -57601
1868 -21220 -57601
1869 -21222 -57601
1870 -21222 -57601
1871 -21222 -57601
1872 -21220 -57601
1873 -21220 -57601
1874 -21217 -57601
1875 -21223 -57601
1876 -21223 -57601
1877 -21225 -57601
1878 -21227 -57601
1879 -21216 -57601
1880 -21219 -57601
1881 -21221 -57601
1882 -21215 -57601
1883 -21225 -57601
1884 -21220 -57601
1885 -21219 -57601
1886 -21220 -57601
1887 -21227 -57601
1888 -21218 -57601
1889 -21223 -57601
1890 -21222 -57601
1891 -21219 -57601
1892 -21224 -57601
1893 -21223 -57601
1894 -21219 -57601
1895 -21217 -57601
1896 -21221 -57601
1897 -21220 -57601
1898 -21222 -57601
1899 -21221 -57601
1900 -21222 -57601
1901 -21228 -57601
1902 -21229 -57601
1903 -21221 -57601
1904 -21224 -57601
1905 -21223 -57601
1906 -21222 -57601
1907 -21219 -57601
1908 -21219 -57601
1909 -21218 -57601
1910 -21221 -57601
1911 -21217 -57601
1912 -21226 -57601
1913 -21219 -57601
1914 -21220 -57601
1915 -21226 -57601
1916 -21222 -57601
1917 -21224 -57601
1918 -21218 -57601
1919 -21222 -57601
1920 -21219 -57601
1921 -21216 -57601
1922 -21221 -57601
1923 -21229 -57601
1924 -21219 -57601
1925 -21223 -57601
1926 -21222 -57601
1927 -21216 -57601
1928 -21223 -57601
1929 -21219 -57601
1930 -21227 -57601
1931 -21227 -57601
1932 -21217 -57601
1933 -21217 -57601
1934 -21217 -57601
1935 -21223 -57601
1936 -21224 -57601
1937 -21217 -57601
1938 -21219 -57601
1939 -21211 -57601
1940 -21221 -57601
1941 -21223 -57601
1942 -21219 -57601
1943 -21220 -57601
1944 -21223 -57601
1945 -21223 -57601
1946 -21220 -57601
1947 -21224 -57601
1948 -21218 -57601
1949 -21221 -57601
1950 -21221 -57601
1951 -21223 -57601
1952 -21229 -57601
1953 -21219 -57601
1954 -21223 -57601
1955 -21219 -57601
1956 -21220 -57601
1957 -21222 -57601
1958 -21221 -57601
1959 -21225 -57601
1960 -21221 -57601
1961 -21224 -57601
1962 -21218 -57601
1963 -21220 -57601
1964 -21221 -57601
1965 -21222 -57601
1966 -21218 -57601
1967 -21219 -57601
1968 -21218 -57601
1969 -21224 -57601
1970 -21223 -57601
1971 -21227 -57601
1972 -21217 -57601
1973 -21223 -57601
1974 -21221 -57601
1975 -21219 -57601
1976 -21218 -57601
1977 -21220 -57601
1978 -21228 -57601
1979 -21226 -57601
1980 -21220 -57601
1981 -21223 -57601
1982 -21218 -57601
1983 -21225 -57601
1984 -21224 -57601
1985 -21226 -57601
1986 -21231 -57601
1987 -21223 -57601
1988 -21219 -57601
1989 -21221 -57601
1990 -21227 -57601
1991 -21222 -57601
1992 -21231 -57601
1993 -21221 -57601
1994 -21222 -57601
1995 -21224 -57601
1996 -21223 -57601
1997 -21229 -57601
1998 -21225 -57601
1999 -21217 -57601
2000 -21221 -57601
2001 -21220 -57601
2002 -21230 -57601
2003 -21221 -57601
2004 -21228 -57601
2005 -21221 -57601
2006 -21215 -57601
2007 -21222 -57601
2008 -21220 -57601
2009 -21219 -57601
2010 -21214 -57601
2011 -21220 -57601
2012 -21223 -57601
2013 -21219 -57601
2014 -21219 -57601
2015 -21224 -57601
2016 -21221 -57601
2017 -21217 -57601
2018 -21217 -57601
2019 -21222 -57601
2020 -21221 -57601
2021 -21223 -57601
2022 -21219 -57601
2023 -21223 -57601
2024 -21224 -57601
2025 -21221 -57601
2026 -21232 -57601
2027 -21225 -57601
2028 -21216 -57601
2029 -21217 -57601
2030 -21219 -57601
2031 -21219 -57601
2032 -21222 -57601
2033 -21216 -57601
2034 -21223 -57601
2035 -21220 -57601
2036 -21221 -57601
2037 -21228 -57601
2038 -21217 -57601
2039 -21228 -57601
2040 -21222 -57601
2041 -21217 -57601
2042 -21218 -57601
2043 -21220 -57601
2044 -21225 -57601
2045 -21224 -57601
2046 -21225 -57601
2047 -21220 -57601
2048 -21218 -57601
2049 -21218 -57601
2050 -21223 -57601
2051 -21217 -57601
2052 -21224 -57601
2053 -21221 -57601
2054 -21218 -57601
2055 -21217 -57601
2056 -21223 -57601
2057 -21222 -57601
2058 -21222 -57601
2059 -21217 -57601
2060 -21218 -57601
2061 -21220 -57601
2062 -21223 -57601
2063 -21229 -57601
2064 -21217 -57601
2065 -21223 -57601
2066 -21223 -57601
2067 -21220 -57601
2068 -21219 -57601
2069 -21227 -57601
2070 -21228 -57601
2071 -21224 -57601
2072 -21219 -57601
2073 -21222 -57601
2074 -21216 -57601
2075 -21218 -57601
2076 -21223 -57601
2077 -21220 -57601
2078 -21217 -57601
2079 -21222 -57601
2080 -21222 -57601
2081 -21226 -57601
2082 -21220 -57601
2083 -21224 -57601
2084 -21219 -57601
2085 -21226 -57601
2086 -21222 -57601
2087 -21224 -57601
2088 -21220 -57601
2089 -21222 -57601
2090 -21226 -57601
2091 -21226 -57601
2092 -21218 -57601
2093 -21217 -57601
2094 -21224 -57601
2095 -21222 -57601
2096 -21224 -57601
2097 -21225 -57601
2098 -21222 -57601
2099 -21217 -57601
2100 -21228 -57601
2101 -21223 -57601
2102 -21219 -57601
2103 -21227 -57601
2104 -21228 -57601
2105 -21218 -57601
2106 -21220 -57601
2107 -21218 -57601
2108 -21223 -57601
2109 -21218 -57601
2110 -21226 -57601
2111 -21230 -57601
2112 -21224 -57601
2113 -21224 -57601
2114 -21220 -57601
2115 -21228 -57601
2116 -21227 -57601
2117 -21223 -57601
2118 -21219 -57601
2119 -21221 -57601
2120 -21220 -57601
2121 -21226 -57601
2122 -21218 -57601
2123 -21222 -57601
2124 -21221 -57601
2125 -21219 -57601
2126 -21217 -57601
2127 -21213 -57601
2128 -21218 -57601
2129 -21222 -57601
2130 -21233 -57601
2131 -21218 -57601
2132 -21219 -57601
2133 -21218 -57601
2134 -21224 -57601
2135 -21214 -57601
2136 -21221 -57601
2137 -21221 -57601
2138 -21220 -57601
2139 -21219 -57601
2140 -21218 -57601
2141 -21221 -57601
2142 -21222 -57601
2143 -21220 -57601
2144 -21229 -57601
2145 -21224 -57601
2146 -21217 -57601
2147 -21215 -57601
2148 -21222 -57601
2149 -21220 -57601
2150 -21220 -57601
2151 -21219 -57601
2152 -21220 -57601
2153 -21221 -57601
2154 -21221 -57601
2155 -21217 -57601
2156 -21229 -57601
2157 -21220 -57601
2158 -21220 -57601
2159 -21232 -57601
2160 -21224 -57601
2161 -21220 -57601
2162 -21219 -57601
2163 -21216 -57601
2164 -21216 -57601
2165 -21224 -57601
2166 -21233 -57601
2167 -21218 -57601
2168 -21220 -57601
2169 -21221 -57601
2170 -21222 -57601
2171 -21222 -57601
2172 -21225 -57601
2173 -21217 -57601
2174 -21221 -57601
2175 -21218 -57601
2176 -21220 -57601
2177 -21222 -57601
2178 -21216 -57601
2179 -21226 -57601
2180 -21219 -57601
2181 -21218 -57601
2182 -21219 -57601
2183 -21221 -57601
2184 -21221 -57601
2185 -21217 -57601
2186 -21222 -57601
2187 -21201 -57601
2188 -21223 -57601
2189 -21216 -57601
2190 -21226 -57601
2191 -21218 -57601
2192 -21215 -57601
2193 -21220 -57601
2194 -21223 -57601
2195 -21218 -57601
2196 -21216 -57601
2197 -21236 -57601
2198 -21219 -57601
2199 -21220 -57601
2200 -21219 -57601
2201 -21216 -57601
2202 -21228 -57601
2203 -21222 -57601
2204 -21218 -57601
2205 -21222 -57601
2206 -21221 -57601
2207 -21223 -57601
2208 -21220 -57601
2209 -21217 -57601
2210 -21222 -57601
2211 -21222 -57601
2212 -21221 -57601
2213 -21222 -57601
2214 -21230 -57601
2215 -21226 -57601
2216 -21217 -57601
2217 -21220 -57601
2218 -21224 -57601
2219 -21224 -57601
2220 -21217 -57601
2221 -21227 -57601
2222 -21233 -57601
2223 -21223 -57601
2224 -21216 -57601
2225 -21221 -57601
2226 -21223 -57601
2227 -21220 -57601
2228 -21224 -57601
2229 -21227 -57601
2230 -21226 -57601
2231 -21218 -57601
2232 -21219 -57601
2233 -21224 -57601
2234 -21220 -57601
2235 -21231 -57601
2236 -21215 -57601
2237 -21228 -57601
2238 -21217 -57601
2239 -21220 -57601
2240 -21228 -57601
2241 -21224 -57601
2242 -21222 -57601
2243 -21224 -57601
2244 -21225 -57601
2245 -21216 -57601
2246 -21223 -57601
2247 -21223 -57601
2248 -21225 -57601
2249 -21223 -57601
2250 -21220 -57601
2251 -21216 -57601
2252 -21231 -57601
2253 -21224 -57601
2254 -21220 -57601
2255 -21216 -57601
2256 -21227 -57601
2257 -21223 -57601
2258 -21221 -57601
2259 -21223 -57601
2260 -21222 -57601
2261 -21229 -57601
2262 -21221 -57601
2263 -21217 -57601
2264 -21226 -57601
2265 -21220 -57601
2266 -21219 -57601
2267 -21224 -57601
2268 -21220 -57601
2269 -21229 -57601
2270 -21219 -57601
2271 -21218 -57601
2272 -21221 -57601
2273 -21223 -57601
2274 -21219 -57601
2275 -21226 -57601
2276 -21224 -57601
2277 -21222 -57601
2278 -21223 -57601
2279 -21225 -57601
2280 -21231 -57601
2281 -21225 -57601
2282 -21224 -57601
2283 -21224 -57601
2284 -21221 -57601
2285 -21228 -57601
2286 -21222 -57601
2287 -21215 -57601
2288 -21226 -57601
2289 -21217 -57601
2290 -21228 -57601
2291 -21217 -57601
2292 -21230 -57601
2293 -21223 -57601
2294 -21219 -57601
2295 -21225 -57601
2296 -21226 -57601
2297 -21217 -57601
2298 -21217 -57601
2299 -21222 -57601
2300 -21212 -57601
2301 -21221 -57601
2302 -21229 -57601
2303 -21219 -57601
2304 -21224 -57601
