0 -21214 -57601
1 -21217 -57601
2 -21216 -57601
3 3397 -57601
4 -21222 -57601
5 -21218 -57601
6 -21222 -57601
7 -21219 -57601
8 -21212 -57601
9 -21216 -57601
10 -21221 -57601
11 -21217 -57601
12 -21216 -57601
13 -21221 -57601
14 -21218 -57601
15 -21227 -57601
16 -21218 -57601
17 -21219 -57601
18 -21221 -57601
19 -21220 -57601
20 -21224 -57601
21 -21219 -57601
22 -21222 -57601
23 -21219 -57601
24 -21219 -57601
25 -21226 -57601
26 -21222 -57601
27 -21225 -57601
28 -21219 -57601
29 -21221 -57601
30 -21226 -57601
31 -21220 -57601
32 -21215 -57601
33 -21223 -57601
34 -21221 -57601
35 -21183 -57601
36 -21220 -57601
37 -21215 -57601
38 -21223 -57601
39 -21218 -57601
40 -21218 -57601
41 -21216 -57601
42 -21219 -57601
43 -21221 -57601
44 -21221 -57601
45 -21220 -57601
46 -21219 -57601
47 -21216 -57601
48 -21219 -57601
49 -21222 -57601
50 -21218 -57601
51 -21219 -57601
52 -21222 -57601
53 -21217 -57601
54 -21218 -57601
55 -21219 -57601
56 -21227 -57601
57 -21227 -57601
58 -21218 -57601
59 -21220 -57601
60 -21221 -57601
61 -21220 -57601
62 -21218 -57601
63 -21222 -57601
64 -21224 -57601
65 -21218 -57601
66 -21217 -57601
67 -21230 -57601
68 -21220 -57601
69 -21216 -57601
70 -21221 -57601
71 -21224 -57601
72 -21220 -57601
73 -21220 -57601
74 -21220 -57601
75 -21218 -57601
76 -21217 -57601
77 -21231 -57601
78 -21221 -57601
79 -21222 -57601
80 -21218 -57601
81 -21220 -57601
82 -21224 -57601
83 -21218 -57601
84 -21222 -57601
85 -21220 -57601
86 -21215 -57601
87 -21217 -57601
88 -21219 -57601
89 -21221 -57601
90 -21227 -57601
91 -21217 -57601
92 -21223 -57601
93 -21220 -57601
94 -21218 -57601
95 -21228 -57601
96 -21229 -57601
97 -21228 -57601
98 -21219 -57601
99 -21221 -57601
100 -21217 -57601
101 -21223 -57601
102 -21222 -57601
103 -21220 -57601
104 -21215 -57601
105 -21225 -57601
106 -21221 -57601
107 -21228 -57601
108 -21221 -57601
109 -21221 -57601
110 -21220 -57601
111 -21228 -57601
112 -21218 -57601
113 -21216 -57601
114 -21220 -57601
115 -21220 -57601
116 -21221 -57601
117 -21216 -57601
118 -21218 -57601
119 -21222 -57601
120 -21219 -57601
121 -21217 -57601
122 -21225 -57601
123 -21216 -57601
124 -21229 -57601
125 -21221 -57601
126 -21221 -57601
127 -21221 -57601
128 -21222 -57601
129 -21218 -57601
130 -21218 -57601
131 -21224 -57601
132 -21222 -57601
133 -21215 -57601
134 -21220 -57601
135 -21219 -57601
136 -21225 -57601
137 -21223 -57601
138 -21221 -57601
139 -21219 -57601
140 -21217 -57601
141 -21216 -57601
142 -21223 -57601
143 -21221 -57601
144 -21219 -57601
145 -21219 -57601
146 -21221 -57601
147 -21218 -57601
148 -21222 -57601
149 -21220 -57601
150 -21222 -57601
151 -21222 -57601
152 -21220 -57601
153 -21218 -57601
154 -21229 -57601
155 -21225 -57601
156 -21221 -57601
157 -21220 -57601
158 -21222 -57601
159 -21225 -57601
160 -21226 -57601
161 -21220 -57601
162 -21225 -57601
163 -21223 -57601
164 -21226 -57601
165 -21219 -57601
166 -21228 -57601
167 -21219 -57601
168 -21222 -57601
169 -21218 -57601
170 -21217 -57601
171 -21217 -57601
172 -21219 -57601
173 -21227 -57601
174 -21221 -57601
175 -21224 -57601
176 -21224 -57601
177 -21223 -57601
178 -21217 -57601
179 -21220 -57601
180 -21220 -57601
181 -21230 -57601
182 -21219 -57601
183 -21222 -57601
184 -21225 -57601
185 -21221 -57601
186 -21222 -57601
187 -21226 -57601
188 -21229 -57601
189 -21222 -57601
190 -21219 -57601
191 -21220 -57601
192 -21220 -57601
193 -21227 -57601
194 -21219 -57601
195 -21217 -57601
196 -21214 -57601
197 -21222 -57601
198 -21219 -57601
199 -21218 -57601
200 -21222 -57601
201 -21222 -57601
202 -21216 -57601
203 -21223 -57601
204 -21218 -57601
205 -21225 -57601
206 -21224 -57601
207 -21227 -57601
208 -21219 -57601
209 -21220 -57601
210 -21221 -57601
211 -21214 -57601
212 -21222 -57601
213 -21199 -57601
214 -21220 -57601
215 -21219 -57601
216 -21220 -57601
217 -21222 -57601
218 -21222 -57601
219 -21221 -57601
220 -21220 -57601
221 -21222 -57601
222 -21219 -57601
223 -21214 -57601
224 -21222 -57601
225 -21223 -57601
226 -21222 -57601
227 -21220 -57601
228 -21221 -57601
229 -21214 -57601
230 -21218 -57601
231 -21227 -57601
232 -21223 -57601
233 -21217 -57601
234 -21223 -57601
235 -21228 -57601
236 -21219 -57601
237 -21218 -57601
238 -21219 -57601
239 -21222 -57601
240 -21215 -57601
241 -21216 -57601
242 -21222 -57601
243 -21222 -57601
244 -21216 -57601
245 -21222 -57601
246 -21220 -57601
247 -21225 -57601
248 -21217 -57601
249 -21226 -57601
250 -21218 -57601
251 -21217 -57601
252 -21224 -57601
253 -21229 -57601
254 -21217 -57601
255 -21222 -57601
256 -21219 -57601
257 -21218 -57601
258 -21220 -57601
259 -21222 -57601
260 -21154 -57601
261 -21219 -57601
262 -21217 -57601
263 -21217 -57601
264 -21216 -57601
265 -21218 -57601
266 -21221 -57601
267 -21218 -57601
268 -21222 -57601
269 -21219 -57601
270 -21217 -57601
271 -21214 -57601
272 -21219 -57601
273 -21214 -57601
274 -21225 -57601
275 -21223 -57601
276 -21219 -57601
277 -21220 -57601
278 -21223 -57601
279 -21220 -57601
280 -21224 -57601
281 -21219 -57601
282 -21220 -57601
283 -21222 -57601
284 -21195 -57601
285 -21218 -57601
286 -21216 -57601
287 -21223 -57601
288 -21224 -57601
289 -21219 -57601
290 -21224 -57601
291 -21221 -57601
292 -21217 -57601
293 -21221 -57601
294 -21216 -57601
295 -21219 -57601
296 -21228 -57601
297 -21233 -57601
298 -21220 -57601
299 -21217 -57601
300 -21221 -57601
301 -21217 -57601
302 -21219 -57601
303 -21221 -57601
304 -21223 -57601
305 -21223 -57601
306 -21217 -57601
307 -21226 -57601
308 -21222 -57601
309 -21220 -57601
310 -21220 -57601
311 -21219 -57601
312 -21225 -57601
313 -21219 -57601
314 -21221 -57601
315 -21225 -57601
316 -21216 -57601
317 -21221 -57601
318 -21220 -57601
319 -21229 -57601
320 -21155 -57601
321 -21215 -57601
322 -21225 -57601
323 -21228 -57601
324 -21223 -57601
325 -21219 -57601
326 -21217 -57601
327 -21224 -57601
328 -21223 -57601
329 -21220 -57601
330 -21220 -57601
331 -21217 -57601
332 -21219 -57601
333 -21217 -57601
334 -21227 -57601
335 -21228 -57601
336 -21222 -57601
337 -21225 -57601
338 -21218 -57601
339 -21223 -57601
340 -21223 -57601
341 -21225 -57601
342 -21219 -57601
343 -21224 -57601
344 -21225 -57601
345 -21225 -57601
346 -21224 -57601
347 -21217 -57601
348 -21216 -57601
349 -21217 -57601
350 -21216 -57601
351 -21232 -57601
352 -21218 -57601
353 -21215 -57601
354 -21218 -57601
355 -21222 -57601
356 -21226 -57601
357 -21222 -57601
358 -21218 -57601
359 -21219 -57601
360 -21219 -57601
361 -21213 -57601
362 -21224 -57601
363 -21226 -57601
364 -21221 -57601
365 -21219 -57601
366 -21220 -57601
367 -21218 -57601
368 -21221 -57601
369 -21223 -57601
370 -21225 -57601
371 -21219 -57601
372 -21226 -57601
373 -21230 -57601
374 -21218 -57601
375 -21227 -57601
376 -21226 -57601
377 -21219 -57601
378 -21224 -57601
379 -21218 -57601
380 -21222 -57601
381 -21220 -57601
382 -21219 -57601
383 -21212 -57601
384 -21220 -57601
385 -21222 -57601
386 -21220 -57601
387 -21217 -57601
388 -21216 -57601
389 -21217 -57601
390 -21218 -57601
391 -21219 -57601
392 -21220 -57601
393 -21228 -57601
394 -21215 -57601
395 -21218 -57601
396 -21219 -57601
397 -21216 -57601
398 -21221 -57601
399 -21222 -57601
400 -21218 -57601
401 -21219 -57601
402 -21225 -57601
403 -21225 -57601
404 -21227 -57601
405 -21227 -57601
406 -21216 -57601
407 -21216 -57601
408 -21219 -57601
409 -21217 -57601
410 -21219 -57601
411 -21223 -57601
412 -21222 -57601
413 -21222 -57601
414 -21217 -57601
415 -21222 -57601
416 -21221 -57601
417 -21231 -57601
418 -21220 -57601
419 -21217 -57601
420 -21221 -57601
421 -21225 -57601
422 -21224 -57601
423 -21220 -57601
424 -21214 -57601
425 -21223 -57601
426 -21223 -57601
427 -21222 -57601
428 -21216 -57601
429 -21222 -57601
430 -21218 -57601
431 -21215 -57601
432 -21219 -57601
433 -21226 -57601
434 -21218 -57601
435 -21220 -57601
436 -21228 -57601
437 -21223 -57601
438 -21225 -57601
439 -21220 -57601
440 -21221 -57601
441 -21220 -57601
442 -21216 -57601
443 -21221 -57601
444 -21218 -57601
445 -21222 -57601
446 -21217 -57601
447 -21217 -57601
448 -21222 -57601
449 -21219 -57601
450 -21228 -57601
451 -21232 -57601
452 -21224 -57601
453 -21223 -57601
454 -21216 -57601
455 -21218 -57601
456 -21223 -57601
457 -21231 -57601
458 -21218 -57601
459 -21225 -57601
460 -21221 -57601
461 -21223 -57601
462 -21222 -57601
463 -21223 -57601
464 -21220 -57601
465 -21216 -57601
466 -21222 -57601
467 -21213 -57601
468 -21222 -57601
469 -21222 -57601
470 -21220 -57601
471 -21222 -57601
472 -21221 -57601
473 -21220 -57601
474 -21220 -57601
475 -21220 -57601
476 -21220 -57601
477 -21217 -57601
478 -21221 -57601
479 -21223 -57601
480 -21219 -57601
481 -21214 -57601
482 -21220 -57601
483 -21229 -57601
484 -21221 -57601
485 -21219 -57601
486 -21223 -57601
487 -21231 -57601
488 -21218 -57601
489 -21220 -57601
490 -21219 -57601
491 -21229 -57601
492 -21222 -57601
493 -21221 -57601
494 -21220 -57601
495 -21221 -57601
496 -21223 -57601
497 -21223 -57601
498 -21226 -57601
499 -21215 -57601
500 -21222 -57601
501 -21215 -57601
502 -21216 -57601
503 -21222 -57601
504 -21224 -57601
505 -21223 -57601
506 -10727 -57601
507 -21225 -57601
508 -21219 -57601
509 -21215 -57601
510 -21218 -57601
511 -21217 -57601
512 -21221 -57601
513 -21219 -57601
514 -21222 -57601
515 -21218 -57601
516 -21215 -57601
517 -21217 -57601
518 -21216 -57601
519 -21218 -57601
520 -21216 -57601
521 -21215 -57601
522 -21213 -57601
523 -21215 -57601
524 -21225 -57601
525 -21217 -57601
526 -21220 -57601
527 -21218 -57601
528 -21221 -57601
529 -21219 -57601
530 -21218 -57601
531 -21217 -57601
532 -21222 -57601
533 -21216 -57601
534 -21219 -57601
535 -21220 -57601
536 -21224 -57601
537 -21219 -57601
538 -21221 -57601
539 -21214 -57601
540 -21218 -57601
541 -21230 -57601
542 -21214 -57601
543 -21218 -57601
544 -21222 -57601
545 -21221 -57601
546 -21213 -57601
547 -21218 -57601
548 -21227 -57601
549 -21220 -57601
550 -21223 -57601
551 -21218 -57601
552 -21225 -57601
553 -21225 -57601
554 -21224 -57601
555 -21220 -57601
556 -21219 -57601
557 -21206 -57601
558 -21216 -57601
559 -21215 -57601
560 -21218 -57601
561 -21221 -57601
562 -21219 -57601
563 -21217 -57601
564 -21221 -57601
565 -21218 -57601
566 -21220 -57601
567 -21217 -57601
568 -21227 -57601
569 -21222 -57601
570 -21225 -57601
571 -21216 -57601
572 -21220 -57601
573 -21215 -57601
574 -21222 -57601
575 -21222 -57601
576 -21219 -57601
577 -21218 -57601
578 -21226 -57601
579 -21217 -57601
580 -21217 -57601
581 -21220 -57601
582 -21223 -57601
583 -21216 -57601
584 -21223 -57601
585 -21218 -57601
586 -21217 -57601
587 -21216 -57601
588 -21219 -57601
589 -21220 -57601
590 -21225 -57601
591 -21218 -57601
592 -21217 -57601
593 -21220 -57601
594 -21221 -57601
595 -21221 -57601
596 -21221 -57601
597 -21217 -57601
598 -21220 -57601
599 -21226 -57601
600 -21219 -57601
601 -21220 -57601
602 -21222 -57601
603 -21217 -57601
604 -21219 -57601
605 -21219 -57601
606 -21223 -57601
607 -21219 -57601
608 -21224 -57601
609 -21217 -57601
610 -21228 -57601
611 -21219 -57601
612 -21218 -57601
613 -21221 -57601
614 -21220 -57601
615 -21222 -57601
616 -21218 -57601
617 -21221 -57601
618 -21217 -57601
619 -21227 -57601
620 -21228 -57601
621 -21219 -57601
622 -21219 -57601
623 -21213 -57601
624 -21224 -57601
625 -21220 -57601
626 -21219 -57601
627 -21221 -57601
628 -21225 -57601
629 -21219 -57601
630 -21224 -57601
631 -21218 -57601
632 -21218 -57601
633 -21224 -57601
634 -21222 -57601
635 -21186 -57601
636 -21221 -57601
637 -21221 -57601
638 -21225 -57601
639 -21219 -57601
640 -21216 -57601
641 -21221 -57601
642 -21218 -57601
643 -21226 -57601
644 -21220 -57601
645 -21219 -57601
646 -21220 -57601
647 -21214 -57601
648 -21224 -57601
649 -21222 -57601
650 -21215 -57601
651 -21219 -57601
652 -21217 -57601
653 -21219 -57601
654 -21219 -57601
655 -21208 -57601
656 -21229 -57601
657 -21219 -57601
658 -21225 -57601
659 -21222 -57601
660 -21215 -57601
661 -21218 -57601
662 -21228 -57601
663 -21224 -57601
664 -21215 -57601
665 -21220 -57601
666 -21215 -57601
667 -21219 -57601
668 -21228 -57601
669 -21221 -57601
670 -21217 -57601
671 -21218 -57601
672 -21220 -57601
673 -21219 -57601
674 -21217 -57601
675 -21222 -57601
676 -21221 -57601
677 -21259 -57601
678 -21220 -57601
679 -21220 -57601
680 -21218 -57601
681 -21224 -57601
682 -21206 -57601
683 -21232 -57601
684 -21221 -57601
685 -21221 -57601
686 -21219 -57601
687 -21218 -57601
688 -21220 -57601
689 -21223 -57601
690 -21219 -57601
691 -21218 -57601
692 -21222 -57601
693 -21224 -57601
694 -21219 -57601
695 -21222 -57601
696 -21221 -57601
697 6747 -57601
698 -21220 -57601
699 -21221 -57601
700 -21223 -57601
701 -21222 -57601
702 -21221 -57601
703 -21225 -57601
704 -21221 -57601
705 -21219 -57601
706 -21220 -57601
707 -21216 -57601
708 -21213 -57601
709 -21215 -57601
710 -21216 -57601
711 -21231 -57601
712 -21218 -57601
713 -21217 -57601
714 -21220 -57601
715 -21218 -57601
716 -21220 -57601
717 -21221 -57601
718 -21222 -57601
719 -21216 -57601
720 -21220 -57601
721 -21221 -57601
722 -21216 -57601
723 -21215 -57601
724 -21225 -57601
725 -21221 -57601
726 -21218 -57601
727 -21227 -57601
728 -21214 -57601
729 -21220 -57601
730 -21225 -57601
731 -21220 -57601
732 -21217 -57601
733 -21223 -57601
734 -21217 -57601
735 -21215 -57601
736 -21221 -57601
737 -21222 -57601
738 -21215 -57601
739 -21217 -57601
740 -21218 -57601
741 -21220 -57601
742 -21222 -57601
743 -21218 -57601
744 -21221 -57601
745 -21217 -57601
746 -21222 -57601
747 -21218 -57601
748 -21219 -57601
749 -21217 -57601
750 -21220 -57601
751 -21224 -57601
752 -21215 -57601
753 -21226 -57601
754 -21219 -57601
755 -21219 -57601
756 -21219 -57601
757 -21225 -57601
758 -21225 -57601
759 -21221 -57601
760 -21221 -57601
761 -21220 -57601
762 -21219 -57601
763 -21220 -57601
764 -21218 -57601
765 -21226 -57601
766 -21220 -57601
767 -21220 -57601
768 -21217 -57601
769 -21218 -57601
770 -21227 -57601
771 -21226 -57601
772 -21222 -57601
773 -21219 -57601
774 -21220 -57601
775 -21223 -57601
776 -21218 -57601
777 -21218 -57601
