0 -21213 -57601
1 -21214 -57601
2 -21211 -57601
3 -21211 -57601
4 -21211 -57601
5 -21217 -57601
6 -21217 -57601
7 -21216 -57601
8 -21218 -57601
9 -21217 -57601
10 -21214 -57601
11 -21272 -57601
12 -21208 -57601
13 -21213 -57601
14 -21217 -57601
15 -21226 -57601
16 -21219 -57601
17 -21215 -57601
18 -21213 -57601
19 -21221 -57601
20 -21215 -57601
21 -21213 -57601
22 -21213 -57601
23 -21214 -57601
24 -21213 -57601
25 -21219 -57601
26 -21215 -57601
27 -21215 -57601
28 -21213 -57601
29 -21218 -57601
30 -21214 -57601
31 -21212 -57601
32 -21222 -57601
33 -21215 -57601
34 -21216 -57601
35 -21213 -57601
36 -21217 -57601
37 -21215 -57601
38 -21214 -57601
39 -21223 -57601
40 -21213 -57601
41 -21215 -57601
42 -21212 -57601
43 -21213 -57601
44 -21217 -57601
45 -21213 -57601
46 -21219 -57601
47 -21220 -57601
48 -21213 -57601
49 -21213 -57601
50 -21212 -57601
51 -21211 -57601
52 -21217 -57601
53 -21214 -57601
54 -21218 -57601
55 -21216 -57601
56 -21222 -57601
57 -21217 -57601
58 -21221 -57601
59 -21215 -57601
60 -21217 -57601
61 -21216 -57601
62 -21213 -57601
63 -21213 -57601
64 -21215 -57601
65 -21213 -57601
66 -21216 -57601
67 -21215 -57601
68 -21213 -57601
69 -21213 -57601
70 -21213 -57601
71 -21219 -57601
72 -21213 -57601
73 -21219 -57601
74 -21214 -57601
75 -21216 -57601
76 -21225 -57601
77 -21216 -57601
78 -21217 -57601
79 -21215 -57601
80 -21211 -57601
81 -21216 -57601
82 -21221 -57601
83 -21212 -57601
84 -21219 -57601
85 -21211 -57601
86 -21221 -57601
87 -21214 -57601
88 -21213 -57601
89 -21219 -57601
90 -21216 -57601
91 -21210 -57601
92 -21212 -57601
93 -21219 -57601
94 -21211 -57601
95 -21216 -57601
96 -21216 -57601
97 -21212 -57601
98 -21218 -57601
99 -21216 -57601
100 -21216 -57601
101 -21212 -57601
102 -21211 -57601
103 -21219 -57601
104 -21220 -57601
105 -21213 -57601
106 -21213 -57601
107 -21215 -57601
108 -21215 -57601
109 -21211 -57601
110 -21215 -57601
111 -21216 -57601
112 -21214 -57601
113 -21223 -57601
114 -21214 -57601
115 -21213 -57601
116 -21215 -57601
117 -21213 -57601
118 -21213 -57601
119 -21215 -57601
120 -21217 -57601
121 -21218 -57601
122 -21231 -57601
123 -21219 -57601
124 -21220 -57601
125 -21213 -57601
126 -21218 -57601
127 -21212 -57601
128 -21220 -57601
129 -15979 -57601
130 -21218 -57601
131 -21210 -57601
132 -21218 -57601
133 -21213 -57601
134 -21215 -57601
135 -21217 -57601
136 -21224 -57601
137 -21220 -57601
138 -21211 -57601
139 -21217 -57601
140 -21218 -57601
141 -21212 -57601
142 -21216 -57601
143 -21217 -57601
144 -21219 -57601
145 -21221 -57601
146 -21221 -57601
147 -21216 -57601
148 -21216 -57601
149 -21214 -57601
150 -21214 -57601
151 -21218 -57601
152 -21214 -57601
153 -21215 -57601
154 -21218 -57601
155 -21215 -57601
156 -21224 -57601
157 -21214 -57601
158 -21217 -57601
159 -21213 -57601
160 -21213 -57601
