0 -21220 -57601
1 -21218 -57601
2 -21222 -57601
3 -21220 -57601
4 -21229 -57601
5 -21224 -57601
6 -21217 -57601
7 -21225 -57601
8 -21225 -57601
9 -21220 -57601
10 -21221 -57601
11 -21219 -57601
12 -21220 -57601
13 -21216 -57601
14 -21222 -57601
15 -21220 -57601
16 -21230 -57601
17 -21224 -57601
18 -21220 -57601
19 -21221 -57601
20 -21219 -57601
21 -21231 -57601
22 -21219 -57601
23 -21227 -57601
24 -21219 -57601
25 -21224 -57601
26 -21218 -57601
27 -21222 -57601
28 -21234 -57601
29 -21224 -57601
30 -21228 -57601
31 -21229 -57601
32 -21215 -57601
33 -21221 -57601
34 -21235 -57601
35 -21220 -57601
36 -21228 -57601
37 -21222 -57601
38 -21222 -57601
39 -21220 -57601
40 -21232 -57601
41 -21218 -57601
42 -21228 -57601
43 -21219 -57601
44 -21220 -57601
45 -21219 -57601
46 -21231 -57601
47 -21219 -57601
48 -21220 -57601
49 -21221 -57601
50 -21232 -57601
51 -21220 -57601
52 -21233 -57601
53 -21219 -57601
54 -21221 -57601
55 -21215 -57601
56 -21227 -57601
57 -21217 -57601
58 -21227 -57601
59 -21218 -57601
60 -21231 -57601
61 -21219 -57601
62 -21223 -57601
63 -21218 -57601
64 -21221 -57601
65 -21223 -57601
66 -21223 -57601
67 -21218 -57601
68 -21231 -57601
69 -21217 -57601
70 -21218 -57601
71 -21223 -57601
72 -21221 -57601
73 -21229 -57601
74 -21223 -57601
75 -21222 -57601
76 -21218 -57601
77 -21219 -57601
78 -21217 -57601
79 -21222 -57601
80 -21224 -57601
81 -21221 -57601
82 -21228 -57601
83 -21222 -57601
84 -21227 -57601
85 -21229 -57601
86 -21222 -57601
87 -21227 -57601
88 -21232 -57601
89 -21227 -57601
90 -21224 -57601
91 -21220 -57601
92 -21226 -57601
93 -21228 -57601
94 -21217 -57601
95 -21219 -57601
96 -21219 -57601
97 -21226 -57601
98 -21228 -57601
99 -21216 -57601
100 -21232 -57601
101 -21221 -57601
102 -21233 -57601
103 -21216 -57601
104 -21227 -57601
105 -21220 -57601
106 -21219 -57601
107 -21230 -57601
108 -21229 -57601
109 -21238 -57601
110 -21221 -57601
111 -21231 -57601
112 -21227 -57601
113 -21231 -57601
114 -21220 -57601
115 -21224 -57601
116 -21240 -57601
117 -21223 -57601
118 -21217 -57601
119 -21217 -57601
120 -21216 -57601
121 -21224 -57601
122 -21232 -57601
123 -21216 -57601
124 -21243 -57601
125 -21219 -57601
126 -21224 -57601
127 -21222 -57601
128 -21219 -57601
129 -21218 -57601
130 -21220 -57601
131 -21217 -57601
132 -21224 -57601
133 -21225 -57601
134 -21222 -57601
135 -21229 -57601
136 -21232 -57601
137 -21217 -57601
138 -21219 -57601
139 -21219 -57601
