0 -21216 -57601
1 -21216 -57601
2 -21215 -57601
3 -21214 -57601
4 -21221 -57601
5 -21218 -57601
6 -21217 -57601
7 -21221 -57601
8 -21219 -57601
9 -21216 -57601
10 -21214 -57601
11 -21217 -57601
12 -21212 -57601
13 -21217 -57601
14 -21215 -57601
15 -21225 -57601
16 -21211 -57601
17 -21218 -57601
18 -21216 -57601
19 -21219 -57601
20 -21217 -57601
21 -21214 -57601
22 -21165 -57601
23 -21218 -57601
24 -21210 -57601
25 -21212 -57601
26 -21218 -57601
27 -21216 -57601
28 -21216 -57601
29 -21215 -57601
30 -21214 -57601
31 -21219 -57601
32 -21217 -57601
33 -21221 -57601
34 -21214 -57601
35 -21213 -57601
36 -21211 -57601
37 -21214 -57601
38 -21214 -57601
39 -21212 -57601
40 -21223 -57601
41 -21213 -57601
42 -21216 -57601
43 -21214 -57601
44 -21212 -57601
45 -21216 -57601
46 -21214 -57601
47 -21219 -57601
48 -21219 -57601
49 -21214 -57601
50 -21213 -57601
51 -21214 -57601
52 -21217 -57601
53 -21214 -57601
54 -21217 -57601
55 -21218 -57601
56 -21217 -57601
57 -21218 -57601
58 -21240 -57601
59 -21215 -57601
60 -21214 -57601
61 -21214 -57601
62 -21220 -57601
63 -21216 -57601
64 -21215 -57601
65 -21216 -57601
66 -21220 -57601
67 -21216 -57601
68 -21217 -57601
69 -21218 -57601
70 -21216 -57601
71 -21215 -57601
72 -21214 -57601
73 -21216 -57601
74 -21219 -57601
75 -21214 -57601
76 -21211 -57601
77 -21210 -57601
78 -21217 -57601
79 -21218 -57601
80 -21215 -57601
81 -21215 -57601
82 -21220 -57601
83 -21214 -57601
84 -21214 -57601
85 -21217 -57601
86 -21219 -57601
87 -21216 -57601
88 -21215 -57601
89 -21214 -57601
90 -21219 -57601
91 -21210 -57601
92 -21218 -57601
93 -21216 -57601
94 -21216 -57601
95 -21216 -57601
96 -21218 -57601
97 -21214 -57601
98 -21216 -57601
99 -21217 -57601
100 -21216 -57601
101 -21223 -57601
102 -21214 -57601
103 -21218 -57601
104 -21215 -57601
105 -21215 -57601
106 -21218 -57601
107 -21213 -57601
108 -21214 -57601
109 3332 -57601
110 -21221 -57601
111 -21214 -57601
112 -21216 -57601
113 -21227 -57601
114 -21213 -57601
115 -21212 -57601
116 -21219 -57601
117 -21218 -57601
118 -21216 -57601
119 -21221 -57601
120 -21211 -57601
121 -21216 -57601
122 -21216 -57601
123 -21223 -57601
124 -21234 -57601
125 -21213 -57601
126 -21217 -57601
127 -21216 -57601
128 -21213 -57601
129 -21213 -57601
130 -21213 -57601
131 -21220 -57601
132 -21211 -57601
133 -21219 -57601
134 -21214 -57601
135 -21222 -57601
136 -21222 -57601
137 -21213 -57601
138 -21218 -57601
139 -21217 -57601
140 -21211 -57601
141 -21215 -57601
142 -21216 -57601
143 -21214 -57601
144 -21222 -57601
145 -21218 -57601
146 -21220 -57601
147 -21213 -57601
148 -21222 -57601
149 -21219 -57601
150 -21206 -57601
151 -21218 -57601
152 -21214 -57601
153 -21217 -57601
154 -21220 -57601
155 -21215 -57601
156 -21215 -57601
157 -21234 -57601
158 -21222 -57601
159 -21214 -57601
160 -21217 -57601
161 -21220 -57601
162 -21213 -57601
163 -21215 -57601
164 -21221 -57601
165 -21216 -57601
166 -21220 -57601
167 -21224 -57601
168 -21216 -57601
169 -21224 -57601
170 -21214 -57601
171 -21216 -57601
172 -21216 -57601
173 -21216 -57601
174 -21211 -57601
175 -21214 -57601
176 -21212 -57601
177 -21211 -57601
178 -21215 -57601
179 -21214 -57601
180 -21214 -57601
181 -21211 -57601
182 -21218 -57601
183 -21214 -57601
184 -21214 -57601
185 -21216 -57601
186 -21219 -57601
187 -21213 -57601
188 -21215 -57601
189 -21215 -57601
190 -21211 -57601
191 -21220 -57601
192 -21213 -57601
193 -21214 -57601
194 -21218 -57601
195 -21217 -57601
196 -21216 -57601
197 -21216 -57601
198 -21216 -57601
199 -21212 -57601
200 -21217 -57601
201 -21216 -57601
202 -21218 -57601
203 -21215 -57601
204 -21221 -57601
205 -21212 -57601
206 -21216 -57601
207 -21215 -57601
208 -21214 -57601
209 -21217 -57601
210 -21217 -57601
211 -21218 -57601
212 -21213 -57601
213 -21216 -57601
214 -21214 -57601
215 -21216 -57601
216 -21211 -57601
217 -21215 -57601
218 -21215 -57601
219 -21215 -57601
220 -21219 -57601
221 -21210 -57601
222 -21216 -57601
223 -21219 -57601
224 -21213 -57601
225 -21214 -57601
226 -21212 -57601
227 -21215 -57601
228 -21220 -57601
229 -21217 -57601
230 -21220 -57601
231 -21218 -57601
232 -21212 -57601
233 -21215 -57601
234 -21214 -57601
235 -21212 -57601
236 -21216 -57601
237 -21221 -57601
238 -21210 -57601
239 -21213 -57601
240 -21216 -57601
241 -21215 -57601
242 -21220 -57601
243 -21210 -57601
244 -21215 -57601
245 -21216 -57601
246 -21213 -57601
247 -21213 -57601
248 -21213 -57601
249 -21215 -57601
250 -21211 -57601
251 -21210 -57601
252 -21219 -57601
253 -21217 -57601
254 -21217 -57601
255 -21218 -57601
256 -21219 -57601
257 -21214 -57601
258 -21217 -57601
259 -21214 -57601
260 -21221 -57601
261 -21218 -57601
262 -21212 -57601
263 -21214 -57601
264 -21219 -57601
265 -21219 -57601
266 -21216 -57601
267 -21219 -57601
268 -21211 -57601
269 -21222 -57601
270 -21210 -57601
271 -21212 -57601
272 -21218 -57601
273 -21214 -57601
274 -21215 -57601
275 -21214 -57601
276 -21214 -57601
277 -21216 -57601
278 -21214 -57601
279 -21217 -57601
280 -21214 -57601
281 -21215 -57601
282 -21217 -57601
283 -21218 -57601
284 -21217 -57601
285 -21213 -57601
286 -21216 -57601
287 -21218 -57601
288 -21212 -57601
289 -21217 -57601
290 -21219 -57601
291 -21214 -57601
292 -21216 -57601
293 -21216 -57601
294 -21214 -57601
295 -21211 -57601
296 -21216 -57601
297 -21212 -57601
298 -21218 -57601
299 -21216 -57601
300 -21216 -57601
301 -21213 -57601
302 -21217 -57601
303 -21213 -57601
304 -21215 -57601
305 -21220 -57601
306 -21213 -57601
307 -21211 -57601
308 -21215 -57601
309 -21217 -57601
310 -21223 -57601
311 -21215 -57601
312 -21212 -57601
313 -21216 -57601
314 -21219 -57601
315 -21213 -57601
316 -21218 -57601
317 -21216 -57601
318 -21218 -57601
319 -21202 -57601
320 -21214 -57601
321 -21215 -57601
322 -21216 -57601
323 -21213 -57601
324 -21218 -57601
325 -21216 -57601
326 -21220 -57601
327 -21218 -57601
328 -21214 -57601
329 -21220 -57601
330 -21212 -57601
331 -21212 -57601
332 -21212 -57601
333 -21215 -57601
334 -21215 -57601
335 -21217 -57601
336 -21215 -57601
337 -21216 -57601
338 -21221 -57601
339 -21220 -57601
340 -21215 -57601
341 -21216 -57601
342 -21215 -57601
343 -21219 -57601
344 -21213 -57601
345 -21216 -57601
346 -21214 -57601
347 -21215 -57601
348 -21217 -57601
349 -21218 -57601
350 -21214 -57601
351 -21216 -57601
352 -21212 -57601
353 -21212 -57601
354 -21219 -57601
355 -21218 -57601
356 -21220 -57601
357 -21216 -57601
358 -21221 -57601
359 -21215 -57601
360 -21219 -57601
361 -21210 -57601
362 -21213 -57601
363 -21214 -57601
364 -21217 -57601
365 -21216 -57601
366 -21218 -57601
367 -21212 -57601
368 -21219 -57601
369 -21215 -57601
370 -21219 -57601
371 -21219 -57601
372 -21210 -57601
373 -21212 -57601
374 -21211 -57601
375 -21215 -57601
376 -21217 -57601
377 -21217 -57601
378 -21213 -57601
379 -21215 -57601
380 -21216 -57601
381 -21222 -57601
382 -21211 -57601
383 -21215 -57601
384 -21214 -57601
385 -21215 -57601
386 -21215 -57601
387 -21215 -57601
388 -21219 -57601
389 -21216 -57601
390 -21209 -57601
391 -21214 -57601
392 -21208 -57601
393 -21215 -57601
394 -21215 -57601
395 -21213 -57601
396 -21214 -57601
397 -21219 -57601
398 -21216 -57601
399 -21218 -57601
400 -21222 -57601
401 -21215 -57601
402 -21217 -57601
403 -21213 -57601
404 -21217 -57601
405 -21215 -57601
406 -21214 -57601
407 -21215 -57601
408 -21212 -57601
409 -21218 -57601
410 -21213 -57601
411 -21215 -57601
412 -21219 -57601
413 -21212 -57601
414 -21172 -57601
415 -21213 -57601
416 -21214 -57601
417 -21217 -57601
418 -21217 -57601
419 -21214 -57601
420 -21220 -57601
421 -7212 -57601
422 -21213 -57601
423 -21213 -57601
424 -21214 -57601
425 -21212 -57601
426 -21218 -57601
427 -21212 -57601
428 -21218 -57601
429 -21221 -57601
430 -21220 -57601
431 -21213 -57601
432 -21219 -57601
433 -21215 -57601
434 -21218 -57601
435 -21219 -57601
436 -21218 -57601
437 -21219 -57601
438 -21217 -57601
439 -21212 -57601
440 -21220 -57601
441 -21213 -57601
442 -21217 -57601
443 -21217 -57601
444 -21217 -57601
445 -21214 -57601
446 -21218 -57601
447 -21215 -57601
448 -21211 -57601
449 -21217 -57601
450 -21213 -57601
451 -21216 -57601
452 -21865 -57601
453 -21215 -57601
454 -21211 -57601
455 -21214 -57601
456 -21206 -57601
457 -21217 -57601
458 -21214 -57601
459 -21214 -57601
460 -21217 -57601
461 -21217 -57601
462 -21220 -57601
463 -21214 -57601
464 -21221 -57601
465 -21216 -57601
466 -21216 -57601
467 -21219 -57601
468 -21216 -57601
469 -21217 -57601
470 -21226 -57601
471 -21216 -57601
472 -21212 -57601
473 -21216 -57601
474 -21217 -57601
475 -21214 -57601
476 -21218 -57601
477 -21217 -57601
478 -21216 -57601
479 -21215 -57601
480 -21211 -57601
481 -21218 -57601
482 -21216 -57601
483 -21216 -57601
484 -21215 -57601
485 -21218 -57601
486 -21215 -57601
487 -21215 -57601
488 -21214 -57601
489 -21213 -57601
490 -21214 -57601
491 -21211 -57601
492 -21210 -57601
493 -21215 -57601
494 -21217 -57601
495 -21218 -57601
496 -21217 -57601
497 -21216 -57601
498 -21217 -57601
499 -21213 -57601
500 -21216 -57601
501 -21218 -57601
502 -21220 -57601
503 -21215 -57601
504 -21214 -57601
505 -21214 -57601
506 -21217 -57601
507 -21216 -57601
508 -21220 -57601
509 -21214 -57601
510 -21212 -57601
511 -21217 -57601
512 -21214 -57601
513 -21218 -57601
514 -21214 -57601
515 -21214 -57601
516 -21211 -57601
517 -21217 -57601
518 -21218 -57601
519 -21216 -57601
520 -21215 -57601
521 -21218 -57601
522 -21217 -57601
523 -21215 -57601
524 -21219 -57601
525 -21218 -57601
526 -21218 -57601
527 -21203 -57601
528 -21216 -57601
529 -21216 -57601
530 -21212 -57601
531 -21215 -57601
532 -21221 -57601
533 -21216 -57601
534 -21216 -57601
535 -21217 -57601
536 -21214 -57601
537 -21214 -57601
538 -21213 -57601
539 -21213 -57601
540 -21216 -57601
541 -21215 -57601
542 -21220 -57601
543 -21219 -57601
544 -21221 -57601
545 -21215 -57601
546 -21222 -57601
547 -21218 -57601
548 -21217 -57601
549 -21214 -57601
550 -21216 -57601
551 -21219 -57601
552 -21212 -57601
553 -21212 -57601
554 -21221 -57601
555 -21216 -57601
556 -21215 -57601
557 -21216 -57601
558 -21214 -57601
559 -21216 -57601
560 -21215 -57601
561 -21205 -57601
562 -21267 -57601
563 -21214 -57601
564 -21213 -57601
565 -21213 -57601
566 -21213 -57601
567 -21215 -57601
568 -21216 -57601
569 -21222 -57601
570 -21217 -57601
571 -21215 -57601
572 -21217 -57601
573 -21209 -57601
574 -21218 -57601
575 -21220 -57601
576 -21219 -57601
577 -21217 -57601
578 -21213 -57601
579 -21220 -57601
580 -21212 -57601
581 -21216 -57601
582 -21217 -57601
583 -21214 -57601
584 -21215 -57601
585 -21218 -57601
586 -21217 -57601
587 -21214 -57601
588 -21213 -57601
589 -21211 -57601
590 -21216 -57601
591 -21162 -57601
592 -21216 -57601
593 -21222 -57601
594 -21212 -57601
595 -21215 -57601
596 -21218 -57601
597 -21214 -57601
598 -21213 -57601
599 -21214 -57601
600 -21214 -57601
601 -21215 -57601
602 -21220 -57601
603 -21216 -57601
604 -21219 -57601
605 -21220 -57601
606 -21213 -57601
607 -21214 -57601
608 -21215 -57601
609 -21221 -57601
610 -21220 -57601
611 -21218 -57601
612 -21214 -57601
613 -21215 -57601
614 -21219 -57601
615 -21213 -57601
616 -21218 -57601
617 -21213 -57601
618 -21219 -57601
619 -21217 -57601
620 -21215 -57601
621 -21213 -57601
622 -21215 -57601
623 -21219 -57601
624 -21215 -57601
625 -21216 -57601
626 -21221 -57601
627 -21213 -57601
628 -21223 -57601
629 -21215 -57601
630 -21216 -57601
631 -21217 -57601
632 -21213 -57601
633 -21216 -57601
634 -21218 -57601
635 -21218 -57601
636 -21214 -57601
637 -21216 -57601
638 -21219 -57601
639 -21214 -57601
640 -21213 -57601
641 -21223 -57601
642 -21219 -57601
643 -21213 -57601
644 -21209 -57601
645 -21225 -57601
646 -21217 -57601
647 -21214 -57601
648 -21210 -57601
649 -21214 -57601
650 -21220 -57601
651 -21216 -57601
652 -21215 -57601
653 -21215 -57601
654 6912 -57601
655 -21217 -57601
656 -21213 -57601
657 -21212 -57601
658 -21217 -57601
659 -21216 -57601
660 -21220 -57601
661 -21214 -57601
662 -21217 -57601
663 -21212 -57601
664 -21219 -57601
665 -21218 -57601
666 -21216 -57601
667 -21217 -57601
668 -21214 -57601
669 -21214 -57601
670 -21216 -57601
671 -21213 -57601
672 -21213 -57601
673 -21218 -57601
674 -21214 -57601
675 -21216 -57601
676 -21219 -57601
677 -21216 -57601
678 -21215 -57601
679 -21215 -57601
680 -21215 -57601
681 -21217 -57601
682 -21215 -57601
683 -21219 -57601
684 -21214 -57601
685 -21213 -57601
686 -21216 -57601
687 -21214 -57601
688 -21214 -57601
689 -21213 -57601
690 -21211 -57601
691 -21217 -57601
692 -21214 -57601
693 -21217 -57601
694 -21215 -57601
695 -21217 -57601
696 -21213 -57601
697 -21224 -57601
698 -21216 -57601
699 -21213 -57601
700 -21220 -57601
701 -21219 -57601
702 -21218 -57601
703 -21215 -57601
704 -21219 -57601
705 -21227 -57601
706 -21216 -57601
707 -21216 -57601
708 -21218 -57601
709 -21214 -57601
710 -21217 -57601
711 -21214 -57601
712 -21216 -57601
713 -21214 -57601
714 -21215 -57601
715 -21219 -57601
716 -21220 -57601
717 -21217 -57601
718 -21217 -57601
719 -21211 -57601
720 -21216 -57601
721 -21219 -57601
722 -21216 -57601
723 -21217 -57601
724 -21217 -57601
725 -21213 -57601
726 -21218 -57601
727 -21213 -57601
728 -21220 -57601
729 -21213 -57601
730 -21219 -57601
731 -21212 -57601
732 -21217 -57601
733 -21214 -57601
734 -21217 -57601
735 -21220 -57601
736 -21220 -57601
737 -21216 -57601
738 -21213 -57601
739 -21215 -57601
740 -21220 -57601
741 -21211 -57601
742 -21219 -57601
743 -21217 -57601
744 -21214 -57601
745 -21207 -57601
746 -21214 -57601
747 -21218 -57601
748 -21217 -57601
749 -21214 -57601
750 -21214 -57601
751 -21212 -57601
752 -21215 -57601
753 -21219 -57601
754 -21215 -57601
755 -21216 -57601
756 -21215 -57601
757 -21216 -57601
758 -21212 -57601
759 -21217 -57601
760 -21215 -57601
761 -21219 -57601
762 -21258 -57601
763 -21212 -57601
764 -21215 -57601
765 -21220 -57601
766 -21213 -57601
767 -21224 -57601
768 -21216 -57601
769 -21213 -57601
770 -21215 -57601
771 -21217 -57601
772 -21212 -57601
773 -21212 -57601
774 -21220 -57601
775 -21211 -57601
776 -21215 -57601
777 -21213 -57601
778 -21215 -57601
779 -21217 -57601
780 -21214 -57601
781 -21214 -57601
782 -21219 -57601
783 -21215 -57601
784 -21218 -57601
785 -21214 -57601
786 -21211 -57601
787 -21216 -57601
788 -21216 -57601
789 -21216 -57601
790 -21215 -57601
791 -21214 -57601
792 -21215 -57601
793 -21216 -57601
794 -21217 -57601
795 -21216 -57601
796 -21216 -57601
797 -21214 -57601
798 -21217 -57601
799 -21225 -57601
800 -21214 -57601
801 -21216 -57601
802 -21214 -57601
803 -21217 -57601
804 -21226 -57601
805 -21215 -57601
806 -21217 -57601
807 -21211 -57601
808 -21219 -57601
809 -21214 -57601
810 -21215 -57601
811 -21214 -57601
812 -21219 -57601
813 -21217 -57601
814 -21217 -57601
815 -21213 -57601
816 -21223 -57601
817 -21213 -57601
818 -21214 -57601
819 -21219 -57601
820 -21214 -57601
821 -21216 -57601
822 -21213 -57601
823 -21216 -57601
824 -21216 -57601
825 -21215 -57601
826 -21216 -57601
827 -21212 -57601
828 -21216 -57601
829 -21214 -57601
830 -21218 -57601
831 -21218 -57601
832 -21219 -57601
833 -21215 -57601
834 -21214 -57601
835 -21212 -57601
836 -21221 -57601
837 -21215 -57601
838 -21210 -57601
839 -21213 -57601
840 -21218 -57601
841 -21214 -57601
842 -21216 -57601
843 -21213 -57601
844 -21218 -57601
845 -21214 -57601
846 -21218 -57601
847 -21215 -57601
848 -21215 -57601
849 -21217 -57601
850 -21220 -57601
851 -21214 -57601
852 -21213 -57601
853 -21218 -57601
854 -21216 -57601
855 -21214 -57601
856 -21217 -57601
857 -21216 -57601
858 -21218 -57601
859 -21213 -57601
860 -21217 -57601
861 -21214 -57601
862 -21216 -57601
863 -21212 -57601
864 -21218 -57601
865 -21215 -57601
866 -21220 -57601
867 -21218 -57601
868 -21219 -57601
869 -21211 -57601
870 -21213 -57601
871 -21215 -57601
872 -21215 -57601
873 -21219 -57601
874 -21215 -57601
875 -21218 -57601
876 -21212 -57601
877 -21214 -57601
878 -21217 -57601
879 -21214 -57601
880 -21219 -57601
881 -21222 -57601
882 -21212 -57601
883 -21215 -57601
884 -21211 -57601
885 -21217 -57601
886 -21211 -57601
887 -21218 -57601
888 -21218 -57601
889 -21217 -57601
890 -21220 -57601
891 -21215 -57601
892 -21214 -57601
893 -21216 -57601
894 -21216 -57601
895 -21214 -57601
896 -21213 -57601
897 -21212 -57601
898 -21215 -57601
899 -21217 -57601
900 -21212 -57601
901 -21213 -57601
902 -21215 -57601
903 -21217 -57601
904 -21208 -57601
905 -21213 -57601
906 -21222 -57601
907 -21218 -57601
908 -21216 -57601
909 -21220 -57601
910 -21214 -57601
911 -21221 -57601
912 -21212 -57601
913 -21220 -57601
914 -21217 -57601
915 -21213 -57601
916 -21214 -57601
917 -21216 -57601
918 -21217 -57601
919 -21215 -57601
920 -21214 -57601
921 -21217 -57601
922 -21216 -57601
923 -21214 -57601
924 -21217 -57601
925 -21215 -57601
926 -21212 -57601
927 -21216 -57601
928 -21216 -57601
929 -21217 -57601
930 -21217 -57601
931 -21218 -57601
932 -21212 -57601
933 -21216 -57601
934 -21211 -57601
935 -21215 -57601
936 -21219 -57601
937 -21215 -57601
938 -21214 -57601
939 -21211 -57601
940 -21212 -57601
941 -21218 -57601
942 -21218 -57601
943 -21222 -57601
944 -21217 -57601
945 -21221 -57601
946 -21216 -57601
947 -21214 -57601
948 -21216 -57601
949 -21211 -57601
950 -21214 -57601
951 -21214 -57601
952 -21212 -57601
953 -21220 -57601
954 -21216 -57601
955 -21219 -57601
956 -21215 -57601
957 -21218 -57601
958 -21215 -57601
959 -21218 -57601
960 -21219 -57601
961 -21213 -57601
962 -21216 -57601
963 -21218 -57601
964 -21213 -57601
965 -21215 -57601
966 -21216 -57601
967 -21216 -57601
968 -21216 -57601
969 -21215 -57601
970 -21215 -57601
971 -21222 -57601
972 -21211 -57601
973 -21216 -57601
974 -21222 -57601
975 -21220 -57601
976 -21222 -57601
977 -21211 -57601
978 -21215 -57601
979 -21217 -57601
980 -21214 -57601
981 -21215 -57601
982 -21214 -57601
983 -3621 -57601
984 -21214 -57601
985 -21212 -57601
986 -21213 -57601
987 -21213 -57601
988 -21219 -57601
989 -21218 -57601
990 -21216 -57601
991 -21217 -57601
992 -21213 -57601
993 -21225 -57601
994 -21214 -57601
995 -21215 -57601
996 -21215 -57601
997 -21214 -57601
998 -21214 -57601
999 -21213 -57601
1000 -21215 -57601
1001 -21214 -57601
1002 -21217 -57601
1003 -21213 -57601
1004 -21217 -57601
1005 -21215 -57601
1006 -21204 -57601
1007 -21216 -57601
1008 -21214 -57601
1009 -21211 -57601
1010 -21214 -57601
1011 -21216 -57601
1012 -21215 -57601
1013 -21212 -57601
1014 -21209 -57601
1015 -21211 -57601
1016 -21212 -57601
1017 -21218 -57601
1018 -21215 -57601
1019 -21216 -57601
1020 -21219 -57601
1021 -21216 -57601
1022 -21216 -57601
1023 -21218 -57601
1024 -21218 -57601
1025 -21218 -57601
1026 -21214 -57601
1027 -21219 -57601
1028 -21215 -57601
1029 -21217 -57601
1030 -21218 -57601
1031 -21212 -57601
1032 -21211 -57601
1033 -21212 -57601
1034 -21215 -57601
1035 -21216 -57601
1036 -21211 -57601
1037 -21218 -57601
1038 -21223 -57601
1039 -21214 -57601
1040 -21216 -57601
1041 -21213 -57601
1042 -21216 -57601
1043 -21217 -57601
1044 -21215 -57601
1045 -21220 -57601
1046 -21216 -57601
1047 -21224 -57601
1048 -21217 -57601
1049 -21218 -57601
1050 -21213 -57601
1051 -21213 -57601
1052 -21215 -57601
1053 -21216 -57601
1054 -21218 -57601
1055 -21212 -57601
1056 -21212 -57601
1057 -21218 -57601
1058 -21211 -57601
1059 -21215 -57601
1060 -21214 -57601
1061 -21218 -57601
1062 -21218 -57601
1063 -21218 -57601
1064 -21216 -57601
1065 -21224 -57601
1066 -21215 -57601
1067 -21216 -57601
1068 -21213 -57601
1069 -21209 -57601
1070 -21220 -57601
1071 -21216 -57601
1072 -21214 -57601
1073 -21216 -57601
1074 -21216 -57601
1075 -21222 -57601
1076 -21215 -57601
1077 -21217 -57601
1078 -21215 -57601
1079 -21228 -57601
1080 -21214 -57601
1081 -21213 -57601
1082 -21217 -57601
1083 -21217 -57601
1084 -21215 -57601
1085 -21213 -57601
1086 -21215 -57601
1087 -21220 -57601
1088 -21216 -57601
1089 -21221 -57601
1090 -21214 -57601
1091 -21214 -57601
1092 -21217 -57601
1093 -21217 -57601
1094 -21218 -57601
1095 -21216 -57601
1096 -21216 -57601
1097 -21214 -57601
1098 -21218 -57601
1099 -21216 -57601
1100 -21216 -57601
1101 -21219 -57601
1102 -21211 -57601
1103 -21217 -57601
1104 -21213 -57601
1105 -21221 -57601
1106 -21213 -57601
1107 -21214 -57601
1108 -21216 -57601
1109 -21215 -57601
1110 -21222 -57601
1111 -21217 -57601
1112 -21218 -57601
1113 -21217 -57601
1114 -21218 -57601
1115 -21217 -57601
1116 -21214 -57601
1117 -21219 -57601
1118 -21215 -57601
1119 -21213 -57601
1120 -21216 -57601
1121 -21216 -57601
1122 -21212 -57601
1123 -21211 -57601
1124 -21210 -57601
1125 -21211 -57601
1126 -21217 -57601
1127 -21215 -57601
1128 -21214 -57601
1129 -21215 -57601
1130 -21214 -57601
1131 -21211 -57601
1132 -21214 -57601
1133 -21218 -57601
1134 -21213 -57601
1135 -21217 -57601
1136 -21218 -57601
1137 -21219 -57601
1138 -21209 -57601
1139 -21216 -57601
1140 -21215 -57601
1141 -21219 -57601
1142 -21213 -57601
1143 -21217 -57601
1144 -21220 -57601
1145 -21218 -57601
1146 -21214 -57601
1147 -21214 -57601
1148 -21213 -57601
1149 -21215 -57601
1150 -21215 -57601
1151 -21221 -57601
1152 -21213 -57601
1153 -21214 -57601
1154 -21216 -57601
1155 -21213 -57601
1156 -21214 -57601
1157 -21214 -57601
1158 -21213 -57601
1159 -21218 -57601
1160 -21216 -57601
1161 -21218 -57601
1162 -21214 -57601
1163 -21212 -57601
1164 -21215 -57601
1165 -21218 -57601
1166 -21218 -57601
1167 -21212 -57601
1168 -21216 -57601
1169 -21215 -57601
1170 -21217 -57601
1171 -21217 -57601
1172 -21218 -57601
1173 -21220 -57601
1174 -21216 -57601
1175 -21213 -57601
1176 -21216 -57601
1177 -21218 -57601
1178 -21213 -57601
1179 -21216 -57601
1180 -21215 -57601
1181 -21214 -57601
1182 -21215 -57601
1183 -21214 -57601
1184 -21218 -57601
1185 -21214 -57601
1186 -21213 -57601
1187 -21210 -57601
1188 -21213 -57601
1189 -21215 -57601
1190 -21213 -57601
1191 -21215 -57601
1192 -21213 -57601
1193 -21223 -57601
1194 -21216 -57601
1195 -21216 -57601
1196 -21218 -57601
1197 -21213 -57601
1198 -21216 -57601
1199 -21219 -57601
1200 -21216 -57601
1201 -21218 -57601
1202 -21219 -57601
1203 -21220 -57601
1204 -21214 -57601
1205 -21214 -57601
1206 -21215 -57601
1207 -21220 -57601
1208 -21216 -57601
1209 -21214 -57601
1210 -21213 -57601
1211 -21217 -57601
1212 -21213 -57601
1213 -21215 -57601
1214 -21213 -57601
1215 -21217 -57601
1216 -21215 -57601
1217 -21216 -57601
1218 -21212 -57601
1219 -21222 -57601
1220 -21222 -57601
1221 -21238 -57601
1222 -21216 -57601
1223 -21218 -57601
1224 -21215 -57601
1225 -21216 -57601
1226 -21216 -57601
1227 -21218 -57601
1228 -21213 -57601
1229 -21215 -57601
1230 -21215 -57601
1231 -21216 -57601
1232 -21216 -57601
1233 -21218 -57601
1234 -21216 -57601
1235 -21215 -57601
1236 -21218 -57601
1237 -21223 -57601
1238 -21215 -57601
1239 -21218 -57601
1240 -21220 -57601
1241 -21215 -57601
1242 -21212 -57601
1243 -21220 -57601
1244 -21213 -57601
1245 -21214 -57601
1246 -21214 -57601
1247 -21215 -57601
1248 -21217 -57601
1249 -21222 -57601
1250 -21212 -57601
1251 -21215 -57601
1252 -21216 -57601
1253 -21210 -57601
1254 -21218 -57601
1255 -21216 -57601
1256 -21221 -57601
1257 -21184 -57601
1258 -21278 -57601
1259 -21216 -57601
1260 -21214 -57601
1261 -21216 -57601
1262 -21215 -57601
1263 -21214 -57601
1264 -21219 -57601
1265 -21212 -57601
1266 -21215 -57601
1267 -21216 -57601
1268 -21214 -57601
1269 -21219 -57601
1270 -21213 -57601
1271 -21217 -57601
1272 -21220 -57601
1273 -21217 -57601
1274 -21218 -57601
1275 -21212 -57601
1276 -21216 -57601
1277 -21238 -57601
1278 -21211 -57601
1279 -21217 -57601
1280 -21216 -57601
1281 -21213 -57601
1282 -21215 -57601
1283 -21212 -57601
1284 -21215 -57601
1285 -21216 -57601
1286 -21212 -57601
1287 -21216 -57601
1288 -21217 -57601
1289 -21220 -57601
1290 -21214 -57601
1291 -21215 -57601
1292 -21219 -57601
1293 -21212 -57601
1294 -21209 -57601
1295 -21212 -57601
1296 -21215 -57601
1297 -21215 -57601
1298 -21223 -57601
1299 -21215 -57601
1300 -21210 -57601
1301 -21222 -57601
1302 -21215 -57601
1303 -21214 -57601
1304 -21214 -57601
1305 -21212 -57601
1306 -21212 -57601
1307 -21217 -57601
1308 -21214 -57601
1309 -21214 -57601
1310 -21212 -57601
1311 -21211 -57601
1312 -21217 -57601
1313 -21214 -57601
1314 -21215 -57601
1315 -21216 -57601
1316 -21214 -57601
1317 -21220 -57601
1318 -21219 -57601
1319 -21214 -57601
1320 -21215 -57601
1321 -21219 -57601
1322 -21215 -57601
1323 -21216 -57601
1324 -21217 -57601
1325 -21216 -57601
1326 -21212 -57601
1327 -21214 -57601
1328 -21218 -57601
1329 -21216 -57601
1330 -21213 -57601
1331 -21217 -57601
1332 -21213 -57601
1333 -21216 -57601
1334 -21217 -57601
1335 -21217 -57601
1336 -21215 -57601
1337 -21215 -57601
1338 -21215 -57601
1339 -21212 -57601
1340 -21215 -57601
1341 -21217 -57601
1342 -21217 -57601
1343 -21216 -57601
1344 -21211 -57601
1345 -21211 -57601
1346 -21216 -57601
1347 -21213 -57601
1348 -21222 -57601
1349 -21218 -57601
1350 -21216 -57601
1351 -21218 -57601
1352 -21213 -57601
1353 -21216 -57601
1354 -21214 -57601
1355 -21211 -57601
1356 -21218 -57601
1357 -21217 -57601
1358 -21213 -57601
1359 -21212 -57601
1360 -21214 -57601
1361 -21215 -57601
1362 -21202 -57601
1363 -21213 -57601
1364 -21209 -57601
1365 -21214 -57601
1366 -21212 -57601
1367 -21216 -57601
1368 -21213 -57601
1369 -21215 -57601
1370 -21215 -57601
1371 -21227 -57601
1372 -21214 -57601
1373 -21215 -57601
1374 -21195 -57601
1375 -21217 -57601
1376 -21215 -57601
1377 -21219 -57601
1378 -21215 -57601
1379 -21216 -57601
1380 -21217 -57601
1381 -21216 -57601
1382 -21215 -57601
1383 -21214 -57601
1384 -21218 -57601
1385 -21212 -57601
1386 -21215 -57601
1387 -21215 -57601
1388 -21213 -57601
1389 -21214 -57601
1390 -21213 -57601
1391 -21214 -57601
1392 -21216 -57601
1393 -21214 -57601
1394 -21218 -57601
1395 -21216 -57601
1396 -21213 -57601
1397 -21218 -57601
1398 -21212 -57601
1399 -21211 -57601
1400 -21218 -57601
1401 -21213 -57601
1402 -21215 -57601
1403 -21218 -57601
1404 -21219 -57601
1405 -21216 -57601
1406 -21217 -57601
1407 -21221 -57601
1408 -21219 -57601
1409 -21217 -57601
1410 -21218 -57601
1411 -21211 -57601
1412 -21218 -57601
1413 -21214 -57601
1414 -21220 -57601
1415 -21219 -57601
1416 -21216 -57601
1417 -21218 -57601
1418 -21213 -57601
1419 -21213 -57601
1420 -21219 -57601
1421 -21216 -57601
1422 -21216 -57601
1423 -21212 -57601
1424 -21220 -57601
1425 -21216 -57601
1426 -21214 -57601
1427 -21211 -57601
1428 -21214 -57601
1429 -21215 -57601
1430 -21222 -57601
1431 -21215 -57601
1432 -21216 -57601
1433 -21213 -57601
1434 -21212 -57601
1435 -21210 -57601
1436 -21211 -57601
1437 -21220 -57601
1438 -21215 -57601
1439 -21214 -57601
1440 -21214 -57601
1441 -21216 -57601
1442 -21212 -57601
1443 -21209 -57601
1444 -21217 -57601
1445 -21219 -57601
1446 -21216 -57601
1447 -21211 -57601
1448 -21214 -57601
1449 -21215 -57601
1450 -21215 -57601
1451 -21212 -57601
1452 -21215 -57601
1453 -21216 -57601
1454 -21216 -57601
1455 -21215 -57601
1456 -21215 -57601
1457 -21214 -57601
1458 -21211 -57601
1459 -21220 -57601
1460 -21212 -57601
1461 -21214 -57601
1462 -21219 -57601
1463 -21217 -57601
1464 -21217 -57601
1465 -21215 -57601
1466 -21215 -57601
1467 -21214 -57601
1468 -21213 -57601
1469 -21225 -57601
1470 -21202 -57601
1471 -21215 -57601
1472 -21216 -57601
1473 -21217 -57601
1474 -21210 -57601
1475 -21211 -57601
1476 -21210 -57601
1477 -21218 -57601
1478 -21217 -57601
1479 -21211 -57601
1480 -21219 -57601
1481 -21213 -57601
1482 -21218 -57601
1483 -21215 -57601
1484 -21218 -57601
1485 -21219 -57601
1486 -21215 -57601
1487 -21212 -57601
1488 -21209 -57601
1489 -21215 -57601
1490 -21214 -57601
1491 -21220 -57601
1492 -21219 -57601
1493 -21214 -57601
1494 -21212 -57601
1495 -21214 -57601
1496 -21213 -57601
1497 -21212 -57601
1498 -21213 -57601
1499 -21211 -57601
1500 -21215 -57601
1501 -21217 -57601
1502 -21212 -57601
1503 -21213 -57601
1504 -21185 -57601
1505 -21221 -57601
1506 -21220 -57601
1507 -21218 -57601
1508 -21243 -57601
1509 -21218 -57601
1510 -21214 -57601
1511 -21216 -57601
1512 -21217 -57601
1513 -21218 -57601
1514 -21212 -57601
1515 -21209 -57601
1516 -21217 -57601
1517 -21220 -57601
1518 -21219 -57601
1519 -21217 -57601
1520 -21218 -57601
1521 -21214 -57601
1522 -21219 -57601
1523 -21216 -57601
1524 -21211 -57601
1525 -21218 -57601
1526 -21218 -57601
1527 -21212 -57601
1528 -21214 -57601
1529 -21215 -57601
1530 -21215 -57601
1531 -21215 -57601
1532 -21210 -57601
1533 -21213 -57601
1534 -21216 -57601
1535 -21222 -57601
1536 -21217 -57601
1537 -21215 -57601
1538 -21220 -57601
1539 -21214 -57601
1540 -21220 -57601
1541 -21219 -57601
1542 -21221 -57601
1543 -21216 -57601
1544 -21217 -57601
1545 -21213 -57601
1546 -21217 -57601
1547 -21215 -57601
1548 -21216 -57601
1549 -21212 -57601
1550 -21213 -57601
1551 -21213 -57601
1552 -21219 -57601
1553 -21216 -57601
1554 -21219 -57601
1555 -21219 -57601
1556 -21219 -57601
1557 -21215 -57601
1558 -21216 -57601
1559 -21219 -57601
1560 -21218 -57601
1561 -21215 -57601
1562 -21220 -57601
1563 -21219 -57601
1564 -21215 -57601
1565 -21220 -57601
1566 -21218 -57601
1567 -21215 -57601
1568 -21217 -57601
1569 -21218 -57601
1570 -21215 -57601
1571 -21218 -57601
1572 -21214 -57601
1573 -21215 -57601
1574 -21217 -57601
1575 -21218 -57601
1576 -21217 -57601
1577 -21220 -57601
1578 -21213 -57601
1579 -21216 -57601
1580 -21218 -57601
1581 -21218 -57601
1582 -21224 -57601
1583 -21220 -57601
1584 -21215 -57601
1585 -21221 -57601
1586 -21216 -57601
1587 -21210 -57601
1588 -21217 -57601
1589 -21215 -57601
1590 -21216 -57601
1591 -21211 -57601
1592 -21218 -57601
1593 -21220 -57601
1594 -21218 -57601
1595 -21214 -57601
1596 -21213 -57601
1597 -21215 -57601
1598 -21218 -57601
1599 -21213 -57601
1600 -21217 -57601
1601 -21218 -57601
1602 -21215 -57601
1603 -21215 -57601
1604 -21212 -57601
1605 -21210 -57601
1606 -21214 -57601
1607 -21215 -57601
1608 -21214 -57601
1609 -21217 -57601
1610 -21215 -57601
1611 -21220 -57601
1612 -21217 -57601
1613 -21218 -57601
1614 -21216 -57601
1615 -21213 -57601
1616 -21215 -57601
1617 -21219 -57601
1618 -21217 -57601
1619 -21215 -57601
1620 -21217 -57601
1621 -21216 -57601
1622 -21217 -57601
1623 -21215 -57601
1624 -21208 -57601
1625 -21210 -57601
1626 -21218 -57601
1627 -21214 -57601
1628 -21215 -57601
1629 -21214 -57601
1630 -21216 -57601
1631 -21218 -57601
1632 -21214 -57601
1633 -21214 -57601
1634 -21214 -57601
1635 -21216 -57601
1636 -21219 -57601
1637 -21217 -57601
1638 -21219 -57601
1639 -21215 -57601
1640 -21213 -57601
1641 -21214 -57601
1642 -21217 -57601
1643 -21214 -57601
1644 -21214 -57601
1645 -21219 -57601
1646 -21215 -57601
1647 -21250 -57601
1648 -21213 -57601
1649 -21213 -57601
1650 -21220 -57601
1651 -21214 -57601
1652 -21219 -57601
1653 -21217 -57601
1654 -21213 -57601
1655 -21219 -57601
1656 -21215 -57601
1657 -21218 -57601
1658 -21216 -57601
1659 -21218 -57601
1660 -21218 -57601
1661 -21217 -57601
1662 -21211 -57601
1663 -21218 -57601
1664 -21216 -57601
1665 -21221 -57601
1666 -21219 -57601
1667 -21216 -57601
1668 -21214 -57601
1669 -21218 -57601
1670 -21216 -57601
1671 -21222 -57601
1672 -21211 -57601
1673 -21217 -57601
1674 -21216 -57601
1675 -21213 -57601
1676 -21218 -57601
1677 -21217 -57601
1678 -21216 -57601
1679 -21217 -57601
1680 -21222 -57601
1681 -21216 -57601
1682 -21213 -57601
1683 -21215 -57601
1684 -21213 -57601
1685 -21217 -57601
1686 -21217 -57601
1687 -21214 -57601
1688 -21213 -57601
1689 -21219 -57601
1690 -21216 -57601
1691 -21211 -57601
1692 -21214 -57601
1693 -21212 -57601
1694 -21220 -57601
1695 -21215 -57601
1696 -21213 -57601
1697 -21217 -57601
1698 -21216 -57601
1699 -21215 -57601
1700 -21214 -57601
1701 -21215 -57601
1702 -21219 -57601
1703 -21216 -57601
1704 -21213 -57601
1705 -21220 -57601
1706 -21221 -57601
1707 -21221 -57601
1708 -21214 -57601
1709 -21220 -57601
1710 -21218 -57601
1711 -21215 -57601
1712 -21215 -57601
1713 -21215 -57601
1714 -21212 -57601
1715 -21217 -57601
1716 -21219 -57601
1717 -21226 -57601
1718 -21211 -57601
1719 -21214 -57601
1720 -21225 -57601
1721 -21210 -57601
1722 -21218 -57601
1723 -21214 -57601
1724 -21214 -57601
1725 -21215 -57601
1726 -21214 -57601
1727 -21218 -57601
1728 -21216 -57601
1729 -21217 -57601
1730 -21212 -57601
1731 -21219 -57601
1732 -21215 -57601
1733 -21211 -57601
1734 -21215 -57601
1735 -21213 -57601
1736 -21225 -57601
1737 -21217 -57601
1738 -21236 -57601
1739 -21216 -57601
1740 -21223 -57601
1741 -21215 -57601
1742 -21217 -57601
1743 -21244 -57601
1744 -21214 -57601
1745 -21217 -57601
1746 -21212 -57601
1747 -21216 -57601
1748 -21218 -57601
1749 -21218 -57601
1750 -21213 -57601
1751 -21216 -57601
1752 -21214 -57601
1753 -21215 -57601
1754 -21217 -57601
1755 -21218 -57601
1756 -21221 -57601
1757 -21217 -57601
1758 -21217 -57601
1759 -21215 -57601
1760 -21213 -57601
1761 -21216 -57601
1762 -21218 -57601
1763 -21212 -57601
1764 -21220 -57601
1765 -21212 -57601
1766 -21215 -57601
1767 -21213 -57601
1768 -21214 -57601
1769 -21214 -57601
1770 -21215 -57601
1771 -21214 -57601
1772 -21218 -57601
1773 -21219 -57601
1774 -21218 -57601
1775 -21212 -57601
1776 -21215 -57601
1777 -21218 -57601
1778 -21210 -57601
1779 -21216 -57601
1780 -21215 -57601
1781 -21216 -57601
1782 -21215 -57601
1783 -21218 -57601
1784 -21213 -57601
1785 -21217 -57601
1786 -21214 -57601
1787 -21215 -57601
1788 -21213 -57601
1789 -21210 -57601
1790 -21214 -57601
1791 -21217 -57601
1792 -21217 -57601
1793 -21216 -57601
1794 -21216 -57601
1795 -21217 -57601
1796 -21213 -57601
1797 -21214 -57601
1798 -21220 -57601
1799 -21215 -57601
1800 -21211 -57601
1801 -21221 -57601
1802 -21213 -57601
1803 -21215 -57601
1804 -21217 -57601
1805 -21217 -57601
1806 -21215 -57601
1807 -21215 -57601
1808 -21216 -57601
1809 -21216 -57601
1810 -21212 -57601
1811 -21219 -57601
1812 -21214 -57601
1813 -21215 -57601
1814 -21211 -57601
1815 -21215 -57601
1816 -21217 -57601
1817 -21218 -57601
1818 -21215 -57601
1819 -21216 -57601
1820 -21212 -57601
1821 -21216 -57601
1822 -21221 -57601
1823 -21219 -57601
1824 -21215 -57601
1825 -21217 -57601
1826 -21216 -57601
1827 -21213 -57601
1828 -21215 -57601
1829 -21213 -57601
1830 -21222 -57601
1831 -21216 -57601
1832 -21211 -57601
1833 -21220 -57601
1834 -21216 -57601
1835 -21215 -57601
1836 -21212 -57601
1837 -21213 -57601
1838 -21219 -57601
1839 -21215 -57601
1840 -21216 -57601
1841 -21218 -57601
1842 -21215 -57601
1843 -21216 -57601
1844 -21215 -57601
1845 -21220 -57601
1846 -21218 -57601
1847 -21215 -57601
1848 -21222 -57601
1849 -21214 -57601
1850 -21214 -57601
1851 -21216 -57601
1852 -21211 -57601
1853 -21217 -57601
1854 -21215 -57601
1855 -21214 -57601
1856 -21222 -57601
1857 -21220 -57601
1858 -21213 -57601
1859 -21214 -57601
1860 -21218 -57601
1861 -21217 -57601
1862 -21216 -57601
1863 -21218 -57601
1864 -21216 -57601
1865 -21214 -57601
1866 -21214 -57601
1867 -21210 -57601
1868 -21216 -57601
1869 -21214 -57601
1870 -21213 -57601
1871 -21215 -57601
1872 -21215 -57601
1873 -21215 -57601
1874 -21214 -57601
1875 -21217 -57601
1876 -21212 -57601
1877 -21212 -57601
1878 -21218 -57601
1879 -21214 -57601
1880 -21218 -57601
1881 -21213 -57601
1882 -21217 -57601
1883 -21215 -57601
1884 -21212 -57601
1885 -21218 -57601
1886 -21214 -57601
1887 -21215 -57601
1888 -21227 -57601
1889 -21211 -57601
1890 -21221 -57601
1891 -21216 -57601
1892 -21214 -57601
1893 -21215 -57601
1894 -21210 -57601
1895 -21214 -57601
1896 -21214 -57601
1897 -21212 -57601
1898 -21214 -57601
1899 -21225 -57601
1900 -21216 -57601
1901 -21214 -57601
1902 -21210 -57601
1903 -21214 -57601
1904 -21217 -57601
1905 -21217 -57601
1906 -21218 -57601
1907 -21212 -57601
1908 -21216 -57601
1909 -21213 -57601
1910 -21217 -57601
1911 -21213 -57601
1912 -21216 -57601
1913 -21218 -57601
1914 -21213 -57601
1915 -21219 -57601
1916 -21217 -57601
1917 -21213 -57601
1918 -21216 -57601
1919 -21214 -57601
1920 -21218 -57601
1921 -21212 -57601
1922 -21216 -57601
1923 -21222 -57601
1924 -21216 -57601
1925 -21219 -57601
1926 -21217 -57601
1927 -21216 -57601
1928 -21218 -57601
1929 -21217 -57601
1930 -21217 -57601
1931 -21217 -57601
1932 -21211 -57601
1933 -21213 -57601
1934 -21214 -57601
1935 6826 -57601
1936 -21217 -57601
1937 -21217 -57601
1938 -21215 -57601
1939 -21223 -57601
1940 -21212 -57601
1941 -21212 -57601
1942 -21215 -57601
1943 -21220 -57601
1944 -21217 -57601
1945 -21218 -57601
1946 -21219 -57601
1947 -21213 -57601
1948 -21220 -57601
1949 -21219 -57601
1950 -21215 -57601
1951 -21217 -57601
1952 -21214 -57601
1953 -21219 -57601
1954 -21217 -57601
1955 -21208 -57601
1956 -21212 -57601
1957 -21216 -57601
1958 -21211 -57601
1959 -21217 -57601
1960 -21215 -57601
1961 -21213 -57601
1962 -21215 -57601
1963 -21222 -57601
1964 -21221 -57601
1965 -21217 -57601
1966 -21212 -57601
1967 -21215 -57601
1968 -21216 -57601
1969 -21216 -57601
1970 -21211 -57601
1971 -21215 -57601
1972 -21221 -57601
1973 -21211 -57601
1974 -21216 -57601
1975 -21214 -57601
1976 -21205 -57601
1977 -21211 -57601
1978 -21216 -57601
1979 -21215 -57601
1980 -21213 -57601
1981 -21217 -57601
1982 -21216 -57601
1983 -21215 -57601
1984 -21217 -57601
1985 -21214 -57601
1986 -21216 -57601
1987 -21219 -57601
1988 -21215 -57601
1989 -21215 -57601
1990 -21213 -57601
1991 -21216 -57601
1992 -21217 -57601
1993 -21216 -57601
1994 -21219 -57601
1995 -21215 -57601
1996 -21218 -57601
1997 -21217 -57601
1998 -21212 -57601
1999 -21216 -57601
2000 -21214 -57601
2001 -21216 -57601
2002 -21213 -57601
2003 -21214 -57601
2004 -21213 -57601
2005 -21213 -57601
2006 -21216 -57601
2007 -21216 -57601
2008 -21214 -57601
2009 -21218 -57601
2010 -21213 -57601
2011 -21219 -57601
2012 -21216 -57601
2013 -21217 -57601
2014 -21216 -57601
2015 -21217 -57601
2016 -21217 -57601
2017 -21217 -57601
2018 -21219 -57601
2019 -21217 -57601
2020 -21219 -57601
2021 -21214 -57601
2022 -21216 -57601
2023 -21219 -57601
2024 -21217 -57601
2025 -21224 -57601
2026 -21214 -57601
2027 -21215 -57601
2028 -21218 -57601
2029 -21220 -57601
2030 -21215 -57601
2031 -21212 -57601
2032 -21216 -57601
2033 -21222 -57601
2034 -21216 -57601
2035 -21213 -57601
2036 -21217 -57601
2037 -21217 -57601
2038 -21217 -57601
2039 -21217 -57601
2040 -21213 -57601
2041 -21215 -57601
2042 -21214 -57601
2043 -21218 -57601
2044 -21219 -57601
2045 -21212 -57601
2046 -21217 -57601
2047 -21217 -57601
2048 -21219 -57601
2049 -21214 -57601
2050 -21218 -57601
2051 -21217 -57601
2052 -21216 -57601
2053 -21220 -57601
2054 -21214 -57601
2055 -21215 -57601
2056 -21217 -57601
2057 -21216 -57601
2058 -21218 -57601
2059 -21216 -57601
2060 -21213 -57601
2061 -21217 -57601
2062 -21214 -57601
2063 -21214 -57601
2064 -21216 -57601
2065 -21217 -57601
2066 -21215 -57601
2067 -21214 -57601
2068 -21223 -57601
2069 -21223 -57601
2070 -21214 -57601
2071 -21218 -57601
2072 -21216 -57601
2073 -21217 -57601
2074 -21213 -57601
2075 -21217 -57601
2076 -21222 -57601
2077 -21216 -57601
2078 -21216 -57601
2079 -21219 -57601
2080 -21212 -57601
2081 -21221 -57601
2082 -21215 -57601
2083 -21219 -57601
2084 -21213 -57601
2085 -21219 -57601
2086 -21216 -57601
2087 -21220 -57601
2088 -21219 -57601
2089 -21216 -57601
2090 -21221 -57601
2091 -21213 -57601
2092 -21217 -57601
2093 -21213 -57601
2094 -21221 -57601
2095 -21217 -57601
2096 -21219 -57601
2097 -21220 -57601
2098 -21219 -57601
2099 -21215 -57601
2100 -21212 -57601
2101 -21216 -57601
2102 -21211 -57601
2103 -21217 -57601
2104 -21218 -57601
2105 -21216 -57601
2106 -21218 -57601
2107 -21217 -57601
2108 -21216 -57601
2109 -21217 -57601
2110 -21214 -57601
2111 -21215 -57601
2112 -21215 -57601
2113 -21210 -57601
2114 -21214 -57601
2115 -21217 -57601
2116 -21216 -57601
2117 -21217 -57601
2118 -21220 -57601
2119 -21220 -57601
2120 -21217 -57601
2121 -21215 -57601
2122 -21223 -57601
2123 -21215 -57601
2124 -21218 -57601
2125 -21215 -57601
2126 -21214 -57601
2127 -21210 -57601
2128 -21216 -57601
2129 -21219 -57601
2130 -21215 -57601
2131 -21218 -57601
2132 -21217 -57601
2133 -21214 -57601
2134 -21214 -57601
2135 -21215 -57601
2136 -21214 -57601
2137 -21224 -57601
2138 -21212 -57601
2139 -21220 -57601
2140 -21215 -57601
2141 -21215 -57601
2142 -21216 -57601
2143 -21221 -57601
2144 -21215 -57601
2145 -21216 -57601
2146 -21222 -57601
2147 -21216 -57601
2148 -21215 -57601
2149 -21223 -57601
2150 -21218 -57601
2151 -21216 -57601
2152 -21215 -57601
2153 -21219 -57601
2154 -21216 -57601
2155 -21213 -57601
2156 -21216 -57601
2157 -21214 -57601
2158 -21211 -57601
2159 -21216 -57601
2160 -21213 -57601
2161 -21225 -57601
2162 -21220 -57601
2163 -21214 -57601
2164 -21216 -57601
2165 -21214 -57601
2166 -21216 -57601
2167 -21218 -57601
2168 -21216 -57601
2169 -21214 -57601
2170 -21225 -57601
2171 -21217 -57601
2172 -21219 -57601
2173 -21217 -57601
2174 -21211 -57601
2175 -21216 -57601
2176 -21214 -57601
2177 -21219 -57601
2178 -21216 -57601
2179 -21213 -57601
2180 -21217 -57601
2181 -21214 -57601
2182 -21218 -57601
2183 -21217 -57601
2184 -21213 -57601
2185 -21218 -57601
2186 -21217 -57601
2187 -21215 -57601
2188 -21214 -57601
2189 -21214 -57601
2190 -21205 -57601
2191 -21211 -57601
2192 -21214 -57601
2193 -21218 -57601
2194 -21214 -57601
2195 -21216 -57601
2196 -21214 -57601
2197 -21216 -57601
2198 -21212 -57601
2199 -21210 -57601
2200 -21213 -57601
2201 -21217 -57601
2202 -21219 -57601
2203 -21211 -57601
2204 -21219 -57601
2205 -21214 -57601
2206 -21220 -57601
2207 -21212 -57601
2208 -21220 -57601
2209 -21212 -57601
2210 -21215 -57601
2211 -21217 -57601
2212 -21219 -57601
2213 -21224 -57601
2214 -21221 -57601
2215 -21214 -57601
2216 -21220 -57601
2217 -21214 -57601
2218 -21218 -57601
2219 -21220 -57601
2220 -21214 -57601
2221 -21213 -57601
2222 -21219 -57601
2223 -21216 -57601
2224 -21214 -57601
2225 -21215 -57601
2226 -21225 -57601
2227 -21219 -57601
2228 -21218 -57601
2229 -21219 -57601
2230 -21217 -57601
2231 -21214 -57601
2232 -21216 -57601
2233 -21213 -57601
2234 -21211 -57601
2235 -21215 -57601
2236 -21216 -57601
2237 -21214 -57601
2238 -21218 -57601
2239 -21216 -57601
2240 -21213 -57601
2241 -21218 -57601
2242 -21213 -57601
2243 -21215 -57601
2244 -21214 -57601
2245 -21219 -57601
2246 -21218 -57601
2247 -21219 -57601
2248 -21217 -57601
2249 -21216 -57601
2250 -21220 -57601
2251 -21218 -57601
2252 -21216 -57601
2253 -21215 -57601
2254 -21218 -57601
2255 -21217 -57601
2256 -21216 -57601
2257 -21215 -57601
2258 -21217 -57601
2259 -21217 -57601
2260 -21216 -57601
2261 -21216 -57601
2262 -21214 -57601
2263 -21215 -57601
2264 -21218 -57601
2265 -21213 -57601
2266 -21213 -57601
2267 -21217 -57601
2268 -7243 -57601
2269 -21212 -57601
2270 -21224 -57601
2271 -21216 -57601
2272 -21215 -57601
2273 -21214 -57601
2274 -21207 -57601
2275 -21217 -57601
2276 -21216 -57601
2277 -21219 -57601
2278 -21212 -57601
2279 -21219 -57601
2280 -21217 -57601
2281 -21220 -57601
2282 -21218 -57601
2283 -21218 -57601
2284 -21224 -57601
2285 -21212 -57601
2286 -21217 -57601
2287 -21215 -57601
2288 -21218 -57601
2289 -21219 -57601
2290 -21217 -57601
2291 -21213 -57601
2292 -21212 -57601
2293 -21216 -57601
2294 -21210 -57601
2295 -21217 -57601
2296 -21216 -57601
2297 -21219 -57601
2298 -21216 -57601
2299 -21214 -57601
2300 -21214 -57601
2301 -21217 -57601
2302 -21215 -57601
2303 -21217 -57601
2304 -21212 -57601
2305 -21215 -57601
2306 -21218 -57601
2307 -21216 -57601
2308 -21219 -57601
2309 -21212 -57601
2310 -21216 -57601
2311 -21225 -57601
2312 -21217 -57601
2313 -21213 -57601
2314 -21219 -57601
2315 -21217 -57601
2316 -21218 -57601
2317 -21215 -57601
2318 -21214 -57601
2319 -21216 -57601
2320 -21217 -57601
2321 -21216 -57601
2322 -21212 -57601
2323 -21219 -57601
2324 -21215 -57601
2325 -21218 -57601
2326 -21219 -57601
2327 -21214 -57601
2328 -21225 -57601
2329 -21216 -57601
2330 -21221 -57601
2331 -21212 -57601
2332 -21217 -57601
2333 -21210 -57601
2334 -21215 -57601
2335 -21216 -57601
2336 -21215 -57601
2337 -21216 -57601
2338 -21218 -57601
2339 -21213 -57601
2340 -21216 -57601
2341 -21214 -57601
2342 -21215 -57601
2343 -21213 -57601
2344 -21219 -57601
2345 -21212 -57601
2346 -21217 -57601
2347 -21216 -57601
2348 -21216 -57601
2349 -21217 -57601
2350 -21212 -57601
2351 -21219 -57601
2352 -21216 -57601
2353 -21216 -57601
2354 -21214 -57601
2355 -21214 -57601
2356 -21219 -57601
2357 -21217 -57601
2358 -7252 -57601
2359 -21215 -57601
2360 -21218 -57601
2361 -21212 -57601
2362 -21214 -57601
2363 -21217 -57601
2364 -21214 -57601
2365 -21215 -57601
2366 -21217 -57601
2367 -21218 -57601
2368 -21213 -57601
2369 -21212 -57601
2370 -3699 -57601
2371 -21216 -57601
2372 -21213 -57601
2373 -21216 -57601
2374 -21215 -57601
2375 -21211 -57601
2376 -21215 -57601
2377 -21218 -57601
2378 -21217 -57601
2379 -21218 -57601
2380 -21217 -57601
2381 -21214 -57601
2382 -21212 -57601
2383 -21216 -57601
2384 -21215 -57601
2385 -21220 -57601
2386 -21216 -57601
2387 -21219 -57601
2388 -21215 -57601
2389 -21217 -57601
2390 -21221 -57601
2391 -21214 -57601
2392 -21214 -57601
2393 -21213 -57601
2394 -21218 -57601
2395 -21217 -57601
2396 -21219 -57601
2397 -21215 -57601
2398 -21217 -57601
2399 -21215 -57601
2400 -21213 -57601
2401 -21219 -57601
2402 -21219 -57601
2403 -21221 -57601
2404 -21218 -57601
2405 -21218 -57601
2406 -21214 -57601
2407 -21216 -57601
2408 -21215 -57601
2409 -21220 -57601
2410 -21237 -57601
2411 -21214 -57601
2412 -21213 -57601
2413 -21282 -57601
2414 -21215 -57601
2415 -21217 -57601
2416 -21211 -57601
2417 -21215 -57601
2418 -21214 -57601
2419 -21216 -57601
2420 -21215 -57601
2421 -21221 -57601
2422 -21211 -57601
2423 -21213 -57601
2424 -21214 -57601
2425 -21216 -57601
2426 -21223 -57601
2427 -21217 -57601
2428 -21218 -57601
2429 -21220 -57601
2430 -21214 -57601
2431 -21212 -57601
2432 -21224 -57601
2433 -21216 -57601
2434 -21218 -57601
2435 -21213 -57601
2436 -21222 -57601
2437 -21221 -57601
2438 -21214 -57601
2439 -21214 -57601
2440 -21217 -57601
2441 -21222 -57601
2442 -21213 -57601
2443 -21215 -57601
2444 -21217 -57601
2445 -21213 -57601
2446 -21221 -57601
2447 -21219 -57601
2448 -21216 -57601
2449 -21209 -57601
2450 -21216 -57601
2451 -21216 -57601
2452 -21213 -57601
2453 -21215 -57601
2454 -21218 -57601
2455 -21213 -57601
2456 -21212 -57601
2457 -21222 -57601
2458 -21217 -57601
2459 -21220 -57601
2460 -21191 -57601
2461 -21214 -57601
2462 -21220 -57601
2463 -21217 -57601
2464 -21215 -57601
2465 -21218 -57601
2466 -21217 -57601
2467 -21221 -57601
2468 -21207 -57601
2469 -21219 -57601
2470 -21212 -57601
2471 -21216 -57601
2472 -21218 -57601
2473 -21228 -57601
2474 -21210 -57601
2475 -21212 -57601
2476 -21218 -57601
2477 -21216 -57601
2478 -21218 -57601
2479 -21219 -57601
2480 -21217 -57601
2481 -21216 -57601
2482 -21214 -57601
2483 -21219 -57601
2484 -21216 -57601
2485 -21216 -57601
2486 -21215 -57601
2487 -21217 -57601
2488 -21218 -57601
2489 -21212 -57601
2490 -21213 -57601
2491 -21215 -57601
2492 -21218 -57601
2493 -21215 -57601
2494 -21216 -57601
2495 -21220 -57601
2496 -21219 -57601
2497 -21217 -57601
2498 -21220 -57601
2499 -21218 -57601
2500 -21220 -57601
2501 -21213 -57601
2502 -21212 -57601
2503 -21213 -57601
2504 -21216 -57601
2505 -21216 -57601
2506 -21215 -57601
2507 -21213 -57601
2508 -21214 -57601
2509 -21213 -57601
2510 -21217 -57601
2511 -21215 -57601
2512 -21214 -57601
2513 -21218 -57601
2514 -21215 -57601
2515 -21216 -57601
2516 -21214 -57601
2517 -21215 -57601
2518 -21216 -57601
2519 -21216 -57601
2520 -21216 -57601
2521 -21216 -57601
2522 -21215 -57601
2523 -21219 -57601
2524 -21218 -57601
2525 -21215 -57601
2526 -21216 -57601
2527 -21216 -57601
2528 -21216 -57601
2529 -21210 -57601
2530 -21212 -57601
2531 -21217 -57601
2532 -21216 -57601
2533 -21223 -57601
