0 -21221 -57601
1 -21220 -57601
2 -21233 -57601
3 -21219 -57601
4 -21219 -57601
5 -21222 -57601
6 -21217 -57601
7 -21223 -57601
8 -21228 -57601
9 -21227 -57601
10 -21208 -57601
11 -21219 -57601
12 -21220 -57601
13 -21220 -57601
14 -21223 -57601
15 -21228 -57601
16 -21218 -57601
17 -21223 -57601
18 -21222 -57601
19 -21216 -57601
20 -21217 -57601
21 -21228 -57601
22 -21223 -57601
23 -21223 -57601
24 -21217 -57601
25 -21222 -57601
26 -21221 -57601
27 -21219 -57601
28 -21222 -57601
29 -21218 -57601
30 -21220 -57601
31 -21223 -57601
32 -21233 -57601
33 -21228 -57601
34 -21222 -57601
35 -21222 -57601
36 -21220 -57601
37 -21220 -57601
38 -21228 -57601
39 -21225 -57601
40 -21223 -57601
41 -21221 -57601
42 -21221 -57601
43 -21228 -57601
44 -21226 -57601
45 -21229 -57601
46 -21217 -57601
47 -21227 -57601
48 -21221 -57601
49 -21223 -57601
50 -21223 -57601
51 -21222 -57601
52 -21227 -57601
53 -21222 -57601
54 -21221 -57601
55 -21216 -57601
56 -21231 -57601
57 -21219 -57601
58 -21224 -57601
59 -21224 -57601
60 -21215 -57601
61 -21219 -57601
62 -21223 -57601
63 -21222 -57601
64 -21219 -57601
65 -21219 -57601
66 -21229 -57601
67 -21220 -57601
68 -21222 -57601
69 -21222 -57601
70 -21226 -57601
71 -21222 -57601
72 -21231 -57601
73 -21222 -57601
74 -21219 -57601
75 -21233 -57601
76 -21227 -57601
77 -21224 -57601
78 -21218 -57601
79 -21225 -57601
80 -21222 -57601
81 -21220 -57601
82 -21220 -57601
