0 -21219 -57601
1 -21215 -57601
2 -21218 -57601
3 -21223 -57601
4 -21224 -57601
5 -21220 -57601
6 -21222 -57601
7 -21220 -57601
8 -21222 -57601
9 -21225 -57601
10 -21216 -57601
11 -21217 -57601
12 -21219 -57601
13 -21217 -57601
14 -21221 -57601
15 -21216 -57601
16 -21224 -57601
17 -21211 -57601
18 -21217 -57601
19 -21230 -57601
20 -21220 -57601
21 -21219 -57601
22 -21218 -57601
23 -21214 -57601
24 -21218 -57601
25 -21220 -57601
26 -21218 -57601
27 -21216 -57601
28 -21223 -57601
29 -21216 -57601
30 -21217 -57601
31 -21217 -57601
32 -7282 -57601
33 -21216 -57601
34 -21220 -57601
35 -21218 -57601
36 -21215 -57601
37 -21220 -57601
38 -21220 -57601
39 -21218 -57601
40 -21217 -57601
41 -21219 -57601
42 -21217 -57601
43 -21222 -57601
44 -21227 -57601
45 -21217 -57601
46 -21221 -57601
47 -21217 -57601
48 -21219 -57601
49 -21223 -57601
50 -21222 -57601
51 -21217 -57601
52 -21216 -57601
53 -21219 -57601
54 -21223 -57601
55 -21219 -57601
56 -21231 -57601
57 -21229 -57601
58 -21219 -57601
59 -21213 -57601
60 -21221 -57601
61 -21226 -57601
62 -21216 -57601
63 -21218 -57601
64 -21222 -57601
65 -21219 -57601
66 -21220 -57601
67 -21221 -57601
68 -21222 -57601
69 -21221 -57601
70 -21218 -57601
71 -21218 -57601
72 -21228 -57601
73 -21217 -57601
74 -21225 -57601
75 -21219 -57601
76 -21223 -57601
77 -21220 -57601
78 -21223 -57601
79 -21216 -57601
80 -21216 -57601
81 -21223 -57601
82 -21219 -57601
83 -21224 -57601
84 -21221 -57601
85 -21226 -57601
86 -21223 -57601
87 -21226 -57601
88 -21217 -57601
89 -21222 -57601
90 -21217 -57601
91 -21216 -57601
92 -21219 -57601
93 -21215 -57601
94 -21214 -57601
95 -21216 -57601
96 -21217 -57601
97 -21216 -57601
98 -21219 -57601
99 -21219 -57601
100 -21229 -57601
101 -21218 -57601
102 -21221 -57601
103 -21216 -57601
104 -21215 -57601
105 -21217 -57601
106 -21219 -57601
107 -21219 -57601
108 -21222 -57601
109 -21227 -57601
110 -21223 -57601
111 -21228 -57601
112 -21221 -57601
113 -21217 -57601
114 -21221 -57601
115 -21219 -57601
116 -21222 -57601
117 -21219 -57601
118 -21223 -57601
119 -21223 -57601
120 -21225 -57601
121 -21218 -57601
122 -21220 -57601
123 -21223 -57601
124 -21218 -57601
125 -21221 -57601
126 -21217 -57601
127 -21218 -57601
128 -21219 -57601
129 -21219 -57601
130 -21217 -57601
131 -21219 -57601
132 -21220 -57601
133 -21218 -57601
134 -21219 -57601
135 -21224 -57601
136 -21219 -57601
137 -21225 -57601
138 -21222 -57601
139 -21217 -57601
140 -21221 -57601
141 -21220 -57601
142 -21218 -57601
143 -21222 -57601
144 -21225 -57601
145 -21217 -57601
146 -21220 -57601
147 -21218 -57601
148 -21223 -57601
149 -21218 -57601
150 -21221 -57601
151 -21226 -57601
152 -21218 -57601
153 -21220 -57601
154 -21218 -57601
155 -21216 -57601
156 -21226 -57601
157 -21221 -57601
158 -21222 -57601
159 -21222 -57601
160 -21212 -57601
161 -21225 -57601
162 -21218 -57601
163 -21223 -57601
164 -21214 -57601
165 -21212 -57601
166 -21214 -57601
167 -21215 -57601
168 -21217 -57601
169 -21224 -57601
170 -21215 -57601
171 -21220 -57601
172 -21221 -57601
173 -21219 -57601
174 -21218 -57601
175 -21221 -57601
176 -21218 -57601
177 -21218 -57601
178 -21216 -57601
179 -21224 -57601
180 -21217 -57601
181 -21221 -57601
182 -21218 -57601
183 -21220 -57601
184 -21219 -57601
185 -21223 -57601
186 -21222 -57601
187 -21217 -57601
188 -21224 -57601
189 -21219 -57601
190 -21220 -57601
191 -21218 -57601
192 -21216 -57601
193 -21218 -57601
194 -21217 -57601
195 -21217 -57601
196 -21219 -57601
197 -21219 -57601
198 -21218 -57601
199 -21218 -57601
200 -21217 -57601
201 -21218 -57601
202 -21218 -57601
203 -21221 -57601
204 -21219 -57601
205 -21220 -57601
206 -21222 -57601
207 -21215 -57601
208 -21221 -57601
209 -21224 -57601
210 -21224 -57601
211 -21218 -57601
212 -21222 -57601
213 -21215 -57601
214 -21221 -57601
215 -21216 -57601
216 -21217 -57601
217 -21218 -57601
218 -21216 -57601
219 -21218 -57601
220 -21217 -57601
221 -21215 -57601
222 -21222 -57601
223 -21220 -57601
224 -21220 -57601
225 -21221 -57601
226 -21219 -57601
227 -21220 -57601
228 -21232 -57601
229 -21229 -57601
230 -21222 -57601
231 -21220 -57601
232 -21219 -57601
233 -21215 -57601
234 -21214 -57601
235 -21217 -57601
236 -21217 -57601
237 -21218 -57601
238 -21216 -57601
239 -21220 -57601
240 -21218 -57601
241 -21215 -57601
242 -21216 -57601
243 -21215 -57601
244 -21223 -57601
245 -21219 -57601
246 -21225 -57601
247 -21217 -57601
248 -21228 -57601
249 -21217 -57601
250 -21223 -57601
251 -21216 -57601
252 -21222 -57601
253 -21216 -57601
254 -21219 -57601
255 -21239 -57601
256 -21225 -57601
257 -21223 -57601
258 -21218 -57601
259 -21220 -57601
260 -21220 -57601
261 -21218 -57601
262 -21215 -57601
263 -21218 -57601
264 -21220 -57601
265 -21221 -57601
266 -21218 -57601
267 -21221 -57601
268 -21223 -57601
269 -21216 -57601
270 -21219 -57601
271 -21216 -57601
272 -21220 -57601
273 -21221 -57601
274 -21218 -57601
275 -21219 -57601
276 -21219 -57601
277 -21215 -57601
278 -21220 -57601
279 -21221 -57601
280 -21225 -57601
281 -21216 -57601
282 -21219 -57601
283 -21218 -57601
284 -21229 -57601
285 -21221 -57601
286 -21218 -57601
287 -21215 -57601
288 -21220 -57601
289 -21219 -57601
290 -21221 -57601
291 -21225 -57601
292 -21216 -57601
293 -21236 -57601
294 -21222 -57601
295 -21221 -57601
296 -21217 -57601
297 -21218 -57601
298 -21218 -57601
299 -21228 -57601
300 -21221 -57601
301 -21217 -57601
302 -21224 -57601
303 -21221 -57601
304 -21218 -57601
305 -21222 -57601
306 -21214 -57601
307 -21216 -57601
308 -21223 -57601
309 -21215 -57601
310 -21218 -57601
311 -21211 -57601
312 -21224 -57601
313 -21232 -57601
314 -21226 -57601
315 -21215 -57601
316 -21221 -57601
317 -21216 -57601
318 -21225 -57601
319 -21227 -57601
320 -21219 -57601
321 -21218 -57601
322 -21213 -57601
323 -21216 -57601
324 -21218 -57601
325 -21222 -57601
326 -21222 -57601
327 -21218 -57601
328 -21218 -57601
329 -21219 -57601
330 -21224 -57601
331 -21224 -57601
332 -21219 -57601
333 -21216 -57601
334 -21221 -57601
335 -21221 -57601
336 -21218 -57601
337 -21218 -57601
338 -21225 -57601
339 -21221 -57601
340 -21224 -57601
341 -21220 -57601
342 -21221 -57601
343 -21220 -57601
344 -21215 -57601
345 -21219 -57601
346 -21219 -57601
347 -21225 -57601
348 -21219 -57601
349 -21218 -57601
350 -21227 -57601
351 -21221 -57601
352 -21224 -57601
353 -21221 -57601
354 -21219 -57601
355 -21223 -57601
356 -21224 -57601
357 -21217 -57601
358 -21217 -57601
359 -21219 -57601
360 -21218 -57601
361 -21221 -57601
362 -21221 -57601
363 -21219 -57601
364 -21223 -57601
365 -21226 -57601
366 -21217 -57601
367 -21216 -57601
368 -21219 -57601
369 -21216 -57601
370 -21225 -57601
371 -21216 -57601
372 -21216 -57601
373 -21215 -57601
374 -21219 -57601
375 -21222 -57601
376 -21221 -57601
377 -21219 -57601
378 -21229 -57601
379 -21221 -57601
380 -21210 -57601
381 -21225 -57601
382 -21222 -57601
383 -21218 -57601
384 -21226 -57601
385 -21216 -57601
386 -21217 -57601
387 -21219 -57601
388 -21222 -57601
389 -21219 -57601
390 -21218 -57601
391 -21216 -57601
392 -21219 -57601
393 -21221 -57601
394 -21219 -57601
395 -21218 -57601
396 -21215 -57601
397 -21218 -57601
398 -21220 -57601
399 -21220 -57601
400 -21219 -57601
401 -21215 -57601
402 -21217 -57601
403 -21217 -57601
404 -21231 -57601
405 -21276 -57601
406 -21216 -57601
407 -21211 -57601
408 -21218 -57601
409 -21224 -57601
410 -21225 -57601
411 -21221 -57601
412 -21219 -57601
413 -21219 -57601
414 -21221 -57601
415 -21215 -57601
416 -21221 -57601
417 -21217 -57601
418 -21217 -57601
419 -21221 -57601
420 -21219 -57601
421 -21218 -57601
422 -21219 -57601
423 -21214 -57601
424 -21218 -57601
425 -21220 -57601
426 -21218 -57601
427 -21220 -57601
428 -21214 -57601
429 -21214 -57601
430 -21219 -57601
431 -21218 -57601
432 -21215 -57601
433 -21219 -57601
434 -21221 -57601
435 -21219 -57601
436 -21220 -57601
437 -21223 -57601
438 -21212 -57601
439 -21222 -57601
440 -21218 -57601
441 -21221 -57601
442 -21216 -57601
443 -21218 -57601
444 -21224 -57601
445 -21213 -57601
446 -21220 -57601
447 -21218 -57601
448 -21218 -57601
449 -21219 -57601
450 -21216 -57601
451 -21220 -57601
452 -21222 -57601
453 -21219 -57601
454 -21219 -57601
455 -21220 -57601
456 -21219 -57601
457 -21217 -57601
458 -21220 -57601
459 -21213 -57601
460 -21216 -57601
461 -21216 -57601
462 -21222 -57601
463 -21225 -57601
464 -21219 -57601
465 -21222 -57601
466 -21218 -57601
467 -21216 -57601
468 -21216 -57601
469 -21218 -57601
470 -21218 -57601
471 -21222 -57601
472 -21220 -57601
473 -21218 -57601
474 -21216 -57601
475 -21215 -57601
476 -21219 -57601
477 -21220 -57601
478 -21225 -57601
479 -21217 -57601
480 -21217 -57601
481 -21223 -57601
482 -21227 -57601
483 -21216 -57601
484 -21221 -57601
485 -21218 -57601
486 -21221 -57601
487 -21217 -57601
488 -21217 -57601
489 -21219 -57601
490 -21220 -57601
491 -21213 -57601
492 -21223 -57601
493 -21214 -57601
494 -21222 -57601
495 -21216 -57601
496 -21215 -57601
497 -21225 -57601
498 -21267 -57601
499 -21215 -57601
500 -21221 -57601
501 -21218 -57601
502 -21221 -57601
503 -21219 -57601
504 -21214 -57601
505 -21230 -57601
506 -21219 -57601
507 -21226 -57601
508 -21219 -57601
509 -21217 -57601
510 -21224 -57601
511 -21220 -57601
512 -21219 -57601
513 -21224 -57601
514 -21218 -57601
515 -21215 -57601
516 -21220 -57601
517 -21220 -57601
518 -21218 -57601
519 -21216 -57601
520 -21220 -57601
521 -21220 -57601
522 -21219 -57601
523 -21220 -57601
524 -21223 -57601
525 -21222 -57601
526 -21218 -57601
527 -21225 -57601
528 -21219 -57601
529 -21221 -57601
530 -21221 -57601
531 -21215 -57601
532 -21218 -57601
533 -21227 -57601
534 -21225 -57601
535 -21221 -57601
536 -21219 -57601
537 -21220 -57601
538 -21219 -57601
539 -21222 -57601
540 -21216 -57601
541 -21225 -57601
542 -21220 -57601
543 -21222 -57601
544 -21221 -57601
545 -21217 -57601
546 -21221 -57601
547 -21220 -57601
548 -21217 -57601
549 -21220 -57601
550 -21216 -57601
551 -21216 -57601
552 -21223 -57601
553 -21216 -57601
554 -21222 -57601
555 -21220 -57601
556 -21219 -57601
557 -21184 -57601
558 -21218 -57601
559 -21216 -57601
560 -21218 -57601
561 -21217 -57601
562 -21217 -57601
563 -21224 -57601
564 -21219 -57601
565 -21223 -57601
566 -21218 -57601
567 -21217 -57601
568 -21213 -57601
569 -21221 -57601
570 -21224 -57601
571 -21221 -57601
572 -21217 -57601
573 -21219 -57601
574 -21222 -57601
575 -21208 -57601
576 -21219 -57601
577 -21217 -57601
578 -21219 -57601
579 -21215 -57601
580 -21219 -57601
581 -21217 -57601
582 -21219 -57601
583 -21214 -57601
584 -21218 -57601
585 -21226 -57601
586 -21220 -57601
587 -21222 -57601
588 -21221 -57601
589 -21215 -57601
590 -21221 -57601
591 -21221 -57601
592 -21216 -57601
593 -21222 -57601
594 -21217 -57601
595 -21218 -57601
596 -21225 -57601
597 -21220 -57601
598 -21219 -57601
599 -21221 -57601
600 -21221 -57601
601 -21220 -57601
602 -21222 -57601
603 -21219 -57601
604 -21221 -57601
605 -21219 -57601
606 -21220 -57601
607 -21212 -57601
608 -21220 -57601
609 -21218 -57601
610 -21216 -57601
611 -21217 -57601
612 -21220 -57601
613 -21219 -57601
614 -21217 -57601
615 -21220 -57601
616 -21224 -57601
617 -21228 -57601
618 -21218 -57601
619 -21221 -57601
620 -21212 -57601
621 -21217 -57601
622 -21216 -57601
623 -21219 -57601
624 -21223 -57601
625 -21217 -57601
626 -21219 -57601
627 -21217 -57601
628 -21218 -57601
629 -21222 -57601
630 -21220 -57601
631 -21219 -57601
632 -21220 -57601
633 -21224 -57601
634 -21221 -57601
635 -21224 -57601
636 -21227 -57601
637 -21223 -57601
638 -21219 -57601
639 -21227 -57601
640 -21215 -57601
641 -21220 -57601
642 -21215 -57601
643 -21221 -57601
644 -21216 -57601
645 -21219 -57601
646 -21217 -57601
647 -21219 -57601
648 -21223 -57601
649 -21221 -57601
650 -21222 -57601
651 -21226 -57601
652 -21226 -57601
653 -21226 -57601
654 -21218 -57601
655 -21220 -57601
656 -21226 -57601
657 -21219 -57601
658 -21223 -57601
659 -21217 -57601
660 -21217 -57601
661 -21218 -57601
662 -21226 -57601
663 -21226 -57601
664 -21226 -57601
665 -21219 -57601
666 -21219 -57601
667 -21219 -57601
668 -21214 -57601
669 -21225 -57601
670 -21226 -57601
671 -21219 -57601
672 -21220 -57601
673 -21217 -57601
674 -21198 -57601
675 -21218 -57601
676 -21218 -57601
677 -21217 -57601
678 -21223 -57601
679 -21218 -57601
680 -21219 -57601
681 -21217 -57601
682 -21219 -57601
683 -21219 -57601
684 -21224 -57601
685 -21218 -57601
686 -21220 -57601
687 -21217 -57601
688 -21213 -57601
689 -21214 -57601
690 -21218 -57601
691 -21220 -57601
692 -21217 -57601
693 -21223 -57601
694 -21215 -57601
695 -21229 -57601
696 -21224 -57601
697 -21225 -57601
698 -21220 -57601
699 -21216 -57601
700 -21220 -57601
701 -21219 -57601
702 -21218 -57601
703 -21223 -57601
704 -21217 -57601
705 -21218 -57601
706 -21223 -57601
707 -21217 -57601
708 -21218 -57601
709 -21217 -57601
710 -21217 -57601
711 -21219 -57601
712 -21219 -57601
713 -21217 -57601
714 -21225 -57601
715 -21233 -57601
716 -21220 -57601
717 -21218 -57601
718 -21220 -57601
719 -21217 -57601
720 -21218 -57601
721 -21223 -57601
722 -21221 -57601
723 -21218 -57601
724 -21218 -57601
725 -21219 -57601
726 -21220 -57601
727 -21216 -57601
728 -21215 -57601
729 -21218 -57601
730 -21221 -57601
731 -21216 -57601
732 -21218 -57601
733 -21220 -57601
