0 -21215 -57601
1 -21214 -57601
2 -21222 -57601
3 -21216 -57601
4 -21217 -57601
5 -21217 -57601
6 -21218 -57601
7 -21214 -57601
8 -21214 -57601
9 -21216 -57601
10 -21215 -57601
11 -21216 -57601
12 -21212 -57601
13 -21217 -57601
14 -21217 -57601
15 -21217 -57601
16 -21213 -57601
17 -21218 -57601
18 -21212 -57601
19 -21216 -57601
20 -21219 -57601
21 -21215 -57601
22 -21220 -57601
23 -21217 -57601
24 -21221 -57601
25 -21217 -57601
26 -21216 -57601
27 -21219 -57601
28 -21218 -57601
29 -21215 -57601
30 -21218 -57601
31 -21217 -57601
32 -21214 -57601
33 -21218 -57601
34 -175 -57601
35 -21213 -57601
36 -21219 -57601
37 -21214 -57601
38 -21209 -57601
39 -21215 -57601
40 -21217 -57601
41 -21221 -57601
42 -21214 -57601
43 -21214 -57601
44 -21217 -57601
45 -21219 -57601
46 -21214 -57601
47 -21220 -57601
48 -21227 -57601
49 -21216 -57601
50 -21213 -57601
51 -21216 -57601
52 -21218 -57601
53 -21216 -57601
54 -21219 -57601
55 -21216 -57601
56 -21216 -57601
57 -21220 -57601
58 -21215 -57601
59 -21215 -57601
60 -21220 -57601
61 -21218 -57601
62 -21211 -57601
63 -21199 -57601
64 -21218 -57601
65 -21221 -57601
66 -21216 -57601
67 -21216 -57601
68 -21215 -57601
69 -21219 -57601
70 -21222 -57601
71 -21221 -57601
72 -21215 -57601
73 -21213 -57601
74 -21218 -57601
75 -21212 -57601
76 -21216 -57601
77 -21215 -57601
78 -21217 -57601
79 -21216 -57601
80 -21215 -57601
81 -21222 -57601
82 -21215 -57601
83 -21217 -57601
84 -21218 -57601
85 -21217 -57601
86 -21219 -57601
87 -21215 -57601
88 -21217 -57601
89 -21212 -57601
90 -21224 -57601
91 -21218 -57601
92 -21224 -57601
93 -21218 -57601
94 -21215 -57601
95 -21218 -57601
96 -21216 -57601
97 -21214 -57601
98 -21220 -57601
99 -21215 -57601
100 -21216 -57601
101 -21217 -57601
102 -21215 -57601
103 -21220 -57601
104 -21219 -57601
105 -21218 -57601
106 -21217 -57601
107 -21221 -57601
108 -21222 -57601
109 -21218 -57601
110 -21221 -57601
111 -21217 -57601
112 -21218 -57601
113 -21216 -57601
114 -21215 -57601
115 -21211 -57601
116 -21213 -57601
117 -21215 -57601
118 -21214 -57601
119 -21209 -57601
120 -21213 -57601
121 -21218 -57601
122 -21218 -57601
123 -21215 -57601
124 -21216 -57601
125 -21220 -57601
126 -21218 -57601
127 -21219 -57601
128 -21214 -57601
129 -21214 -57601
130 -21212 -57601
131 -21216 -57601
132 -21218 -57601
133 -21212 -57601
134 -21215 -57601
135 -21216 -57601
136 -21216 -57601
137 -21216 -57601
138 -21213 -57601
139 -21222 -57601
140 -21218 -57601
141 -21221 -57601
142 -21217 -57601
143 -21217 -57601
144 -21220 -57601
145 -21220 -57601
146 -21215 -57601
147 -21214 -57601
148 -21222 -57601
149 -21218 -57601
150 -21215 -57601
151 -21214 -57601
152 -21217 -57601
153 -21213 -57601
154 -21216 -57601
155 -21217 -57601
156 -21221 -57601
157 -21216 -57601
158 -21217 -57601
159 -21211 -57601
160 -21221 -57601
161 -21214 -57601
162 -21216 -57601
163 -21212 -57601
164 -21218 -57601
165 -21218 -57601
166 -21214 -57601
167 -21216 -57601
168 -21212 -57601
169 -21213 -57601
170 -21216 -57601
171 -21220 -57601
172 -21214 -57601
173 -21212 -57601
174 -21214 -57601
175 -21217 -57601
176 -21217 -57601
177 -21215 -57601
178 -21218 -57601
179 -21221 -57601
180 -21219 -57601
181 -21214 -57601
182 -21215 -57601
183 -21215 -57601
184 -21216 -57601
185 -21218 -57601
186 -21214 -57601
187 -21221 -57601
188 -21217 -57601
189 -21214 -57601
190 -21217 -57601
191 -21217 -57601
192 -21217 -57601
193 -21215 -57601
194 -21219 -57601
195 -21217 -57601
196 -21215 -57601
197 -21218 -57601
198 -21218 -57601
199 -21213 -57601
200 -21217 -57601
201 -21215 -57601
202 -21215 -57601
203 -21211 -57601
204 -21224 -57601
205 -21219 -57601
206 -21213 -57601
207 -21210 -57601
208 -21216 -57601
209 -21219 -57601
210 -21223 -57601
211 -21215 -57601
212 -21213 -57601
213 -21219 -57601
214 -21218 -57601
215 -21216 -57601
216 -21215 -57601
217 -21215 -57601
218 -21217 -57601
219 -21215 -57601
220 -21213 -57601
221 -21217 -57601
222 -21217 -57601
223 -21216 -57601
224 -21809 -57601
225 -21219 -57601
226 -21214 -57601
227 -21221 -57601
228 -21216 -57601
229 -21211 -57601
230 -21215 -57601
231 -21217 -57601
232 -21218 -57601
233 -21217 -57601
234 -21212 -57601
235 -21216 -57601
236 -21218 -57601
237 -21219 -57601
238 -21218 -57601
239 -21213 -57601
240 -21215 -57601
241 -21215 -57601
242 -21215 -57601
243 -21218 -57601
244 -21226 -57601
245 -21213 -57601
246 -21218 -57601
247 -21219 -57601
248 -21218 -57601
249 -21216 -57601
250 -21216 -57601
251 -21212 -57601
252 -21217 -57601
253 -21216 -57601
254 -21214 -57601
255 -21212 -57601
256 -21216 -57601
257 -21216 -57601
258 -21211 -57601
259 -21216 -57601
260 -21217 -57601
261 -21215 -57601
262 -21216 -57601
263 -21217 -57601
264 -21218 -57601
265 -21219 -57601
266 -21222 -57601
267 -21212 -57601
268 -21216 -57601
269 -21221 -57601
270 -21218 -57601
271 -21223 -57601
272 -21214 -57601
273 -21214 -57601
274 -21215 -57601
275 -21216 -57601
276 -21217 -57601
277 -21214 -57601
278 -21222 -57601
279 -21216 -57601
280 -21223 -57601
281 -21219 -57601
282 -21215 -57601
283 -21218 -57601
284 -21218 -57601
285 -21214 -57601
286 -21230 -57601
287 -21218 -57601
288 -21220 -57601
289 -21218 -57601
290 -21214 -57601
291 -21212 -57601
292 -21212 -57601
293 -21234 -57601
294 -21216 -57601
295 -21211 -57601
296 -21215 -57601
297 -21215 -57601
298 -21222 -57601
299 -21218 -57601
300 -21213 -57601
301 -21215 -57601
302 -21219 -57601
303 -21217 -57601
304 -21220 -57601
305 -21216 -57601
306 -21222 -57601
307 -21218 -57601
308 -21216 -57601
309 -21217 -57601
310 -21214 -57601
311 -21215 -57601
312 -21216 -57601
313 -21215 -57601
314 -21211 -57601
315 -21212 -57601
316 -21214 -57601
317 -21214 -57601
318 -21214 -57601
319 -21216 -57601
320 -21216 -57601
321 -21214 -57601
322 -21215 -57601
323 -21220 -57601
324 -21217 -57601
325 -21215 -57601
326 -21216 -57601
327 -21217 -57601
328 -21217 -57601
329 -21213 -57601
330 -21216 -57601
331 -21219 -57601
332 -21213 -57601
333 -21211 -57601
334 -21218 -57601
335 -21217 -57601
336 -21212 -57601
337 -21217 -57601
338 -21221 -57601
339 -21213 -57601
340 -21216 -57601
341 -21214 -57601
342 -21222 -57601
343 -21219 -57601
344 -21216 -57601
345 -21218 -57601
346 -21213 -57601
347 -21218 -57601
348 -21219 -57601
349 -21218 -57601
350 -21220 -57601
351 -21216 -57601
352 -21219 -57601
353 -21218 -57601
354 -21219 -57601
355 -21220 -57601
356 -21221 -57601
357 -21216 -57601
358 -21214 -57601
359 -21216 -57601
360 -21214 -57601
361 -170 -57601
362 -21221 -57601
363 -21222 -57601
364 -21218 -57601
365 -21213 -57601
366 -21215 -57601
367 -21221 -57601
368 -21216 -57601
369 -21217 -57601
370 -21220 -57601
371 -21215 -57601
372 3341 -57601
373 -21219 -57601
374 -21179 -57601
375 -21215 -57601
376 -21212 -57601
377 -21216 -57601
378 -21214 -57601
379 -21219 -57601
380 -21212 -57601
381 -21218 -57601
382 -21215 -57601
383 -21218 -57601
384 -21217 -57601
385 -21218 -57601
386 -21215 -57601
387 -21221 -57601
388 -21214 -57601
389 -21218 -57601
390 -21218 -57601
391 -21215 -57601
392 -21214 -57601
393 -21214 -57601
394 -21216 -57601
395 -21216 -57601
396 -21214 -57601
397 -21218 -57601
398 -21212 -57601
399 -21215 -57601
400 -21217 -57601
401 -21218 -57601
402 -21216 -57601
403 -21217 -57601
404 -21213 -57601
405 -21215 -57601
406 -21219 -57601
407 -21218 -57601
408 -21215 -57601
409 -21219 -57601
410 -21214 -57601
411 -21219 -57601
412 -21210 -57601
413 -21219 -57601
414 -21217 -57601
415 -21214 -57601
416 -21213 -57601
417 -21212 -57601
418 -21214 -57601
419 -21217 -57601
420 -21229 -57601
421 -21213 -57601
422 -21216 -57601
423 -21218 -57601
424 -21214 -57601
425 -21220 -57601
426 -21221 -57601
427 -21216 -57601
428 -21217 -57601
429 -21213 -57601
430 -21216 -57601
431 -21220 -57601
432 -21217 -57601
433 -21216 -57601
434 -21216 -57601
435 -21221 -57601
436 -21216 -57601
437 -21222 -57601
438 -21220 -57601
439 -21220 -57601
440 -21216 -57601
441 -21223 -57601
442 -21219 -57601
443 -21218 -57601
444 -21215 -57601
445 -21217 -57601
446 -21217 -57601
447 -21216 -57601
448 -21215 -57601
449 -21220 -57601
450 -21215 -57601
451 -21215 -57601
452 -21214 -57601
453 -21220 -57601
454 -21220 -57601
455 -21216 -57601
456 -21214 -57601
457 -21212 -57601
458 -21216 -57601
459 -21219 -57601
460 -21215 -57601
461 -21223 -57601
462 -21213 -57601
463 -21220 -57601
464 -21219 -57601
465 -21213 -57601
466 -21218 -57601
467 -21224 -57601
468 -21216 -57601
469 -21214 -57601
470 -21215 -57601
471 -21223 -57601
472 -21218 -57601
473 -21217 -57601
474 -21217 -57601
475 -21215 -57601
476 -21213 -57601
477 -21220 -57601
478 -21221 -57601
479 -21225 -57601
480 -21216 -57601
481 -21216 -57601
482 -21217 -57601
483 -21215 -57601
484 -21212 -57601
485 -21216 -57601
486 -21210 -57601
487 -21221 -57601
488 -21216 -57601
489 -21205 -57601
490 -21221 -57601
491 -21220 -57601
492 -21216 -57601
493 -21216 -57601
494 -21216 -57601
495 -21220 -57601
496 -21217 -57601
497 -21217 -57601
498 -21217 -57601
499 -21219 -57601
500 -21219 -57601
501 -21220 -57601
502 -21217 -57601
503 -21218 -57601
504 -21219 -57601
505 -21219 -57601
506 -21218 -57601
507 -21219 -57601
508 -21222 -57601
509 -21214 -57601
510 -21219 -57601
511 -21221 -57601
512 -21219 -57601
513 -21217 -57601
514 -21225 -57601
515 -21217 -57601
516 -21218 -57601
517 -21216 -57601
518 -21216 -57601
519 -21216 -57601
520 -21214 -57601
521 -21221 -57601
522 -21213 -57601
523 -21198 -57601
524 -21215 -57601
525 -21216 -57601
526 -21213 -57601
527 -21216 -57601
528 -21216 -57601
529 -21218 -57601
530 -21219 -57601
531 -21209 -57601
532 -21219 -57601
533 -21210 -57601
534 -21210 -57601
535 -21222 -57601
536 -21216 -57601
537 -21219 -57601
538 -21212 -57601
539 -21218 -57601
540 -21217 -57601
541 -21217 -57601
542 -21217 -57601
543 -21220 -57601
544 -21217 -57601
545 -21211 -57601
546 -21220 -57601
547 -21216 -57601
548 -21224 -57601
549 -21217 -57601
550 -21217 -57601
551 -21221 -57601
552 -21218 -57601
553 -21213 -57601
554 -21214 -57601
555 -21219 -57601
556 -21219 -57601
557 -21221 -57601
558 -21215 -57601
559 -21213 -57601
560 -21216 -57601
561 -21215 -57601
562 -21220 -57601
563 -21228 -57601
564 -21214 -57601
565 -21216 -57601
566 -21214 -57601
567 -21217 -57601
568 -21216 -57601
569 -21212 -57601
570 -21218 -57601
571 -21217 -57601
572 -21219 -57601
573 -21217 -57601
574 -21216 -57601
575 -21216 -57601
576 -21219 -57601
577 -21220 -57601
578 -21217 -57601
579 -21218 -57601
580 -21217 -57601
581 -21219 -57601
582 -21222 -57601
583 -21220 -57601
584 -21218 -57601
585 -21218 -57601
586 -21216 -57601
587 -21213 -57601
588 -21215 -57601
589 -21217 -57601
590 -21215 -57601
591 -21214 -57601
592 -21218 -57601
593 -21215 -57601
594 -21204 -57601
595 -21220 -57601
596 -21222 -57601
597 -21214 -57601
598 -21226 -57601
599 -21217 -57601
600 -21220 -57601
601 -21218 -57601
602 -21219 -57601
603 -21220 -57601
604 -21214 -57601
605 -21221 -57601
606 -21217 -57601
607 -21218 -57601
608 -21215 -57601
609 -21216 -57601
610 -21214 -57601
611 -21216 -57601
612 -21217 -57601
613 -21218 -57601
614 -21217 -57601
615 -21214 -57601
616 -21221 -57601
617 -21218 -57601
618 -21216 -57601
619 -21215 -57601
620 -21220 -57601
621 -21218 -57601
622 -21217 -57601
623 -21215 -57601
624 -21217 -57601
625 -21208 -57601
626 -21218 -57601
627 -21217 -57601
628 -21219 -57601
629 -21216 -57601
630 -21218 -57601
631 -21220 -57601
632 -21223 -57601
633 -21213 -57601
634 -21216 -57601
635 -21215 -57601
636 -21220 -57601
637 -21212 -57601
638 -21214 -57601
639 -21218 -57601
640 -21216 -57601
641 -21212 -57601
642 -21218 -57601
643 -21214 -57601
644 -21215 -57601
645 -21217 -57601
646 -21217 -57601
647 -21217 -57601
648 -21215 -57601
649 -21220 -57601
650 -21216 -57601
651 -21215 -57601
652 -21214 -57601
653 -21215 -57601
654 -21218 -57601
655 -21219 -57601
656 -21217 -57601
657 -21213 -57601
658 -21217 -57601
659 -21214 -57601
660 -21216 -57601
661 -21216 -57601
662 -21217 -57601
663 -21214 -57601
664 -21214 -57601
665 -21213 -57601
666 -21218 -57601
667 -21210 -57601
668 -21219 -57601
669 -21219 -57601
670 -21216 -57601
671 -21219 -57601
672 -21215 -57601
673 -21214 -57601
674 -21217 -57601
675 -21216 -57601
676 -21218 -57601
677 -21217 -57601
678 -21218 -57601
679 -21213 -57601
680 -21214 -57601
681 -21215 -57601
682 -21222 -57601
683 -21212 -57601
684 -21212 -57601
685 -21218 -57601
686 -21211 -57601
687 -21221 -57601
688 -21214 -57601
689 -21216 -57601
690 -21215 -57601
691 -21215 -57601
692 -21221 -57601
693 -21218 -57601
694 -21213 -57601
695 -21218 -57601
696 -21218 -57601
697 -21221 -57601
698 -21216 -57601
699 -21220 -57601
700 -21213 -57601
701 -21216 -57601
702 -21218 -57601
703 -21220 -57601
704 -21215 -57601
705 -21217 -57601
706 -21221 -57601
707 -21216 -57601
708 -21217 -57601
709 -21215 -57601
710 -21217 -57601
711 -21219 -57601
712 -21215 -57601
713 -21214 -57601
714 -21217 -57601
715 -21214 -57601
716 -21218 -57601
717 -21212 -57601
718 -21214 -57601
719 -21222 -57601
720 -21204 -57601
721 -21228 -57601
722 -21212 -57601
723 -21216 -57601
724 -21214 -57601
725 -21220 -57601
726 -21214 -57601
727 -21214 -57601
728 -21216 -57601
729 -21216 -57601
730 -21219 -57601
731 -21217 -57601
