0 -21212 -57601
1 -21212 -57601
2 -21214 -57601
3 -21218 -57601
4 -21214 -57601
5 -21220 -57601
6 -21213 -57601
7 -21216 -57601
8 -21212 -57601
9 -21213 -57601
10 -21212 -57601
11 -21216 -57601
12 -21212 -57601
13 -21213 -57601
14 -21214 -57601
15 -21223 -57601
16 -21212 -57601
17 -21213 -57601
18 -21217 -57601
19 -21220 -57601
20 -21217 -57601
21 -21213 -57601
22 -21211 -57601
23 -21209 -57601
24 3422 -57601
25 -14223 -57601
26 -21216 -57601
27 -21214 -57601
28 -21216 -57601
29 -21216 -57601
30 -21220 -57601
31 -21217 -57601
32 -21224 -57601
33 -21212 -57601
34 -21213 -57601
35 -21216 -57601
36 -21213 -57601
37 -21214 -57601
38 -21214 -57601
39 -21219 -57601
40 -21220 -57601
41 -21213 -57601
42 -21219 -57601
43 -21216 -57601
44 -21220 -57601
45 -21219 -57601
46 -21219 -57601
47 -21216 -57601
48 -21215 -57601
49 -21217 -57601
50 -21218 -57601
51 -21214 -57601
52 -21211 -57601
53 -21216 -57601
54 -21215 -57601
55 -21217 -57601
56 -21217 -57601
57 -21215 -57601
58 -21212 -57601
59 -21212 -57601
60 -21219 -57601
61 -21216 -57601
62 -21218 -57601
63 -21214 -57601
64 -21221 -57601
65 -21215 -57601
66 -21228 -57601
67 -21215 -57601
68 -21212 -57601
69 -21213 -57601
70 -21219 -57601
71 -21215 -57601
72 -21217 -57601
73 -21214 -57601
74 -21212 -57601
75 -21215 -57601
76 -21219 -57601
77 -21216 -57601
78 -21217 -57601
79 -21218 -57601
80 -21212 -57601
81 -21219 -57601
82 -21213 -57601
83 -21217 -57601
84 -21215 -57601
85 -21212 -57601
86 -21224 -57601
87 -21216 -57601
88 -21216 -57601
89 -21215 -57601
90 -21213 -57601
91 -21219 -57601
92 -21220 -57601
93 -21210 -57601
94 -21212 -57601
95 -21212 -57601
96 -21217 -57601
97 -21213 -57601
98 -21212 -57601
99 -21217 -57601
100 -21218 -57601
101 -21217 -57601
102 -21216 -57601
103 -21221 -57601
104 -21217 -57601
105 -21219 -57601
106 -21241 -57601
107 -21218 -57601
108 -21227 -57601
109 -21212 -57601
110 -21212 -57601
111 -21210 -57601
112 -21225 -57601
113 -21210 -57601
114 -21212 -57601
115 -21216 -57601
116 -21217 -57601
117 -21216 -57601
118 -21214 -57601
119 -21216 -57601
120 -21212 -57601
121 -21216 -57601
122 -21217 -57601
123 -21217 -57601
124 -21216 -57601
125 -21222 -57601
126 -21215 -57601
127 -21219 -57601
128 -21214 -57601
129 -21218 -57601
130 -21217 -57601
131 -21216 -57601
132 -21210 -57601
133 -21211 -57601
134 -21214 -57601
135 -21213 -57601
136 -21212 -57601
137 -21215 -57601
138 -21218 -57601
139 -21213 -57601
140 -21219 -57601
141 -21212 -57601
142 -21213 -57601
143 -21211 -57601
144 -21219 -57601
145 -21218 -57601
146 -21218 -57601
147 -21218 -57601
148 -21218 -57601
149 -21216 -57601
150 -21212 -57601
151 -21231 -57601
152 -21221 -57601
153 -21212 -57601
154 -21211 -57601
155 -21209 -57601
156 -21217 -57601
157 -21213 -57601
158 -21220 -57601
159 -21217 -57601
160 -21217 -57601
161 -21221 -57601
162 -21215 -57601
163 -21243 -57601
164 -21218 -57601
165 -21219 -57601
166 -21217 -57601
167 -21213 -57601
168 -21213 -57601
169 -21214 -57601
170 -21220 -57601
171 -21211 -57601
172 -21218 -57601
173 -21214 -57601
174 -21216 -57601
175 -21217 -57601
176 -21213 -57601
177 -21220 -57601
178 -21216 -57601
179 -21218 -57601
180 -21233 -57601
181 -21219 -57601
182 -21213 -57601
183 -21220 -57601
184 -21220 -57601
185 -21210 -57601
186 -21213 -57601
187 -21214 -57601
188 -21213 -57601
189 -21217 -57601
190 -21218 -57601
191 -21215 -57601
192 -21214 -57601
193 -21239 -57601
194 -21212 -57601
195 -21215 -57601
196 -21217 -57601
197 -21211 -57601
198 -21214 -57601
199 -21215 -57601
200 -21211 -57601
201 -21219 -57601
202 -21212 -57601
203 -21216 -57601
204 -21227 -57601
205 -21219 -57601
206 -21219 -57601
207 -21215 -57601
208 -21215 -57601
209 -21207 -57601
210 -21217 -57601
211 -21212 -57601
212 -21215 -57601
213 -21216 -57601
214 -21216 -57601
215 -21212 -57601
216 -21221 -57601
217 -21215 -57601
218 -21216 -57601
219 -21215 -57601
220 -21217 -57601
221 -21216 -57601
222 -21213 -57601
223 -21217 -57601
224 -21220 -57601
225 -21211 -57601
226 -21215 -57601
227 -21218 -57601
228 -21217 -57601
229 -21214 -57601
230 -21214 -57601
231 -21220 -57601
232 -21219 -57601
233 -21216 -57601
234 -21215 -57601
235 -21217 -57601
236 -21215 -57601
237 -21220 -57601
238 -21214 -57601
239 -21212 -57601
240 -21223 -57601
241 -21215 -57601
242 -21222 -57601
243 -21219 -57601
244 -21213 -57601
245 -21211 -57601
246 -21222 -57601
247 -21212 -57601
248 -21219 -57601
249 -21212 -57601
250 -21223 -57601
251 -21216 -57601
252 -21219 -57601
253 -21216 -57601
254 -21213 -57601
255 -21219 -57601
256 -21210 -57601
257 -21219 -57601
258 -21194 -57601
259 -21217 -57601
260 6853 -57601
261 -21218 -57601
262 -21213 -57601
263 -21217 -57601
264 -21221 -57601
265 -21212 -57601
266 -21223 -57601
267 -21218 -57601
268 -21220 -57601
269 -21214 -57601
270 -21216 -57601
271 -21217 -57601
272 -21213 -57601
273 -21207 -57601
274 -21214 -57601
275 -21212 -57601
276 -21213 -57601
277 -21217 -57601
278 -21218 -57601
279 -21218 -57601
280 -21222 -57601
281 -21220 -57601
282 -21219 -57601
283 -21214 -57601
284 -21211 -57601
285 -21212 -57601
286 -21219 -57601
287 -21214 -57601
288 -21216 -57601
289 -21221 -57601
290 -21216 -57601
291 -21214 -57601
292 -21217 -57601
293 -21218 -57601
294 -21222 -57601
295 -21217 -57601
296 -21213 -57601
297 -21215 -57601
298 -21214 -57601
299 -21224 -57601
300 -21213 -57601
301 -21217 -57601
302 -21213 -57601
303 -21222 -57601
304 -21219 -57601
305 -21217 -57601
306 -21217 -57601
307 -21216 -57601
308 -21222 -57601
309 -21225 -57601
310 -21212 -57601
311 -21224 -57601
312 -21210 -57601
313 -21214 -57601
314 -21219 -57601
315 -21218 -57601
316 -21214 -57601
317 -21214 -57601
318 -21216 -57601
319 -21216 -57601
320 -21216 -57601
321 -21217 -57601
322 -21217 -57601
323 -21218 -57601
324 -21217 -57601
325 -21218 -57601
326 -21218 -57601
327 -21219 -57601
328 -21228 -57601
329 -21216 -57601
330 -21223 -57601
331 -21222 -57601
332 -21219 -57601
333 -21221 -57601
334 -21212 -57601
335 -21216 -57601
336 -21211 -57601
337 -21220 -57601
338 -21216 -57601
339 -21217 -57601
340 -21220 -57601
341 -21222 -57601
342 -21223 -57601
343 -21217 -57601
344 -21216 -57601
345 -21243 -57601
346 -21213 -57601
347 -21216 -57601
348 -21214 -57601
349 -21214 -57601
350 -21215 -57601
351 -21214 -57601
352 -21215 -57601
353 -21214 -57601
354 -21215 -57601
355 -21218 -57601
356 6761 -57601
357 -21215 -57601
358 -21213 -57601
359 -21223 -57601
360 -21217 -57601
361 -21210 -57601
362 -21219 -57601
363 -21212 -57601
364 -21214 -57601
365 -21215 -57601
366 -21216 -57601
367 -21216 -57601
368 -21218 -57601
369 -21221 -57601
370 -21213 -57601
371 -21213 -57601
372 -21213 -57601
373 -21211 -57601
374 -21213 -57601
375 -21227 -57601
376 -21223 -57601
377 -21215 -57601
378 -21216 -57601
379 -21218 -57601
380 -21214 -57601
381 -21219 -57601
382 -21216 -57601
383 -21218 -57601
384 -21220 -57601
385 -21217 -57601
386 -21213 -57601
387 -21214 -57601
388 -21218 -57601
389 -21215 -57601
390 -21219 -57601
391 -21214 -57601
392 -21217 -57601
393 -3727 -57601
394 -21215 -57601
395 -21216 -57601
396 -21218 -57601
397 -21218 -57601
398 -21215 -57601
399 -21215 -57601
400 -21221 -57601
401 -21211 -57601
402 -21211 -57601
403 -21216 -57601
404 -21212 -57601
405 -21216 -57601
406 -21214 -57601
407 -21212 -57601
408 -21216 -57601
409 -21219 -57601
410 -21216 -57601
411 -21217 -57601
412 -21219 -57601
413 -21219 -57601
414 -21218 -57601
415 -21219 -57601
416 -21218 -57601
417 -21216 -57601
418 -21212 -57601
419 -21217 -57601
420 -21211 -57601
421 -21223 -57601
422 -21219 -57601
423 -21218 -57601
424 -21210 -57601
425 -21218 -57601
426 -21216 -57601
427 -21224 -57601
428 -21216 -57601
429 -21215 -57601
430 -21216 -57601
431 -21218 -57601
432 -21225 -57601
433 -21219 -57601
434 -21211 -57601
435 -21213 -57601
436 -21213 -57601
437 -21219 -57601
438 -21217 -57601
439 -21221 -57601
440 -21210 -57601
441 -21214 -57601
442 -21212 -57601
443 -21216 -57601
444 -21215 -57601
445 -21216 -57601
446 -21218 -57601
447 -21217 -57601
448 -21219 -57601
449 -21210 -57601
450 -21211 -57601
451 -21212 -57601
452 -21218 -57601
453 -21221 -57601
454 -21219 -57601
455 -21213 -57601
456 -21216 -57601
457 -21213 -57601
458 -21221 -57601
459 -21215 -57601
460 -21217 -57601
461 -21216 -57601
462 -21212 -57601
463 -21223 -57601
464 -21222 -57601
465 -21221 -57601
466 -21216 -57601
467 -21218 -57601
468 -21215 -57601
469 -21213 -57601
470 -21214 -57601
471 -21212 -57601
472 -21214 -57601
473 -21216 -57601
474 -21210 -57601
475 -21214 -57601
476 -21220 -57601
477 -21218 -57601
478 -21215 -57601
479 -21223 -57601
480 -21219 -57601
481 -21218 -57601
482 -21218 -57601
483 -21224 -57601
484 -21216 -57601
485 -21219 -57601
486 -21219 -57601
487 -21220 -57601
488 -21215 -57601
489 -21222 -57601
490 -21212 -57601
491 -21213 -57601
492 -21216 -57601
493 -21225 -57601
494 -21214 -57601
495 -21213 -57601
496 -21217 -57601
497 -21220 -57601
