0 -21214 -57601
1 -21217 -57601
2 -21211 -57601
3 -21215 -57601
4 -21215 -57601
5 -21218 -57601
6 -21215 -57601
7 -21214 -57601
8 -21212 -57601
9 -21216 -57601
10 -21200 -57601
11 -21222 -57601
12 -21214 -57601
13 -21215 -57601
14 -21216 -57601
15 -21220 -57601
16 -21220 -57601
17 -21215 -57601
18 -21222 -57601
19 -21215 -57601
20 -21213 -57601
21 -21213 -57601
22 -21213 -57601
23 -21218 -57601
24 -21222 -57601
25 -21216 -57601
26 -21217 -57601
27 -21214 -57601
28 -21214 -57601
29 -21210 -57601
30 -21217 -57601
31 -21221 -57601
32 -21210 -57601
33 -21214 -57601
34 -21219 -57601
35 -21219 -57601
36 -21217 -57601
37 -21215 -57601
38 -21219 -57601
39 -21214 -57601
40 -21216 -57601
41 -21218 -57601
42 -21222 -57601
43 -21217 -57601
44 -21212 -57601
45 -21211 -57601
46 -21215 -57601
47 -21210 -57601
48 -21214 -57601
49 -21221 -57601
50 -21215 -57601
51 -21214 -57601
52 -21221 -57601
53 -21214 -57601
54 -21214 -57601
55 -21218 -57601
56 -21219 -57601
57 -21220 -57601
58 -21215 -57601
59 -21218 -57601
60 -21219 -57601
61 -21213 -57601
62 -21222 -57601
63 -21215 -57601
64 -21218 -57601
65 -21216 -57601
66 -21215 -57601
67 -21210 -57601
68 -21213 -57601
69 -21221 -57601
70 -21215 -57601
71 -21217 -57601
72 -21213 -57601
73 -21213 -57601
74 -21220 -57601
75 -21218 -57601
76 -21212 -57601
77 -21213 -57601
78 -21213 -57601
79 -21214 -57601
80 -21215 -57601
81 -21216 -57601
82 -21214 -57601
83 -21217 -57601
84 -21216 -57601
85 -21218 -57601
86 -21213 -57601
87 -21213 -57601
88 -21218 -57601
89 -21217 -57601
90 -21210 -57601
91 -21213 -57601
92 -21223 -57601
93 -21216 -57601
94 -21208 -57601
95 -21213 -57601
96 -21213 -57601
97 -21218 -57601
98 -21218 -57601
99 -21214 -57601
100 -21220 -57601
101 -21219 -57601
102 -21213 -57601
103 -21213 -57601
104 -21216 -57601
105 -21225 -57601
106 -21211 -57601
107 -21218 -57601
108 -21212 -57601
109 -21211 -57601
110 -21214 -57601
111 -21221 -57601
112 -21209 -57601
113 -21212 -57601
114 -21219 -57601
115 -21215 -57601
116 -21215 -57601
117 -3677 -57601
118 -21211 -57601
119 -21211 -57601
120 -21211 -57601
121 -21217 -57601
122 -21217 -57601
123 -21220 -57601
124 -21216 -57601
125 -21216 -57601
126 -21216 -57601
127 -21213 -57601
128 -21222 -57601
129 -21211 -57601
130 -21218 -57601
131 -21219 -57601
132 -21212 -57601
133 -21214 -57601
134 -21214 -57601
135 -21212 -57601
136 -21214 -57601
137 -21221 -57601
138 -21215 -57601
139 -21218 -57601
140 -21216 -57601
141 -21235 -57601
142 -21216 -57601
143 -21215 -57601
144 -21220 -57601
145 -21215 -57601
146 -21218 -57601
147 -21219 -57601
