0 -21209 -57601
1 -21212 -57601
2 -21211 -57601
3 -21218 -57601
4 -21211 -57601
5 -21213 -57601
6 -21216 -57601
7 -21216 -57601
8 -21213 -57601
9 -21214 -57601
10 -21212 -57601
11 -21216 -57601
12 -21211 -57601
13 -21210 -57601
14 -21215 -57601
15 -21214 -57601
16 -21218 -57601
17 -21212 -57601
18 -21215 -57601
19 -21215 -57601
20 -21211 -57601
21 -21213 -57601
22 -21219 -57601
23 -21218 -57601
24 -21214 -57601
25 -21218 -57601
26 -21215 -57601
27 -21216 -57601
28 -21215 -57601
29 -21214 -57601
30 -21216 -57601
31 -21216 -57601
32 -21215 -57601
33 -21210 -57601
34 -21211 -57601
35 -21219 -57601
36 -21213 -57601
37 -21216 -57601
38 -21210 -57601
39 -21210 -57601
40 -21210 -57601
41 -21216 -57601
42 -21218 -57601
43 -21212 -57601
44 -21213 -57601
45 -21210 -57601
46 -21207 -57601
47 -21216 -57601
48 -21209 -57601
49 -21212 -57601
50 -21212 -57601
51 -21213 -57601
52 -21210 -57601
53 -21212 -57601
54 -21217 -57601
55 -21209 -57601
56 -21215 -57601
57 -21215 -57601
58 -21215 -57601
59 -21211 -57601
60 -21215 -57601
61 -21213 -57601
62 -21211 -57601
63 -21213 -57601
64 -21213 -57601
65 -21215 -57601
66 -21203 -57601
67 -21214 -57601
68 -21212 -57601
69 -21209 -57601
70 -21213 -57601
71 -21215 -57601
72 -21214 -57601
73 -21214 -57601
74 -21211 -57601
75 -21216 -57601
76 -21216 -57601
77 -21220 -57601
78 -21212 -57601
79 -21213 -57601
80 -21216 -57601
81 -21217 -57601
82 -21223 -57601
83 -21210 -57601
84 -21213 -57601
85 -21213 -57601
86 -21219 -57601
87 -21210 -57601
88 -21216 -57601
89 -21215 -57601
90 -21213 -57601
91 -21210 -57601
92 -21213 -57601
93 -21215 -57601
94 -21215 -57601
95 -21214 -57601
96 -21216 -57601
97 6931 -57601
98 -21212 -57601
99 -21217 -57601
100 -21217 -57601
101 -21213 -57601
102 -21213 -57601
103 -21219 -57601
104 -21213 -57601
105 -21216 -57601
106 -21215 -57601
107 -21212 -57601
108 -21209 -57601
109 -21210 -57601
110 -21214 -57601
111 -21217 -57601
112 -21212 -57601
113 -21220 -57601
114 -21216 -57601
115 -21214 -57601
116 -21212 -57601
117 -21211 -57601
118 -21208 -57601
119 -21203 -57601
120 -21213 -57601
121 -21216 -57601
122 -21217 -57601
123 -21208 -57601
124 -21213 -57601
125 -21216 -57601
126 -21210 -57601
127 -21217 -57601
128 -21214 -57601
129 -21216 -57601
130 -21214 -57601
131 -21213 -57601
132 -21217 -57601
133 -21215 -57601
134 -21210 -57601
135 -21214 -57601
136 -21213 -57601
137 -21214 -57601
138 -21212 -57601
139 -21214 -57601
140 -21214 -57601
141 -21213 -57601
142 -21220 -57601
143 -21210 -57601
144 -21212 -57601
145 -21215 -57601
146 -21216 -57601
147 -21216 -57601
148 -21212 -57601
149 -21214 -57601
150 -21215 -57601
151 -21212 -57601
152 -21211 -57601
153 -21213 -57601
154 -21212 -57601
155 -21213 -57601
156 -21215 -57601
157 -21214 -57601
158 -21212 -57601
159 -21212 -57601
160 -21214 -57601
161 -21213 -57601
162 -21212 -57601
163 -21216 -57601
164 -21213 -57601
165 -21232 -57601
166 -21215 -57601
167 -21213 -57601
168 -21212 -57601
169 -21211 -57601
170 -21211 -57601
171 -21214 -57601
172 -21210 -57601
173 -21214 -57601
174 -21211 -57601
175 -21215 -57601
176 -21216 -57601
177 -21218 -57601
178 -21216 -57601
179 -21211 -57601
180 -21213 -57601
181 -21214 -57601
182 -21217 -57601
183 -21214 -57601
184 -21211 -57601
185 -21215 -57601
186 -21217 -57601
187 -21215 -57601
188 -21211 -57601
189 -21212 -57601
190 -21213 -57601
191 -21216 -57601
192 -21212 -57601
193 -21217 -57601
194 -21212 -57601
195 -21214 -57601
196 -21215 -57601
197 -21212 -57601
198 -21189 -57601
199 -21217 -57601
200 -21211 -57601
201 -21216 -57601
202 -21210 -57601
203 -21214 -57601
204 -21213 -57601
205 -21217 -57601
206 -21211 -57601
207 -21216 -57601
208 -21213 -57601
209 -21212 -57601
210 -21215 -57601
211 -21212 -57601
212 -21213 -57601
213 -21214 -57601
214 -21215 -57601
215 -21200 -57601
216 -21215 -57601
217 -21209 -57601
218 -21211 -57601
219 -21214 -57601
220 -21215 -57601
221 -21208 -57601
222 -21211 -57601
223 -21215 -57601
224 -21211 -57601
225 -21262 -57601
226 -21214 -57601
227 -21213 -57601
228 -21213 -57601
229 -21214 -57601
230 -21212 -57601
231 -21204 -57601
232 -21212 -57601
233 -21209 -57601
234 -21212 -57601
235 -21215 -57601
236 -21216 -57601
237 -21211 -57601
238 -21221 -57601
239 -21212 -57601
240 -21214 -57601
241 -21214 -57601
242 -21210 -57601
243 -21210 -57601
244 -21211 -57601
245 -21198 -57601
246 -21219 -57601
247 -21212 -57601
248 -21213 -57601
249 -21212 -57601
250 -21215 -57601
251 -21211 -57601
252 -21215 -57601
253 -21213 -57601
254 -21212 -57601
255 -21214 -57601
256 -21209 -57601
257 -21215 -57601
258 -21214 -57601
259 -21216 -57601
260 -21215 -57601
261 -21215 -57601
262 -21215 -57601
263 -21212 -57601
264 -21240 -57601
265 -21210 -57601
266 -21216 -57601
267 -21213 -57601
268 -21212 -57601
269 -21212 -57601
270 -21213 -57601
271 -21218 -57601
272 -21213 -57601
273 -21215 -57601
274 -21215 -57601
275 -21216 -57601
276 -21212 -57601
277 -21221 -57601
278 -21214 -57601
279 -21213 -57601
280 -21214 -57601
281 -21215 -57601
282 -21211 -57601
283 -21211 -57601
284 -21212 -57601
285 -21216 -57601
286 -21217 -57601
287 -21216 -57601
288 -21216 -57601
289 -21215 -57601
290 -21213 -57601
291 -21213 -57601
292 -21213 -57601
293 -21209 -57601
294 -21212 -57601
295 -21214 -57601
296 -21201 -57601
297 -21209 -57601
298 -21212 -57601
299 -21208 -57601
300 -21216 -57601
301 -21213 -57601
302 -21215 -57601
303 -21213 -57601
304 -21207 -57601
305 -21215 -57601
306 -21218 -57601
307 -21211 -57601
308 -21215 -57601
309 -21217 -57601
310 -21206 -57601
311 -21224 -57601
312 -21220 -57601
313 -21212 -57601
314 -21214 -57601
315 -21219 -57601
316 -21210 -57601
317 -21207 -57601
318 -21212 -57601
319 -21212 -57601
320 -21212 -57601
321 -21213 -57601
322 -21210 -57601
323 -21218 -57601
324 -21216 -57601
325 -21209 -57601
326 -21214 -57601
327 -21216 -57601
328 -21211 -57601
329 -21212 -57601
330 -21210 -57601
331 -21214 -57601
332 -21215 -57601
333 -21212 -57601
334 -21216 -57601
335 -21256 -57601
336 -21216 -57601
337 -21215 -57601
338 -21214 -57601
339 -21215 -57601
340 -21212 -57601
341 -21213 -57601
342 -21212 -57601
343 -21217 -57601
344 -21220 -57601
345 -21207 -57601
346 -21220 -57601
347 -21213 -57601
348 -21216 -57601
349 -21217 -57601
350 -21215 -57601
351 -21212 -57601
352 -21212 -57601
353 -21213 -57601
354 -21216 -57601
355 -21222 -57601
356 -21214 -57601
357 -21211 -57601
358 -21215 -57601
359 -21207 -57601
360 -21210 -57601
361 -21216 -57601
362 -21210 -57601
363 -21213 -57601
364 -21212 -57601
365 -21224 -57601
366 -21207 -57601
367 -21216 -57601
368 -21211 -57601
369 -21214 -57601
370 -21207 -57601
371 -21215 -57601
372 -21216 -57601
373 -21214 -57601
374 -21219 -57601
375 -21211 -57601
376 -21214 -57601
377 -21213 -57601
378 -21218 -57601
379 -21213 -57601
380 -21212 -57601
381 -21215 -57601
382 -21217 -57601
383 -21213 -57601
384 -21211 -57601
385 -21215 -57601
386 -21216 -57601
387 -21208 -57601
388 -21211 -57601
389 -21211 -57601
390 -21215 -57601
391 -21209 -57601
392 -21209 -57601
393 -21211 -57601
394 -21213 -57601
395 -21212 -57601
396 -21216 -57601
397 -21213 -57601
398 -21212 -57601
399 -21215 -57601
400 -21215 -57601
401 -21216 -57601
402 -21213 -57601
403 -21215 -57601
404 -21218 -57601
405 -21210 -57601
406 -21212 -57601
407 -21210 -57601
408 -21211 -57601
409 -21210 -57601
410 -21215 -57601
411 -21214 -57601
412 -21218 -57601
413 -21214 -57601
414 -21207 -57601
415 -21214 -57601
416 -21212 -57601
417 -21214 -57601
418 -21209 -57601
419 -21213 -57601
420 -21219 -57601
421 -21227 -57601
422 -21213 -57601
423 -21217 -57601
424 -21211 -57601
425 -21214 -57601
426 -21214 -57601
427 -21210 -57601
428 -21215 -57601
429 -21215 -57601
430 -21215 -57601
431 -21213 -57601
432 -21215 -57601
433 -21213 -57601
434 -21216 -57601
435 -21219 -57601
436 -21212 -57601
437 -21217 -57601
438 -21218 -57601
439 -21214 -57601
440 -21213 -57601
441 -21215 -57601
442 -21212 -57601
443 -21216 -57601
444 -21212 -57601
445 -21222 -57601
446 -21216 -57601
447 -21211 -57601
448 -21211 -57601
449 -21213 -57601
450 -216 -57601
451 -21211 -57601
452 -21212 -57601
453 -21218 -57601
454 -21216 -57601
455 -21215 -57601
456 -21217 -57601
457 -21213 -57601
458 -21214 -57601
459 -21215 -57601
460 -21213 -57601
461 -21217 -57601
462 -21215 -57601
463 -21962 -57601
464 -21216 -57601
465 -21210 -57601
466 -21213 -57601
467 -21215 -57601
468 -21212 -57601
469 -21214 -57601
470 -21209 -57601
471 -21211 -57601
472 -21209 -57601
473 -21216 -57601
474 -21212 -57601
475 -21217 -57601
476 -21214 -57601
477 -21215 -57601
478 -21212 -57601
479 -21214 -57601
480 -21219 -57601
481 -21217 -57601
482 -21214 -57601
483 -21215 -57601
484 -21214 -57601
485 -21212 -57601
486 -21214 -57601
487 -21212 -57601
488 -21216 -57601
489 -21214 -57601
490 -21209 -57601
491 -21213 -57601
492 -21212 -57601
493 -21216 -57601
494 -21210 -57601
495 -21214 -57601
496 -21212 -57601
497 -21215 -57601
498 -21213 -57601
499 -21210 -57601
500 -21220 -57601
501 -21221 -57601
502 -21216 -57601
503 -21213 -57601
504 -21210 -57601
505 -21214 -57601
506 -21213 -57601
507 -21211 -57601
508 -21212 -57601
509 -21213 -57601
510 -21215 -57601
511 -21217 -57601
512 -21213 -57601
513 -21216 -57601
514 -21216 -57601
515 -21211 -57601
516 -21208 -57601
517 -21217 -57601
518 -21213 -57601
519 -21208 -57601
520 -21222 -57601
521 -21217 -57601
522 -21218 -57601
523 -21210 -57601
524 -21213 -57601
525 -21213 -57601
526 -21216 -57601
527 -21209 -57601
528 -21213 -57601
529 -21209 -57601
530 -21212 -57601
531 -21214 -57601
532 -21214 -57601
533 -21212 -57601
534 -21198 -57601
535 -21212 -57601
536 -21214 -57601
537 -21216 -57601
538 -21212 -57601
539 -21215 -57601
540 -21215 -57601
541 -21211 -57601
542 -21212 -57601
543 -21213 -57601
544 -21223 -57601
545 -21213 -57601
546 -21214 -57601
547 -21213 -57601
548 -21215 -57601
549 -21214 -57601
550 -21211 -57601
551 -21213 -57601
552 -21211 -57601
553 -21216 -57601
554 -21213 -57601
555 -21211 -57601
556 -21215 -57601
557 -21209 -57601
558 -21213 -57601
559 -21214 -57601
560 -21212 -57601
561 -21215 -57601
562 -21213 -57601
563 -21213 -57601
564 -21213 -57601
565 -21213 -57601
566 -21223 -57601
567 -21216 -57601
568 -21211 -57601
569 -21215 -57601
570 -21211 -57601
571 -21213 -57601
572 -21214 -57601
573 -21211 -57601
574 -21211 -57601
575 -21211 -57601
576 -21216 -57601
577 -21212 -57601
578 -21214 -57601
579 -21219 -57601
580 -21213 -57601
581 -21213 -57601
582 -21212 -57601
583 -21212 -57601
584 -21212 -57601
585 -21214 -57601
586 -21217 -57601
587 -21212 -57601
588 -21214 -57601
589 -21213 -57601
590 -21212 -57601
591 -21215 -57601
592 -21214 -57601
593 -21210 -57601
594 -21214 -57601
595 -184 -57601
596 -21212 -57601
597 -21211 -57601
598 -21214 -57601
599 -21211 -57601
600 -21209 -57601
601 -21209 -57601
602 -21214 -57601
603 -21213 -57601
604 -21216 -57601
605 -21216 -57601
606 -21213 -57601
607 -21216 -57601
608 -21215 -57601
609 -21212 -57601
610 -21210 -57601
611 -21214 -57601
612 -21213 -57601
613 -21210 -57601
614 -21209 -57601
615 -21217 -57601
616 -21210 -57601
617 -21211 -57601
618 -21211 -57601
619 -21212 -57601
620 -21217 -57601
621 -21212 -57601
622 -21215 -57601
623 -21210 -57601
624 -21211 -57601
625 -21213 -57601
626 -21211 -57601
627 -21218 -57601
628 -21213 -57601
629 -21214 -57601
630 -21218 -57601
631 -21208 -57601
632 -21216 -57601
633 -21214 -57601
634 -21214 -57601
635 -21214 -57601
636 -21213 -57601
637 -21211 -57601
638 -21214 -57601
639 -21212 -57601
640 -21212 -57601
641 -21213 -57601
642 -21212 -57601
643 -21212 -57601
644 -21210 -57601
645 -21217 -57601
646 -21218 -57601
647 -21212 -57601
648 -21212 -57601
649 -21236 -57601
650 -21213 -57601
651 -21214 -57601
652 -21209 -57601
653 -21216 -57601
654 -21209 -57601
655 -21210 -57601
656 -21213 -57601
657 -21212 -57601
658 -21201 -57601
659 -21213 -57601
660 -21211 -57601
661 -21215 -57601
662 -21215 -57601
663 -21216 -57601
664 -21215 -57601
665 -21218 -57601
666 -21213 -57601
667 -21216 -57601
668 -21212 -57601
669 -21212 -57601
670 -21214 -57601
671 -21210 -57601
672 -21214 -57601
673 -21216 -57601
674 -21216 -57601
675 -21212 -57601
676 -21214 -57601
677 -21211 -57601
678 -21219 -57601
679 -21212 -57601
680 -21215 -57601
681 -21214 -57601
682 -21208 -57601
683 -21215 -57601
684 -21210 -57601
685 -21215 -57601
686 -21212 -57601
687 -21214 -57601
688 -21212 -57601
689 -21211 -57601
690 -21216 -57601
691 -21213 -57601
692 -21210 -57601
693 -21212 -57601
694 -21211 -57601
695 -21211 -57601
696 -21215 -57601
697 -21210 -57601
698 -21211 -57601
699 -21224 -57601
700 -21209 -57601
701 -21211 -57601
702 -21215 -57601
703 -21216 -57601
704 -21214 -57601
705 -21209 -57601
706 -21211 -57601
707 -21220 -57601
708 -21213 -57601
709 -21219 -57601
710 -21211 -57601
711 -21215 -57601
712 -21215 -57601
713 -21214 -57601
714 -21215 -57601
715 -21213 -57601
716 -21215 -57601
717 -21217 -57601
718 -21215 -57601
719 -21209 -57601
720 -21212 -57601
721 -21213 -57601
722 -21211 -57601
723 -21162 -57601
724 -21216 -57601
725 -21212 -57601
726 -21217 -57601
727 -21214 -57601
728 -21213 -57601
729 -21215 -57601
730 -21213 -57601
731 -21215 -57601
732 -21211 -57601
733 -21215 -57601
734 -21212 -57601
735 -21238 -57601
736 -21216 -57601
737 -21213 -57601
738 -21214 -57601
739 -21211 -57601
740 -21210 -57601
741 -21208 -57601
742 -21215 -57601
743 -21216 -57601
744 -21214 -57601
745 -21213 -57601
746 -21213 -57601
747 -21214 -57601
748 -21215 -57601
749 -21214 -57601
750 -21211 -57601
751 -21213 -57601
752 -21218 -57601
753 -21209 -57601
754 -21216 -57601
755 -21215 -57601
756 -21215 -57601
757 -21217 -57601
758 -21217 -57601
759 -21207 -57601
760 -21217 -57601
761 -21221 -57601
762 -21217 -57601
763 -21215 -57601
764 -21212 -57601
765 -21211 -57601
766 -21212 -57601
767 -21215 -57601
768 -21215 -57601
769 -21212 -57601
770 -21214 -57601
771 -21221 -57601
772 -21210 -57601
773 -21219 -57601
774 -21213 -57601
775 -21225 -57601
776 -21219 -57601
777 -21217 -57601
778 -21211 -57601
779 -21215 -57601
780 -21213 -57601
781 -21214 -57601
782 -21213 -57601
783 -21213 -57601
784 -21211 -57601
785 -21212 -57601
786 -21212 -57601
787 -21210 -57601
788 -21212 -57601
789 -21215 -57601
790 -21214 -57601
791 -21211 -57601
792 -21208 -57601
793 -21216 -57601
794 -21215 -57601
795 -21215 -57601
796 -21214 -57601
797 -21211 -57601
798 -21214 -57601
799 -21215 -57601
800 -21217 -57601
801 -21214 -57601
802 -21214 -57601
803 -21221 -57601
804 -21212 -57601
805 -21213 -57601
806 -21215 -57601
807 -21212 -57601
808 -21214 -57601
809 -21212 -57601
810 -21217 -57601
811 -21214 -57601
812 -21216 -57601
813 -21216 -57601
814 -21213 -57601
815 -21215 -57601
816 -14203 -57601
817 -21225 -57601
818 -21210 -57601
819 -21212 -57601
820 -21215 -57601
821 -21217 -57601
822 -21208 -57601
823 -21213 -57601
824 -21214 -57601
825 -21219 -57601
826 -21219 -57601
827 -21210 -57601
828 -21215 -57601
829 -21213 -57601
830 -21211 -57601
831 -21216 -57601
832 -21214 -57601
833 -21215 -57601
834 -21215 -57601
835 -21215 -57601
836 -21211 -57601
837 -21226 -57601
838 -21207 -57601
839 -21216 -57601
840 -21214 -57601
841 -21210 -57601
842 -21217 -57601
843 -21213 -57601
844 -21212 -57601
845 -21215 -57601
846 -21213 -57601
847 -21213 -57601
848 -21216 -57601
849 -21216 -57601
850 -21213 -57601
851 -21222 -57601
852 -21213 -57601
853 -21208 -57601
854 -21216 -57601
855 -21217 -57601
856 -21216 -57601
857 -21211 -57601
858 -21216 -57601
859 -21210 -57601
860 -21211 -57601
861 -21202 -57601
862 -21212 -57601
863 -21207 -57601
864 -21214 -57601
865 -21209 -57601
866 -21210 -57601
867 -21216 -57601
868 -21216 -57601
869 -21215 -57601
870 -21215 -57601
871 -21217 -57601
872 -21224 -57601
873 -21214 -57601
874 -21212 -57601
875 -21213 -57601
876 -21209 -57601
877 -21208 -57601
878 -21212 -57601
879 -21215 -57601
880 -21211 -57601
881 -21212 -57601
882 -21219 -57601
883 -21215 -57601
884 -21211 -57601
885 -21219 -57601
886 -21211 -57601
887 -21212 -57601
888 -21209 -57601
889 -21217 -57601
890 -21213 -57601
891 -21218 -57601
892 -21217 -57601
893 -21211 -57601
894 -21211 -57601
895 -21211 -57601
896 -21213 -57601
897 -21212 -57601
898 -21212 -57601
899 -21213 -57601
900 -21217 -57601
901 -21213 -57601
902 -21216 -57601
903 -21212 -57601
904 -21212 -57601
905 -21214 -57601
906 -21215 -57601
907 -21213 -57601
908 -21215 -57601
909 -21212 -57601
910 -21215 -57601
911 -21216 -57601
912 -21216 -57601
913 -21199 -57601
914 -21212 -57601
915 -21217 -57601
916 -21213 -57601
917 -21213 -57601
918 -21219 -57601
919 -21214 -57601
920 -21216 -57601
921 -21213 -57601
922 -21217 -57601
923 -21214 -57601
924 -21213 -57601
925 -21212 -57601
926 -21220 -57601
927 -21216 -57601
928 -21214 -57601
929 -21216 -57601
930 -21221 -57601
931 -21211 -57601
932 -21215 -57601
933 -21210 -57601
934 -21214 -57601
935 -21215 -57601
936 -21213 -57601
937 -21215 -57601
938 -21213 -57601
939 -21212 -57601
940 -21211 -57601
941 -21213 -57601
942 -21209 -57601
943 -21212 -57601
944 -21214 -57601
945 -21214 -57601
946 -21232 -57601
947 -21210 -57601
948 -21212 -57601
949 -21209 -57601
950 -21219 -57601
951 -21216 -57601
952 -21215 -57601
953 -21215 -57601
954 -21218 -57601
955 -21208 -57601
956 -21212 -57601
957 -21215 -57601
958 -21208 -57601
959 -21216 -57601
960 -21215 -57601
961 -21213 -57601
962 -21214 -57601
963 -21211 -57601
964 -21210 -57601
965 -21217 -57601
966 -21211 -57601
967 -21210 -57601
968 -21214 -57601
969 -21216 -57601
970 -21213 -57601
971 -21216 -57601
972 -21213 -57601
973 -21215 -57601
974 -21213 -57601
975 -21214 -57601
976 -21215 -57601
977 -21213 -57601
978 -21221 -57601
979 -21212 -57601
980 -21215 -57601
981 -21212 -57601
982 -21213 -57601
983 -21213 -57601
984 -21209 -57601
985 -21211 -57601
986 -21211 -57601
987 -21212 -57601
988 -21212 -57601
989 -21212 -57601
990 -21215 -57601
991 -21212 -57601
992 -21216 -57601
993 -21209 -57601
994 -21216 -57601
995 -21216 -57601
996 -21215 -57601
997 -21213 -57601
998 -21216 -57601
999 -21212 -57601
1000 -21211 -57601
1001 -21215 -57601
1002 -21211 -57601
1003 -21210 -57601
1004 -21219 -57601
1005 -21213 -57601
1006 -21213 -57601
1007 -21212 -57601
1008 -21211 -57601
1009 -21213 -57601
1010 -21216 -57601
1011 -21213 -57601
1012 -21220 -57601
1013 -21228 -57601
1014 -21218 -57601
1015 -21216 -57601
1016 -21213 -57601
1017 -21216 -57601
1018 -21212 -57601
1019 -21211 -57601
1020 -21213 -57601
1021 -21215 -57601
1022 -21215 -57601
1023 -21209 -57601
1024 -21213 -57601
1025 -21217 -57601
1026 -21201 -57601
1027 -21221 -57601
1028 -21214 -57601
1029 -21216 -57601
1030 -21210 -57601
1031 -21215 -57601
1032 -21207 -57601
1033 -21214 -57601
1034 -21216 -57601
1035 -21220 -57601
1036 -21214 -57601
1037 -21213 -57601
1038 -21216 -57601
1039 -21215 -57601
1040 -21215 -57601
1041 -21214 -57601
1042 -21209 -57601
1043 -21214 -57601
1044 -21213 -57601
1045 -21213 -57601
1046 -21215 -57601
1047 -21216 -57601
1048 -21211 -57601
1049 -21210 -57601
1050 -21211 -57601
1051 -21211 -57601
1052 -21210 -57601
1053 -21212 -57601
1054 -21214 -57601
1055 -21219 -57601
1056 -21212 -57601
1057 -21210 -57601
1058 -21216 -57601
1059 -21217 -57601
1060 -21208 -57601
1061 -21211 -57601
1062 -21214 -57601
1063 -21217 -57601
1064 -21213 -57601
1065 -21215 -57601
1066 -21215 -57601
1067 -21214 -57601
1068 -21211 -57601
1069 -21213 -57601
1070 -21211 -57601
1071 -21211 -57601
1072 -21214 -57601
1073 -21214 -57601
1074 -21210 -57601
1075 -21218 -57601
1076 -224 -57601
1077 -21209 -57601
1078 -21216 -57601
1079 -21212 -57601
1080 -21225 -57601
1081 -21224 -57601
1082 -21215 -57601
1083 -21212 -57601
1084 -21207 -57601
1085 -21212 -57601
1086 -21218 -57601
1087 -21216 -57601
1088 -21216 -57601
1089 -21215 -57601
1090 -21213 -57601
1091 -21215 -57601
1092 -21210 -57601
1093 -21218 -57601
1094 -21215 -57601
1095 -21213 -57601
1096 -21217 -57601
1097 -21213 -57601
1098 -21218 -57601
1099 -21209 -57601
1100 -10689 -57601
1101 -21215 -57601
1102 -21213 -57601
1103 -21216 -57601
1104 -21213 -57601
1105 -21211 -57601
1106 -21211 -57601
1107 -21211 -57601
1108 -21213 -57601
1109 -21214 -57601
1110 -21219 -57601
1111 -21218 -57601
1112 -21210 -57601
1113 -21216 -57601
1114 -21216 -57601
1115 -21213 -57601
1116 -21212 -57601
1117 -21216 -57601
1118 -21214 -57601
1119 -21214 -57601
1120 -21207 -57601
1121 -21216 -57601
1122 -21215 -57601
1123 -21210 -57601
1124 -21215 -57601
1125 -21216 -57601
1126 -21208 -57601
1127 -21211 -57601
1128 -21211 -57601
1129 -21215 -57601
1130 -21214 -57601
1131 -21216 -57601
1132 -21215 -57601
1133 -21217 -57601
1134 -21213 -57601
1135 -21214 -57601
1136 -21213 -57601
1137 -21212 -57601
1138 -21210 -57601
1139 -21214 -57601
1140 -21215 -57601
1141 -21206 -57601
1142 -21212 -57601
1143 -21212 -57601
1144 -21218 -57601
1145 -21214 -57601
1146 -21213 -57601
1147 -21273 -57601
1148 -21211 -57601
1149 -21212 -57601
1150 -21214 -57601
1151 -21214 -57601
1152 -21214 -57601
1153 -21215 -57601
1154 -21219 -57601
1155 -21220 -57601
1156 -21215 -57601
1157 -21216 -57601
1158 -21217 -57601
1159 -21214 -57601
1160 -21214 -57601
1161 -21212 -57601
1162 -21207 -57601
1163 -21211 -57601
1164 -21226 -57601
1165 -21212 -57601
1166 -21212 -57601
1167 -21211 -57601
1168 -21217 -57601
1169 -21213 -57601
1170 -21215 -57601
1171 -21216 -57601
1172 -21215 -57601
1173 -21213 -57601
1174 -21217 -57601
1175 -21217 -57601
1176 -21212 -57601
1177 -21215 -57601
1178 -21212 -57601
1179 -21211 -57601
1180 -21216 -57601
1181 -21214 -57601
1182 -21215 -57601
1183 -21213 -57601
1184 -21217 -57601
1185 -21212 -57601
1186 -21213 -57601
1187 -21215 -57601
1188 -21216 -57601
1189 -21213 -57601
1190 -21215 -57601
1191 -21214 -57601
1192 -21214 -57601
1193 -21217 -57601
1194 -21218 -57601
1195 -21212 -57601
1196 -21215 -57601
1197 -21216 -57601
1198 -21214 -57601
1199 -21213 -57601
1200 -21211 -57601
1201 -21210 -57601
1202 -21211 -57601
1203 -21218 -57601
1204 -21212 -57601
1205 -21214 -57601
1206 -21212 -57601
1207 -21209 -57601
1208 -21214 -57601
1209 -21214 -57601
1210 -21216 -57601
1211 -21214 -57601
1212 -21214 -57601
1213 -21209 -57601
1214 -21215 -57601
1215 -21211 -57601
1216 -21215 -57601
1217 -21214 -57601
1218 -21215 -57601
1219 -21218 -57601
1220 -21213 -57601
1221 -21216 -57601
1222 -21217 -57601
1223 -21214 -57601
1224 -21218 -57601
1225 -21214 -57601
1226 -21213 -57601
1227 -21212 -57601
1228 -21210 -57601
1229 -21210 -57601
1230 -21210 -57601
1231 -21211 -57601
1232 -21208 -57601
1233 -21212 -57601
1234 -21217 -57601
1235 -21213 -57601
1236 -21214 -57601
1237 -21207 -57601
1238 -21215 -57601
1239 -21211 -57601
1240 -21213 -57601
1241 -21211 -57601
1242 -21217 -57601
1243 -21212 -57601
1244 -21215 -57601
1245 -21210 -57601
1246 -21216 -57601
1247 -21220 -57601
1248 -21213 -57601
1249 -21211 -57601
1250 -21215 -57601
1251 -21214 -57601
1252 -21215 -57601
1253 -21213 -57601
1254 -21212 -57601
1255 -21215 -57601
1256 -21213 -57601
1257 -21213 -57601
1258 -21212 -57601
1259 -21212 -57601
1260 -21214 -57601
1261 -21216 -57601
1262 -21213 -57601
1263 -21211 -57601
1264 -21218 -57601
1265 -21209 -57601
1266 -22164 -57601
1267 -21212 -57601
1268 -21216 -57601
1269 -21216 -57601
1270 -21213 -57601
1271 -21213 -57601
1272 -21216 -57601
1273 -21213 -57601
1274 -21208 -57601
1275 -21218 -57601
1276 -21214 -57601
1277 -21210 -57601
1278 -21218 -57601
1279 -21211 -57601
1280 -21213 -57601
1281 -21220 -57601
1282 -21214 -57601
1283 -21216 -57601
1284 -21216 -57601
1285 -21211 -57601
1286 -21215 -57601
1287 -21217 -57601
1288 -21214 -57601
1289 -21219 -57601
1290 -21209 -57601
1291 -21212 -57601
1292 -21214 -57601
1293 -21214 -57601
1294 -21213 -57601
1295 -21216 -57601
1296 -21218 -57601
1297 -21213 -57601
1298 -21211 -57601
1299 -21210 -57601
1300 -21214 -57601
1301 -21213 -57601
1302 -21208 -57601
1303 -21209 -57601
1304 -21214 -57601
1305 -21218 -57601
1306 -21213 -57601
1307 -21216 -57601
1308 -21217 -57601
1309 -21213 -57601
1310 -21211 -57601
1311 -21213 -57601
1312 -21221 -57601
1313 -21219 -57601
1314 -21214 -57601
1315 -21211 -57601
1316 -21209 -57601
1317 -21214 -57601
1318 -21215 -57601
1319 -21215 -57601
1320 -21211 -57601
1321 -21216 -57601
1322 -21216 -57601
1323 -21208 -57601
1324 -21217 -57601
1325 -21214 -57601
1326 -21216 -57601
1327 -21210 -57601
1328 -21211 -57601
1329 -21214 -57601
1330 -21215 -57601
1331 -21212 -57601
1332 -21218 -57601
1333 -21214 -57601
1334 -21211 -57601
1335 -21217 -57601
1336 -21218 -57601
1337 -21214 -57601
1338 -21215 -57601
1339 -21212 -57601
1340 -21194 -57601
1341 -21214 -57601
1342 -21212 -57601
1343 -21210 -57601
1344 -21211 -57601
1345 -21210 -57601
1346 -21215 -57601
1347 -21238 -57601
1348 -21213 -57601
1349 -21215 -57601
1350 -21215 -57601
1351 -21209 -57601
1352 -21212 -57601
1353 -21213 -57601
1354 -21210 -57601
1355 -21212 -57601
1356 -21217 -57601
1357 -21211 -57601
1358 -21217 -57601
1359 -21213 -57601
1360 -21211 -57601
1361 -21215 -57601
1362 -21215 -57601
1363 -21202 -57601
1364 -21215 -57601
1365 -21212 -57601
1366 -21227 -57601
1367 -21211 -57601
1368 -21224 -57601
1369 -21214 -57601
1370 -21213 -57601
1371 -21212 -57601
1372 -21211 -57601
1373 -21216 -57601
1374 -21215 -57601
1375 -21215 -57601
1376 -21213 -57601
1377 -21212 -57601
1378 -21208 -57601
1379 -21214 -57601
1380 -21213 -57601
1381 -21213 -57601
1382 -21217 -57601
1383 -21216 -57601
1384 -21221 -57601
1385 -21213 -57601
1386 -21216 -57601
1387 -21214 -57601
1388 -21214 -57601
1389 -21211 -57601
1390 -21217 -57601
1391 -21214 -57601
1392 -21213 -57601
1393 -21213 -57601
1394 -21219 -57601
1395 -21211 -57601
1396 -21213 -57601
1397 -21211 -57601
1398 -21209 -57601
1399 -21217 -57601
1400 -21217 -57601
1401 -21216 -57601
1402 -21221 -57601
1403 -21215 -57601
1404 -21213 -57601
1405 -21210 -57601
1406 -21211 -57601
1407 -21216 -57601
1408 -21213 -57601
1409 -21219 -57601
1410 -21219 -57601
1411 -21216 -57601
1412 -21216 -57601
1413 -21218 -57601
1414 -21210 -57601
1415 -21215 -57601
1416 -21214 -57601
1417 -21216 -57601
1418 -21219 -57601
1419 -21209 -57601
1420 -21230 -57601
1421 -21213 -57601
1422 -21212 -57601
1423 -21212 -57601
1424 -21215 -57601
1425 -21211 -57601
1426 -21215 -57601
1427 -21214 -57601
1428 -21209 -57601
1429 -21210 -57601
1430 -21213 -57601
1431 -21213 -57601
1432 -21215 -57601
1433 -21215 -57601
1434 -21216 -57601
1435 -21218 -57601
1436 -21216 -57601
1437 -21215 -57601
1438 -21215 -57601
1439 -21211 -57601
1440 -21215 -57601
1441 -21211 -57601
1442 -21214 -57601
1443 -21215 -57601
1444 -21214 -57601
1445 -21219 -57601
1446 -21214 -57601
1447 -21210 -57601
1448 -21210 -57601
1449 -21212 -57601
1450 -21217 -57601
1451 -21215 -57601
1452 -21214 -57601
1453 -21213 -57601
1454 -21214 -57601
1455 -21209 -57601
1456 -21211 -57601
1457 -21212 -57601
1458 -21215 -57601
1459 -21211 -57601
1460 -21216 -57601
1461 -21212 -57601
1462 -21216 -57601
1463 -21217 -57601
1464 -21212 -57601
1465 -21212 -57601
1466 -21216 -57601
1467 -21216 -57601
1468 -21215 -57601
1469 -21220 -57601
1470 -21216 -57601
1471 -21216 -57601
1472 -21214 -57601
1473 -21212 -57601
1474 -21216 -57601
1475 -21218 -57601
1476 -21216 -57601
1477 -21213 -57601
1478 -21215 -57601
1479 -21212 -57601
1480 -21209 -57601
1481 -21214 -57601
1482 -21209 -57601
1483 -21219 -57601
1484 -21214 -57601
1485 -7209 -57601
1486 -21216 -57601
1487 -21216 -57601
1488 -21216 -57601
1489 -21211 -57601
1490 -21212 -57601
1491 -21213 -57601
1492 -21266 -57601
1493 -21217 -57601
1494 -21218 -57601
1495 -21214 -57601
1496 -21213 -57601
1497 -21214 -57601
1498 -21215 -57601
1499 -21214 -57601
1500 -21215 -57601
1501 -21210 -57601
1502 -21214 -57601
1503 -21215 -57601
1504 -21218 -57601
1505 -21214 -57601
1506 -21209 -57601
1507 -21215 -57601
1508 -21211 -57601
1509 -21211 -57601
1510 -21213 -57601
1511 -21208 -57601
1512 -21213 -57601
1513 -21215 -57601
1514 -21215 -57601
1515 -21213 -57601
1516 -21214 -57601
1517 -21214 -57601
1518 -21215 -57601
1519 -21215 -57601
1520 -21212 -57601
1521 -21215 -57601
1522 -21212 -57601
1523 -21215 -57601
1524 -21214 -57601
1525 -21212 -57601
1526 -21217 -57601
1527 -21217 -57601
1528 -21216 -57601
1529 -21212 -57601
1530 -21220 -57601
1531 -21215 -57601
1532 -21210 -57601
1533 -21212 -57601
1534 -21214 -57601
1535 -21216 -57601
1536 -21213 -57601
1537 -21210 -57601
1538 -21213 -57601
1539 -21212 -57601
1540 -21216 -57601
1541 -21212 -57601
1542 -21212 -57601
1543 -21214 -57601
1544 -21214 -57601
1545 -21215 -57601
1546 -21212 -57601
1547 -21213 -57601
1548 -21220 -57601
1549 -21217 -57601
1550 -21213 -57601
1551 -21212 -57601
1552 -21210 -57601
1553 -21212 -57601
1554 -21222 -57601
1555 -21218 -57601
1556 -21213 -57601
1557 -21212 -57601
1558 -21214 -57601
1559 -21214 -57601
1560 -21214 -57601
1561 -21216 -57601
1562 -21216 -57601
1563 -21215 -57601
1564 -21212 -57601
1565 -21215 -57601
1566 -21216 -57601
1567 -21211 -57601
1568 6824 -57601
1569 -21213 -57601
1570 -21212 -57601
1571 -21211 -57601
1572 -21218 -57601
1573 -21213 -57601
1574 -21214 -57601
1575 -21216 -57601
1576 -21219 -57601
1577 -21215 -57601
1578 -21218 -57601
1579 -21218 -57601
1580 -21217 -57601
1581 -21211 -57601
1582 -21218 -57601
1583 -21214 -57601
1584 -21214 -57601
1585 -21214 -57601
1586 -21214 -57601
1587 -21217 -57601
1588 -21214 -57601
1589 -21211 -57601
1590 -21218 -57601
1591 -21217 -57601
1592 -21212 -57601
1593 -21213 -57601
1594 -21211 -57601
1595 -21214 -57601
1596 -21212 -57601
1597 -21214 -57601
1598 -21215 -57601
1599 -21217 -57601
1600 -21213 -57601
1601 -21213 -57601
1602 -21219 -57601
1603 -21217 -57601
1604 -21212 -57601
1605 -21212 -57601
1606 -21217 -57601
1607 -21211 -57601
1608 -21212 -57601
1609 -21215 -57601
1610 -21217 -57601
1611 -21216 -57601
1612 -21213 -57601
1613 -21216 -57601
1614 -21214 -57601
1615 -21213 -57601
1616 -21212 -57601
1617 -21210 -57601
1618 -21215 -57601
1619 -21213 -57601
1620 -21212 -57601
1621 -21211 -57601
1622 -21214 -57601
1623 -21214 -57601
1624 -21215 -57601
1625 -21217 -57601
1626 -21214 -57601
1627 -21213 -57601
1628 -21214 -57601
1629 -21210 -57601
1630 -21212 -57601
1631 -21212 -57601
1632 -21213 -57601
1633 -21215 -57601
1634 -21215 -57601
1635 -21215 -57601
1636 -21214 -57601
1637 -21215 -57601
1638 -21215 -57601
1639 -21210 -57601
1640 -21213 -57601
1641 -21228 -57601
1642 -21211 -57601
1643 -21215 -57601
1644 -21208 -57601
1645 -21214 -57601
1646 -21212 -57601
1647 -21215 -57601
1648 -21216 -57601
1649 6878 -57601
1650 -21209 -57601
1651 -21216 -57601
1652 -21212 -57601
1653 -21215 -57601
1654 -21209 -57601
1655 -21211 -57601
1656 -21212 -57601
1657 -21212 -57601
1658 -21216 -57601
1659 -21214 -57601
1660 -21214 -57601
1661 -21213 -57601
1662 -21212 -57601
1663 -21222 -57601
1664 -21217 -57601
1665 -21218 -57601
1666 -21213 -57601
1667 -21215 -57601
1668 -21207 -57601
1669 -21211 -57601
1670 -21219 -57601
1671 -21213 -57601
1672 -21217 -57601
1673 -21215 -57601
1674 -21215 -57601
1675 -21212 -57601
1676 -21213 -57601
1677 -21215 -57601
1678 -21212 -57601
1679 -21214 -57601
1680 -21215 -57601
1681 -21216 -57601
1682 -21215 -57601
1683 -21215 -57601
1684 -21216 -57601
1685 -21216 -57601
1686 -21211 -57601
1687 -21214 -57601
1688 -21215 -57601
1689 -21214 -57601
1690 -21198 -57601
1691 -21216 -57601
1692 -21212 -57601
1693 -21212 -57601
1694 -21210 -57601
1695 -21211 -57601
1696 -21214 -57601
1697 -21213 -57601
1698 -21213 -57601
1699 -21215 -57601
1700 -21212 -57601
1701 -21215 -57601
1702 -21219 -57601
1703 -21209 -57601
1704 -21215 -57601
1705 -21211 -57601
1706 -21218 -57601
1707 -21210 -57601
1708 -21213 -57601
1709 -21211 -57601
1710 -21214 -57601
1711 -21214 -57601
1712 -21215 -57601
1713 -21246 -57601
1714 -21213 -57601
1715 -21215 -57601
1716 -21216 -57601
1717 -21212 -57601
1718 -21213 -57601
1719 -21213 -57601
1720 -21213 -57601
1721 -21212 -57601
1722 -21212 -57601
1723 -21211 -57601
1724 -21214 -57601
1725 -21213 -57601
1726 -21214 -57601
1727 -21214 -57601
1728 -21212 -57601
1729 -21212 -57601
1730 -21214 -57601
1731 -21218 -57601
1732 -21214 -57601
1733 -21211 -57601
1734 -21214 -57601
1735 -21218 -57601
1736 -21210 -57601
1737 -21217 -57601
1738 -21217 -57601
1739 -21215 -57601
1740 -21214 -57601
1741 -21215 -57601
1742 -21214 -57601
1743 -21217 -57601
1744 -21210 -57601
1745 -21214 -57601
1746 -21210 -57601
1747 -21214 -57601
1748 -21216 -57601
1749 -21216 -57601
1750 -21213 -57601
1751 -21214 -57601
1752 -21211 -57601
1753 -21217 -57601
1754 -21216 -57601
1755 -21216 -57601
1756 -21209 -57601
1757 -21213 -57601
1758 -21217 -57601
1759 -21200 -57601
1760 -21215 -57601
1761 -21214 -57601
1762 -21211 -57601
1763 -21210 -57601
1764 -21218 -57601
1765 -21214 -57601
1766 -21218 -57601
1767 -21212 -57601
1768 -21212 -57601
1769 -21213 -57601
1770 -21214 -57601
1771 -21214 -57601
1772 -21213 -57601
1773 -21213 -57601
1774 -21221 -57601
1775 -21211 -57601
1776 -21214 -57601
1777 -21215 -57601
1778 -21213 -57601
1779 -21213 -57601
1780 -21212 -57601
1781 -21218 -57601
1782 -21216 -57601
1783 -21215 -57601
1784 -21214 -57601
1785 -21211 -57601
1786 -21214 -57601
1787 -21214 -57601
1788 -21212 -57601
1789 -21215 -57601
1790 -21208 -57601
1791 -21211 -57601
1792 -21214 -57601
1793 -21214 -57601
1794 -21215 -57601
1795 -21212 -57601
1796 -21217 -57601
1797 -21216 -57601
1798 -21213 -57601
1799 -21214 -57601
1800 -21219 -57601
1801 -21214 -57601
1802 -21214 -57601
1803 -21213 -57601
1804 -21218 -57601
1805 -21219 -57601
1806 -21217 -57601
1807 -21208 -57601
1808 -21213 -57601
1809 -21210 -57601
1810 -21213 -57601
1811 -21210 -57601
1812 -21214 -57601
1813 -21214 -57601
1814 -21216 -57601
1815 -21215 -57601
1816 -21215 -57601
1817 -21214 -57601
1818 -21212 -57601
1819 -21216 -57601
1820 -21213 -57601
1821 -21210 -57601
1822 -21217 -57601
1823 -21212 -57601
1824 -21218 -57601
1825 -21219 -57601
1826 -21215 -57601
1827 -21213 -57601
1828 -21211 -57601
1829 -21214 -57601
1830 -21221 -57601
1831 -21213 -57601
1832 -21215 -57601
1833 -21214 -57601
1834 -21213 -57601
1835 -21214 -57601
1836 -21211 -57601
1837 -21215 -57601
1838 -21210 -57601
1839 -21212 -57601
1840 -21215 -57601
1841 -21198 -57601
1842 -21213 -57601
1843 -21216 -57601
1844 -21212 -57601
1845 -21216 -57601
1846 -21212 -57601
1847 -21217 -57601
1848 -21214 -57601
1849 -21217 -57601
1850 -21212 -57601
1851 -21210 -57601
1852 -21217 -57601
1853 -21212 -57601
1854 -21214 -57601
1855 -21212 -57601
1856 -21213 -57601
1857 -21200 -57601
1858 -21218 -57601
1859 -21215 -57601
1860 -21211 -57601
1861 -21213 -57601
1862 -21215 -57601
1863 -21212 -57601
1864 -21208 -57601
1865 -21214 -57601
1866 -21212 -57601
1867 -21213 -57601
1868 -21212 -57601
1869 -21215 -57601
1870 -21212 -57601
1871 -21213 -57601
1872 -21210 -57601
1873 -21220 -57601
1874 -21213 -57601
1875 -21216 -57601
1876 -21218 -57601
1877 -21222 -57601
1878 -21214 -57601
1879 -21217 -57601
1880 -21213 -57601
1881 -21215 -57601
1882 -21224 -57601
1883 -21213 -57601
1884 -21216 -57601
1885 -21216 -57601
1886 -21213 -57601
1887 -21214 -57601
1888 -21213 -57601
1889 -21216 -57601
1890 -21211 -57601
1891 -21211 -57601
1892 -21214 -57601
1893 -21215 -57601
1894 -21219 -57601
1895 -21207 -57601
1896 -21213 -57601
1897 -21215 -57601
1898 -21214 -57601
1899 -21214 -57601
1900 -21211 -57601
1901 -21214 -57601
1902 -21206 -57601
1903 -21217 -57601
1904 -21213 -57601
1905 -21215 -57601
1906 -21217 -57601
1907 -21220 -57601
1908 -21214 -57601
1909 -21211 -57601
1910 -21214 -57601
1911 -21216 -57601
1912 -21213 -57601
1913 -21216 -57601
1914 -21216 -57601
1915 -21216 -57601
1916 -21214 -57601
1917 -21211 -57601
1918 -21211 -57601
1919 -21220 -57601
1920 -21216 -57601
1921 -21218 -57601
1922 -21213 -57601
1923 -21213 -57601
1924 -21215 -57601
1925 -21214 -57601
1926 -21211 -57601
1927 -21215 -57601
1928 -21218 -57601
1929 -21217 -57601
1930 -21209 -57601
1931 -21211 -57601
1932 -21217 -57601
1933 -21214 -57601
1934 -21216 -57601
1935 -21225 -57601
1936 -21212 -57601
1937 -21211 -57601
1938 -21212 -57601
1939 -21217 -57601
1940 -21214 -57601
1941 -21213 -57601
1942 -21211 -57601
1943 -21211 -57601
1944 -21219 -57601
1945 -21216 -57601
1946 -21210 -57601
1947 -21209 -57601
1948 -21219 -57601
1949 -21213 -57601
1950 -21214 -57601
1951 -21212 -57601
1952 -21216 -57601
1953 -21213 -57601
1954 -21218 -57601
1955 -21211 -57601
1956 -21213 -57601
1957 -21213 -57601
1958 -21209 -57601
1959 -21219 -57601
1960 -21212 -57601
1961 -21215 -57601
1962 -21214 -57601
1963 -21216 -57601
1964 -21212 -57601
1965 -21209 -57601
1966 -21216 -57601
1967 -21215 -57601
1968 -21217 -57601
1969 -21213 -57601
1970 -21216 -57601
1971 -21212 -57601
1972 -21213 -57601
1973 -21216 -57601
1974 -21214 -57601
1975 -21213 -57601
1976 -21214 -57601
1977 -21214 -57601
1978 -21212 -57601
1979 -21218 -57601
1980 -21218 -57601
1981 -21213 -57601
1982 -21214 -57601
1983 -21213 -57601
1984 -21215 -57601
1985 -21213 -57601
1986 -21213 -57601
1987 -21211 -57601
1988 -21212 -57601
1989 -21215 -57601
1990 -21212 -57601
1991 -21214 -57601
1992 -21215 -57601
1993 -21218 -57601
1994 -21212 -57601
1995 -21218 -57601
1996 -21214 -57601
1997 -21208 -57601
1998 -21216 -57601
1999 -21214 -57601
2000 -21214 -57601
2001 -21211 -57601
2002 -21215 -57601
2003 -21211 -57601
2004 -21218 -57601
2005 -21215 -57601
2006 -21214 -57601
2007 -21214 -57601
2008 -21212 -57601
2009 -21224 -57601
2010 -21214 -57601
2011 -21217 -57601
2012 -21213 -57601
2013 -21223 -57601
2014 -21211 -57601
2015 -21214 -57601
2016 -21219 -57601
2017 -21217 -57601
2018 -21229 -57601
2019 -21211 -57601
2020 -21217 -57601
2021 -21214 -57601
2022 -21211 -57601
2023 -21211 -57601
2024 -21218 -57601
2025 -21214 -57601
2026 -21215 -57601
2027 -21216 -57601
2028 -21216 -57601
2029 -21214 -57601
2030 -21215 -57601
2031 -21214 -57601
2032 -21221 -57601
2033 -21216 -57601
2034 -21216 -57601
2035 -21215 -57601
2036 -21215 -57601
2037 -21213 -57601
2038 -21213 -57601
2039 -21216 -57601
2040 -21218 -57601
2041 -21208 -57601
2042 -21210 -57601
2043 -21212 -57601
2044 -21210 -57601
2045 -21217 -57601
2046 -21213 -57601
2047 -21220 -57601
2048 -21211 -57601
2049 -21219 -57601
2050 -21215 -57601
2051 -21221 -57601
2052 -21212 -57601
2053 -21214 -57601
2054 -21214 -57601
2055 -21214 -57601
2056 -21211 -57601
2057 -21218 -57601
2058 -21214 -57601
2059 -21215 -57601
2060 -21209 -57601
2061 -21219 -57601
2062 -21213 -57601
2063 -21219 -57601
2064 -21219 -57601
2065 -21212 -57601
2066 -21211 -57601
2067 -21213 -57601
2068 -21216 -57601
2069 -21200 -57601
2070 -21215 -57601
2071 -21216 -57601
2072 -21207 -57601
2073 -21213 -57601
2074 -21218 -57601
2075 -21216 -57601
2076 -21211 -57601
2077 -21222 -57601
2078 -21216 -57601
2079 -21217 -57601
2080 -21213 -57601
2081 -21223 -57601
2082 -21200 -57601
2083 -21218 -57601
2084 -21217 -57601
2085 -21223 -57601
2086 -21216 -57601
2087 -21212 -57601
2088 -21210 -57601
2089 -21214 -57601
2090 -21216 -57601
2091 -21215 -57601
2092 -21214 -57601
2093 -21214 -57601
2094 -21216 -57601
2095 -21214 -57601
2096 -21212 -57601
2097 -21211 -57601
2098 -21214 -57601
2099 -21211 -57601
2100 -21216 -57601
2101 -21207 -57601
2102 -21213 -57601
2103 -21211 -57601
2104 -21210 -57601
2105 -21212 -57601
2106 -21218 -57601
2107 -21214 -57601
2108 -21212 -57601
2109 -21212 -57601
2110 -21209 -57601
2111 -21218 -57601
2112 -21211 -57601
2113 -21212 -57601
2114 -21214 -57601
2115 -21216 -57601
2116 -21211 -57601
2117 -21220 -57601
2118 -21216 -57601
2119 -21212 -57601
2120 -21215 -57601
2121 -21219 -57601
2122 -21212 -57601
2123 -21215 -57601
2124 -21212 -57601
2125 -21212 -57601
2126 -21216 -57601
2127 -21216 -57601
2128 -21215 -57601
2129 -21212 -57601
2130 -21209 -57601
2131 -21213 -57601
2132 -21217 -57601
2133 -21217 -57601
2134 -21210 -57601
2135 -21220 -57601
2136 -21214 -57601
2137 -21211 -57601
2138 -21215 -57601
2139 -21212 -57601
2140 -21214 -57601
2141 -21219 -57601
2142 -21210 -57601
2143 -21214 -57601
2144 -21181 -57601
2145 -21211 -57601
2146 -21218 -57601
2147 -21217 -57601
2148 -21217 -57601
2149 -21216 -57601
2150 -21221 -57601
2151 -21207 -57601
2152 -21207 -57601
2153 -21215 -57601
2154 -21213 -57601
2155 -21216 -57601
2156 -21215 -57601
2157 -21216 -57601
2158 -21213 -57601
2159 -21217 -57601
2160 -21212 -57601
2161 -21209 -57601
2162 -21212 -57601
2163 -21213 -57601
2164 -21214 -57601
2165 -21214 -57601
2166 -21213 -57601
2167 -21215 -57601
2168 -21211 -57601
2169 -21213 -57601
2170 -21212 -57601
2171 -21212 -57601
2172 -21215 -57601
2173 -21212 -57601
2174 -21212 -57601
2175 -21211 -57601
2176 -21209 -57601
2177 -21209 -57601
2178 -21210 -57601
2179 -21216 -57601
2180 -21215 -57601
2181 -21220 -57601
2182 -21207 -57601
2183 -21212 -57601
2184 -21210 -57601
2185 -21214 -57601
2186 -21210 -57601
2187 -21217 -57601
2188 -21216 -57601
2189 -21216 -57601
2190 -21218 -57601
2191 -21215 -57601
2192 -21213 -57601
2193 -21215 -57601
2194 -21218 -57601
2195 -21223 -57601
2196 -21212 -57601
2197 -21213 -57601
2198 -21213 -57601
2199 -21213 -57601
2200 -21215 -57601
2201 -21213 -57601
2202 -21212 -57601
2203 -21214 -57601
2204 -21214 -57601
2205 -21222 -57601
2206 -21214 -57601
2207 -21212 -57601
2208 -21210 -57601
2209 -21212 -57601
2210 -21215 -57601
2211 -21213 -57601
2212 -21209 -57601
2213 -21210 -57601
2214 -21216 -57601
2215 -21216 -57601
2216 -21212 -57601
2217 -21214 -57601
2218 -21210 -57601
2219 -21218 -57601
2220 -21217 -57601
2221 -21214 -57601
2222 -21212 -57601
2223 -21215 -57601
2224 -21214 -57601
2225 -21213 -57601
2226 -21218 -57601
2227 -21214 -57601
2228 -21215 -57601
2229 -21213 -57601
2230 -21213 -57601
2231 -21214 -57601
2232 -21211 -57601
2233 -21209 -57601
2234 -21210 -57601
2235 -21217 -57601
2236 -21218 -57601
2237 -21214 -57601
2238 -21214 -57601
2239 -21157 -57601
2240 -21218 -57601
2241 -21213 -57601
2242 -21213 -57601
2243 -21215 -57601
2244 -21210 -57601
2245 -21215 -57601
2246 -21215 -57601
2247 -21213 -57601
2248 -21212 -57601
2249 -21213 -57601
2250 -21217 -57601
2251 -21211 -57601
2252 -21216 -57601
2253 -21214 -57601
2254 -21218 -57601
2255 -21214 -57601
2256 -21215 -57601
2257 -21216 -57601
2258 -21210 -57601
2259 -21213 -57601
2260 -21217 -57601
2261 -21218 -57601
2262 -21222 -57601
2263 -21215 -57601
2264 -21214 -57601
2265 -21211 -57601
2266 -21216 -57601
2267 -21213 -57601
2268 -21218 -57601
2269 -21218 -57601
2270 -21211 -57601
2271 -21215 -57601
2272 -21209 -57601
2273 -21211 -57601
2274 -21213 -57601
2275 -21214 -57601
2276 -21217 -57601
2277 -21212 -57601
2278 -21212 -57601
2279 -21213 -57601
2280 -21215 -57601
2281 -21215 -57601
2282 -21212 -57601
2283 -21215 -57601
2284 -21217 -57601
2285 -21211 -57601
2286 -21216 -57601
2287 -21213 -57601
2288 -21215 -57601
2289 -21215 -57601
2290 -21217 -57601
2291 -21211 -57601
2292 -21209 -57601
2293 -21214 -57601
2294 -21215 -57601
2295 -21212 -57601
2296 -21215 -57601
2297 -21217 -57601
2298 -21214 -57601
2299 -21217 -57601
2300 -21211 -57601
2301 -21212 -57601
2302 -21213 -57601
2303 -21216 -57601
2304 -21212 -57601
2305 -21210 -57601
2306 -21215 -57601
2307 -21215 -57601
2308 -21214 -57601
2309 -21212 -57601
2310 -21212 -57601
2311 -21216 -57601
2312 -21215 -57601
2313 -21215 -57601
2314 -21211 -57601
2315 -21213 -57601
2316 -21211 -57601
2317 -21211 -57601
2318 -21214 -57601
2319 -21211 -57601
2320 -21212 -57601
2321 -21213 -57601
2322 -21210 -57601
2323 -21210 -57601
2324 -21214 -57601
2325 -21213 -57601
2326 -21221 -57601
2327 -21217 -57601
2328 -21255 -57601
2329 -21212 -57601
2330 -21209 -57601
2331 -21220 -57601
2332 -21212 -57601
2333 -21215 -57601
2334 -21214 -57601
2335 -21218 -57601
2336 -21213 -57601
2337 -21212 -57601
2338 -21213 -57601
2339 -21217 -57601
2340 -21211 -57601
2341 -21213 -57601
2342 -21214 -57601
2343 -21212 -57601
2344 -21213 -57601
2345 -21213 -57601
2346 -21216 -57601
2347 -21215 -57601
2348 -21219 -57601
2349 -21214 -57601
2350 -21215 -57601
2351 -21214 -57601
2352 -21210 -57601
2353 -21213 -57601
2354 -21213 -57601
2355 -21214 -57601
2356 -21216 -57601
2357 -21211 -57601
2358 -21209 -57601
2359 -21213 -57601
2360 -21215 -57601
2361 -21214 -57601
2362 -21215 -57601
2363 -21211 -57601
2364 -21218 -57601
2365 -21215 -57601
2366 -21219 -57601
2367 -21212 -57601
2368 -21210 -57601
2369 -21214 -57601
2370 -21220 -57601
2371 -21220 -57601
2372 -21211 -57601
2373 -21209 -57601
2374 -21211 -57601
2375 -21214 -57601
2376 -21211 -57601
2377 -21219 -57601
2378 -21211 -57601
2379 -21214 -57601
2380 -21216 -57601
2381 -21220 -57601
2382 -21211 -57601
2383 -21217 -57601
2384 -21214 -57601
2385 -21219 -57601
2386 -21213 -57601
2387 -21218 -57601
2388 -21216 -57601
2389 -21212 -57601
2390 -21208 -57601
2391 -21213 -57601
2392 -21211 -57601
2393 -21220 -57601
2394 -21213 -57601
2395 -21213 -57601
2396 -21210 -57601
2397 -21213 -57601
2398 -21213 -57601
2399 -21215 -57601
2400 -21215 -57601
2401 -21218 -57601
2402 -21215 -57601
2403 -21219 -57601
2404 -21214 -57601
2405 -21215 -57601
2406 -21215 -57601
2407 -21218 -57601
2408 -21215 -57601
2409 -21214 -57601
2410 -21215 -57601
2411 -21215 -57601
2412 -21211 -57601
2413 -21216 -57601
2414 -21214 -57601
2415 -21212 -57601
2416 6840 -57601
2417 -21214 -57601
2418 -21208 -57601
2419 -21211 -57601
2420 -21214 -57601
2421 -21224 -57601
2422 -21216 -57601
2423 -21214 -57601
2424 -21216 -57601
2425 -21210 -57601
2426 -21216 -57601
2427 -21211 -57601
2428 -21215 -57601
2429 -21212 -57601
2430 -21216 -57601
2431 -21216 -57601
2432 -21213 -57601
2433 -21209 -57601
2434 -21214 -57601
2435 -21216 -57601
2436 -21209 -57601
2437 -21215 -57601
2438 -21211 -57601
2439 -21214 -57601
2440 -21215 -57601
2441 -21212 -57601
2442 -21215 -57601
2443 -21215 -57601
2444 -21215 -57601
2445 -21216 -57601
2446 -21211 -57601
2447 -21214 -57601
2448 -21216 -57601
2449 -21213 -57601
2450 -21213 -57601
2451 -21214 -57601
2452 -21216 -57601
2453 -21213 -57601
2454 -21212 -57601
2455 -21212 -57601
2456 -21214 -57601
2457 -21215 -57601
2458 -21212 -57601
2459 -21222 -57601
2460 -21210 -57601
2461 -21215 -57601
2462 -21215 -57601
2463 -21214 -57601
2464 -21214 -57601
2465 -21215 -57601
2466 -21215 -57601
2467 -21213 -57601
2468 -21213 -57601
2469 -21211 -57601
2470 -21214 -57601
2471 -21212 -57601
2472 -21212 -57601
2473 -21210 -57601
2474 -21211 -57601
2475 -21214 -57601
2476 -21214 -57601
2477 -21215 -57601
2478 -21225 -57601
2479 -21215 -57601
2480 -21215 -57601
2481 -21212 -57601
2482 -21213 -57601
2483 -21217 -57601
2484 -21219 -57601
2485 -21218 -57601
2486 -21218 -57601
2487 -21217 -57601
2488 -21216 -57601
2489 -21217 -57601
2490 -21217 -57601
2491 -21210 -57601
2492 -21215 -57601
2493 -21209 -57601
2494 -21214 -57601
2495 -21214 -57601
2496 -21211 -57601
2497 -21216 -57601
2498 -21212 -57601
2499 -21211 -57601
2500 -21217 -57601
2501 -21217 -57601
2502 -21215 -57601
2503 -21216 -57601
2504 -21213 -57601
2505 -21210 -57601
2506 -21211 -57601
2507 -21215 -57601
2508 -21213 -57601
2509 -21211 -57601
2510 -21214 -57601
2511 -21214 -57601
2512 -21216 -57601
2513 -21213 -57601
2514 -21213 -57601
2515 -21211 -57601
2516 -21214 -57601
2517 -21212 -57601
2518 -21214 -57601
2519 -21214 -57601
2520 -21211 -57601
2521 -21212 -57601
2522 -21212 -57601
2523 -21217 -57601
2524 -21212 -57601
2525 -21215 -57601
2526 -21212 -57601
2527 -21213 -57601
2528 -21218 -57601
2529 -21215 -57601
2530 -21215 -57601
2531 -21218 -57601
2532 -21217 -57601
2533 -21213 -57601
2534 -21210 -57601
2535 -21215 -57601
2536 -21214 -57601
2537 -21213 -57601
2538 -21215 -57601
2539 -21215 -57601
2540 -21216 -57601
2541 -21215 -57601
2542 -21215 -57601
2543 -21216 -57601
2544 -21211 -57601
2545 -21215 -57601
2546 -21199 -57601
2547 -21214 -57601
2548 -21214 -57601
2549 -21212 -57601
2550 -21235 -57601
2551 -21216 -57601
2552 -21215 -57601
2553 -21214 -57601
2554 -21219 -57601
2555 -21214 -57601
2556 -21213 -57601
2557 -21215 -57601
2558 -21209 -57601
2559 -21212 -57601
2560 -21212 -57601
2561 -21212 -57601
2562 -21216 -57601
2563 -21210 -57601
2564 -21211 -57601
2565 -21212 -57601
2566 -21213 -57601
2567 -21216 -57601
2568 -21214 -57601
2569 -21210 -57601
2570 -21215 -57601
2571 -21213 -57601
2572 -21213 -57601
2573 -21219 -57601
2574 -21212 -57601
2575 -21213 -57601
2576 -21214 -57601
2577 -21213 -57601
2578 -21214 -57601
2579 -21216 -57601
2580 -21215 -57601
2581 -21212 -57601
2582 -21216 -57601
2583 -21211 -57601
2584 -21217 -57601
2585 -21210 -57601
2586 -21213 -57601
2587 -21211 -57601
2588 -21217 -57601
2589 -21212 -57601
2590 -21213 -57601
2591 -21217 -57601
2592 -21208 -57601
2593 -21213 -57601
2594 -21217 -57601
2595 -21216 -57601
2596 -21214 -57601
2597 -21215 -57601
2598 -21212 -57601
2599 -21218 -57601
2600 -21225 -57601
2601 -21209 -57601
2602 -21219 -57601
2603 -21214 -57601
2604 -21217 -57601
2605 -21212 -57601
2606 -21214 -57601
2607 -21215 -57601
2608 -21212 -57601
2609 -21214 -57601
2610 -21213 -57601
2611 -21216 -57601
2612 -21215 -57601
2613 -21212 -57601
2614 -21209 -57601
2615 -21215 -57601
2616 -21215 -57601
2617 -21216 -57601
2618 -21215 -57601
2619 -21212 -57601
2620 -21213 -57601
2621 -21208 -57601
2622 -21213 -57601
2623 -21212 -57601
2624 -21217 -57601
2625 -21212 -57601
2626 -21215 -57601
2627 -21218 -57601
2628 -21214 -57601
2629 -21210 -57601
2630 -21216 -57601
2631 -21215 -57601
2632 -21214 -57601
2633 -21215 -57601
2634 -21212 -57601
2635 -21212 -57601
2636 -21218 -57601
2637 -21213 -57601
2638 -21211 -57601
2639 -21211 -57601
2640 -21218 -57601
2641 -21218 -57601
2642 -21211 -57601
2643 -21212 -57601
2644 -21210 -57601
2645 -21215 -57601
2646 -21216 -57601
2647 -21216 -57601
2648 -21212 -57601
2649 -21210 -57601
2650 -21217 -57601
2651 -21211 -57601
2652 -21210 -57601
2653 -21213 -57601
2654 -21212 -57601
2655 -21223 -57601
2656 -21215 -57601
2657 -21211 -57601
2658 -21213 -57601
2659 -21216 -57601
2660 -21218 -57601
2661 -21211 -57601
2662 -21210 -57601
2663 -21215 -57601
2664 -21212 -57601
2665 -21215 -57601
2666 -21210 -57601
2667 -21212 -57601
2668 -21211 -57601
2669 -21211 -57601
2670 -21212 -57601
2671 -21211 -57601
2672 -21212 -57601
2673 -21215 -57601
2674 -21225 -57601
2675 -21213 -57601
2676 -21209 -57601
2677 -21214 -57601
2678 -21213 -57601
2679 -21213 -57601
2680 -21215 -57601
2681 -21217 -57601
2682 -21213 -57601
2683 -21215 -57601
2684 -21211 -57601
2685 -21210 -57601
2686 -21212 -57601
2687 -21207 -57601
2688 -21214 -57601
2689 -21214 -57601
2690 -21216 -57601
2691 -21220 -57601
2692 -21213 -57601
2693 -21216 -57601
2694 -21216 -57601
2695 -21213 -57601
2696 -21211 -57601
2697 -21213 -57601
2698 -21216 -57601
2699 -21215 -57601
2700 -21218 -57601
2701 -21217 -57601
2702 -21220 -57601
2703 -21212 -57601
2704 -21209 -57601
2705 -21210 -57601
2706 -21218 -57601
2707 -21212 -57601
2708 -21217 -57601
2709 -21213 -57601
2710 -21215 -57601
2711 -21213 -57601
2712 -21216 -57601
2713 -21215 -57601
2714 -21211 -57601
2715 -21220 -57601
2716 -21217 -57601
2717 -21217 -57601
2718 -21216 -57601
2719 -21213 -57601
2720 -21210 -57601
2721 -21213 -57601
2722 -21215 -57601
2723 -21209 -57601
2724 -21212 -57601
2725 -21207 -57601
2726 -21211 -57601
2727 -21214 -57601
2728 -21214 -57601
2729 -21210 -57601
2730 -21212 -57601
2731 -21211 -57601
2732 -21211 -57601
2733 -21215 -57601
2734 -21216 -57601
2735 -21219 -57601
2736 -21213 -57601
2737 -21216 -57601
2738 -21218 -57601
2739 -21220 -57601
2740 -21219 -57601
2741 -21218 -57601
2742 -21219 -57601
2743 -21213 -57601
2744 -21209 -57601
2745 -21215 -57601
2746 -21217 -57601
2747 -21214 -57601
2748 -21215 -57601
2749 -21213 -57601
2750 -21213 -57601
2751 -21215 -57601
2752 -21210 -57601
2753 -21212 -57601
2754 -21216 -57601
2755 -21219 -57601
2756 -21216 -57601
2757 -21222 -57601
2758 -21218 -57601
2759 -21217 -57601
2760 -21214 -57601
2761 -21213 -57601
2762 -21214 -57601
2763 -21212 -57601
2764 -21214 -57601
2765 -21213 -57601
2766 -21213 -57601
2767 -21213 -57601
2768 -21215 -57601
2769 -21218 -57601
2770 -21219 -57601
2771 -21209 -57601
2772 -21215 -57601
2773 -21213 -57601
2774 -21226 -57601
2775 -21216 -57601
2776 -21216 -57601
2777 -21209 -57601
2778 -21217 -57601
2779 -21216 -57601
2780 -21217 -57601
2781 -21212 -57601
2782 -21214 -57601
2783 -21215 -57601
2784 -21213 -57601
2785 -21209 -57601
2786 -21214 -57601
2787 -21214 -57601
2788 -21209 -57601
2789 -21213 -57601
2790 -21214 -57601
2791 -21217 -57601
2792 -21212 -57601
2793 -21215 -57601
2794 -21220 -57601
2795 -21216 -57601
2796 -21212 -57601
2797 -21216 -57601
2798 -21217 -57601
2799 -21211 -57601
2800 -21215 -57601
2801 -21214 -57601
2802 -21213 -57601
2803 -21211 -57601
2804 -21215 -57601
2805 -21214 -57601
2806 -21211 -57601
2807 -21213 -57601
2808 -21219 -57601
2809 -21215 -57601
2810 -21214 -57601
2811 -21215 -57601
2812 -21214 -57601
2813 -21217 -57601
2814 -21217 -57601
2815 -21215 -57601
2816 -21212 -57601
2817 -21214 -57601
2818 -21213 -57601
2819 -21209 -57601
2820 3341 -57601
2821 -21215 -57601
2822 -21212 -57601
2823 -21211 -57601
2824 -21214 -57601
2825 -21219 -57601
2826 -21213 -57601
2827 -21215 -57601
2828 -21217 -57601
2829 -21216 -57601
2830 -21210 -57601
2831 -21212 -57601
2832 -21207 -57601
2833 -21219 -57601
2834 -21214 -57601
2835 -21219 -57601
2836 -21213 -57601
2837 -21221 -57601
2838 -21217 -57601
2839 -21213 -57601
2840 -21212 -57601
2841 -21217 -57601
2842 -21214 -57601
2843 -21211 -57601
2844 -21211 -57601
2845 -21216 -57601
2846 -21219 -57601
2847 -21210 -57601
2848 -21216 -57601
2849 -21216 -57601
2850 -21217 -57601
2851 -21214 -57601
2852 -21214 -57601
2853 -21215 -57601
2854 -21213 -57601
2855 -21214 -57601
2856 -21216 -57601
2857 -21213 -57601
2858 -21212 -57601
2859 -21210 -57601
2860 -21216 -57601
2861 -21212 -57601
2862 -21217 -57601
2863 -21211 -57601
2864 -21210 -57601
2865 -21216 -57601
2866 -21213 -57601
2867 -21211 -57601
2868 -21213 -57601
2869 -21198 -57601
2870 -21212 -57601
2871 -21212 -57601
2872 -21212 -57601
2873 -21213 -57601
2874 -21219 -57601
2875 -21219 -57601
2876 -21214 -57601
2877 -21215 -57601
2878 -21214 -57601
2879 -21214 -57601
2880 -21210 -57601
2881 -21211 -57601
2882 -21212 -57601
2883 -21213 -57601
2884 -21213 -57601
2885 -21213 -57601
2886 -21215 -57601
2887 -21213 -57601
2888 -21207 -57601
2889 -21212 -57601
2890 -21215 -57601
2891 -21211 -57601
2892 -21218 -57601
2893 -21220 -57601
2894 -21214 -57601
2895 -21214 -57601
2896 -21216 -57601
2897 -21212 -57601
2898 -21218 -57601
2899 -21222 -57601
2900 -21214 -57601
2901 -21215 -57601
2902 -21214 -57601
2903 -21214 -57601
2904 -21216 -57601
2905 -21215 -57601
2906 -21218 -57601
2907 -21214 -57601
2908 -21212 -57601
2909 -21222 -57601
2910 -21211 -57601
2911 -21228 -57601
2912 -21213 -57601
2913 -21215 -57601
2914 -21217 -57601
2915 -21212 -57601
2916 -21211 -57601
2917 -21217 -57601
2918 -21212 -57601
2919 -21211 -57601
2920 -21211 -57601
2921 -21209 -57601
2922 -21215 -57601
2923 -21210 -57601
2924 -21212 -57601
2925 -21215 -57601
2926 -21220 -57601
2927 -21209 -57601
2928 -21213 -57601
2929 -21210 -57601
2930 -21211 -57601
2931 -21212 -57601
2932 -21213 -57601
2933 -21213 -57601
2934 -21216 -57601
2935 -21213 -57601
2936 -21209 -57601
2937 -21213 -57601
2938 -21216 -57601
2939 -21208 -57601
2940 -21214 -57601
2941 -21211 -57601
2942 -21215 -57601
2943 -21215 -57601
2944 -21215 -57601
2945 -21210 -57601
2946 -21216 -57601
2947 -21211 -57601
2948 -21211 -57601
2949 -21213 -57601
2950 -21219 -57601
2951 -21211 -57601
2952 -21216 -57601
2953 -21210 -57601
2954 -21213 -57601
2955 -21215 -57601
2956 -21212 -57601
2957 -21215 -57601
2958 -21213 -57601
2959 -21212 -57601
2960 -21211 -57601
2961 -21212 -57601
2962 -21213 -57601
2963 -21212 -57601
2964 -21213 -57601
2965 -21214 -57601
2966 -21214 -57601
2967 -21207 -57601
2968 -21217 -57601
2969 -21216 -57601
2970 -21214 -57601
2971 -21210 -57601
2972 -21210 -57601
2973 -21211 -57601
2974 -21216 -57601
2975 -21209 -57601
2976 -21213 -57601
2977 -21208 -57601
2978 -21213 -57601
2979 -21231 -57601
2980 -21217 -57601
2981 -21215 -57601
2982 -21212 -57601
2983 -21214 -57601
2984 -21217 -57601
2985 -21215 -57601
2986 -21213 -57601
2987 -21215 -57601
2988 -21210 -57601
2989 -21211 -57601
2990 -21215 -57601
2991 -21213 -57601
2992 -21212 -57601
2993 -21217 -57601
2994 -21211 -57601
2995 -21214 -57601
2996 -21215 -57601
2997 -21216 -57601
2998 -21211 -57601
2999 -21214 -57601
3000 -21215 -57601
3001 -21215 -57601
3002 -21213 -57601
3003 -21214 -57601
3004 -21208 -57601
3005 -21214 -57601
3006 -21209 -57601
3007 -21212 -57601
3008 -21217 -57601
3009 -21214 -57601
3010 -21214 -57601
3011 -21208 -57601
3012 -21212 -57601
3013 -21214 -57601
3014 -21217 -57601
3015 -21216 -57601
3016 -21211 -57601
3017 -21219 -57601
3018 -21214 -57601
3019 -21213 -57601
3020 -21218 -57601
3021 -21211 -57601
3022 -21239 -57601
3023 -21240 -57601
3024 -21213 -57601
3025 -21210 -57601
3026 -21213 -57601
3027 -21214 -57601
3028 -21216 -57601
3029 -21216 -57601
3030 -21209 -57601
3031 -21208 -57601
3032 -21209 -57601
3033 -21215 -57601
3034 -21215 -57601
3035 -21215 -57601
3036 -21209 -57601
3037 -21213 -57601
3038 -21209 -57601
3039 -21212 -57601
3040 -21221 -57601
3041 -21211 -57601
3042 -21212 -57601
3043 -21213 -57601
3044 -21209 -57601
3045 -21215 -57601
3046 -21213 -57601
3047 -21236 -57601
3048 -21214 -57601
3049 -21211 -57601
3050 -21213 -57601
3051 -21211 -57601
3052 -21215 -57601
3053 -21218 -57601
3054 -21214 -57601
3055 -21209 -57601
3056 -21216 -57601
3057 -21212 -57601
3058 -21218 -57601
3059 -21209 -57601
3060 -21212 -57601
3061 -21215 -57601
3062 -21212 -57601
3063 -21211 -57601
3064 -21209 -57601
3065 -21215 -57601
3066 -21212 -57601
3067 -21213 -57601
3068 -21209 -57601
3069 -21214 -57601
3070 -21215 -57601
3071 -21216 -57601
3072 -21212 -57601
3073 -21211 -57601
3074 -21212 -57601
3075 -21212 -57601
3076 -21211 -57601
3077 -21210 -57601
3078 -21207 -57601
3079 -21212 -57601
3080 -21211 -57601
3081 -21210 -57601
3082 -21213 -57601
3083 -21214 -57601
3084 -21215 -57601
3085 -21213 -57601
3086 -21214 -57601
3087 -21217 -57601
3088 -21214 -57601
3089 -21211 -57601
3090 -21215 -57601
3091 -21215 -57601
3092 -21223 -57601
3093 -21215 -57601
3094 -21220 -57601
3095 -21217 -57601
3096 -21215 -57601
3097 -21214 -57601
3098 -21220 -57601
3099 -21213 -57601
3100 -21212 -57601
3101 -21219 -57601
3102 -21213 -57601
3103 -21212 -57601
3104 -21214 -57601
3105 -21210 -57601
3106 -21213 -57601
3107 -21211 -57601
3108 -21211 -57601
3109 -21211 -57601
3110 -21210 -57601
3111 -21212 -57601
3112 -21210 -57601
3113 -21219 -57601
3114 -21217 -57601
3115 -21213 -57601
3116 -21215 -57601
3117 -21213 -57601
3118 -21216 -57601
3119 -21211 -57601
3120 -21212 -57601
3121 -21215 -57601
3122 -21215 -57601
3123 -21216 -57601
3124 -21210 -57601
3125 -21215 -57601
3126 -21215 -57601
3127 -21213 -57601
3128 -21214 -57601
3129 -21212 -57601
3130 -21212 -57601
3131 -21214 -57601
3132 -21214 -57601
3133 -21211 -57601
3134 -21213 -57601
3135 -21215 -57601
3136 -21215 -57601
3137 -21216 -57601
3138 -21198 -57601
3139 -21212 -57601
3140 -21212 -57601
3141 -21215 -57601
3142 -21217 -57601
3143 -21215 -57601
3144 -21239 -57601
3145 -21217 -57601
3146 -21211 -57601
3147 -21215 -57601
3148 -21212 -57601
3149 -21211 -57601
3150 -21213 -57601
3151 -21213 -57601
3152 -21215 -57601
3153 -21212 -57601
3154 -21213 -57601
3155 -21214 -57601
3156 -21217 -57601
3157 -21220 -57601
3158 -21212 -57601
3159 -21211 -57601
3160 -21214 -57601
3161 -21213 -57601
3162 -21212 -57601
3163 -21214 -57601
3164 -21212 -57601
3165 -21212 -57601
3166 -21213 -57601
3167 -21214 -57601
3168 -21216 -57601
3169 -21213 -57601
3170 -21216 -57601
3171 -21209 -57601
3172 -21214 -57601
3173 -21209 -57601
3174 -21212 -57601
3175 -21214 -57601
3176 -21214 -57601
3177 -21214 -57601
3178 -21216 -57601
3179 -21216 -57601
3180 -21211 -57601
3181 -21215 -57601
3182 -21211 -57601
3183 -21215 -57601
3184 -21215 -57601
3185 -21215 -57601
3186 -21213 -57601
3187 -21214 -57601
3188 -21211 -57601
3189 -21212 -57601
3190 -21214 -57601
3191 -21214 -57601
3192 -21216 -57601
3193 -21214 -57601
3194 -21210 -57601
3195 -21216 -57601
3196 -21211 -57601
3197 -21213 -57601
3198 -21219 -57601
3199 -21215 -57601
3200 -21218 -57601
3201 -21213 -57601
3202 -21214 -57601
3203 -21212 -57601
3204 -21213 -57601
3205 -21214 -57601
3206 -21215 -57601
3207 -21209 -57601
3208 -21211 -57601
3209 -21215 -57601
3210 -21215 -57601
3211 -21214 -57601
3212 -21211 -57601
3213 -21211 -57601
3214 -21209 -57601
3215 -21216 -57601
3216 -21213 -57601
3217 -21215 -57601
3218 -21214 -57601
3219 -21210 -57601
3220 -21212 -57601
3221 -21213 -57601
3222 -21213 -57601
3223 -21217 -57601
3224 -21214 -57601
3225 -21210 -57601
3226 -21220 -57601
3227 -21210 -57601
3228 -21213 -57601
3229 -21212 -57601
3230 -21214 -57601
3231 -21214 -57601
3232 -21212 -57601
3233 -21216 -57601
3234 -21212 -57601
3235 -21215 -57601
3236 -21213 -57601
3237 -21219 -57601
3238 -21212 -57601
3239 -137 -57601
3240 -21213 -57601
3241 -21210 -57601
3242 -21216 -57601
3243 -21210 -57601
