0 -21222 -57601
1 -21221 -57601
2 -21222 -57601
3 -21217 -57601
4 -21220 -57601
5 -21217 -57601
6 -21216 -57601
7 -21219 -57601
8 -21217 -57601
9 -21219 -57601
10 -21217 -57601
11 -21218 -57601
12 -21219 -57601
13 -21218 -57601
14 -21227 -57601
15 -21216 -57601
16 -21220 -57601
17 -21216 -57601
18 -21221 -57601
19 -21225 -57601
20 -21221 -57601
21 -21219 -57601
22 -21217 -57601
23 -21220 -57601
24 -21219 -57601
25 -21218 -57601
26 -21217 -57601
27 -21216 -57601
28 -21217 -57601
29 -21225 -57601
30 -21221 -57601
31 -21219 -57601
32 -21225 -57601
33 -21220 -57601
34 -21220 -57601
35 -21219 -57601
36 -21219 -57601
37 -21224 -57601
38 -21224 -57601
39 -21217 -57601
40 -21215 -57601
41 -21219 -57601
42 -21214 -57601
43 -21218 -57601
44 -21215 -57601
45 -21219 -57601
46 -21229 -57601
47 -21222 -57601
48 -21216 -57601
49 -21225 -57601
50 -21214 -57601
51 -21221 -57601
52 -21220 -57601
53 -21224 -57601
54 -21219 -57601
55 -21215 -57601
56 -21220 -57601
57 -21220 -57601
58 -21223 -57601
59 -21212 -57601
60 -21219 -57601
61 -21217 -57601
62 -21218 -57601
63 -21218 -57601
64 -21218 -57601
65 -21218 -57601
66 -21224 -57601
67 -21214 -57601
68 -21221 -57601
69 -21220 -57601
70 -21221 -57601
71 -21223 -57601
72 -21215 -57601
73 -21215 -57601
74 -21223 -57601
75 -21225 -57601
76 -21214 -57601
77 -21215 -57601
78 -21224 -57601
79 -21223 -57601
80 -21215 -57601
81 -21226 -57601
82 -21220 -57601
83 -21220 -57601
84 -21223 -57601
85 -21213 -57601
86 -21220 -57601
87 -21215 -57601
88 -21214 -57601
89 -21218 -57601
90 -21224 -57601
91 -21215 -57601
92 -21217 -57601
93 -21220 -57601
94 -21219 -57601
95 -21218 -57601
96 -21220 -57601
97 -21222 -57601
98 -21217 -57601
99 -21223 -57601
100 -21220 -57601
101 -21219 -57601
102 -21218 -57601
103 -21217 -57601
104 -21219 -57601
105 -21217 -57601
106 -21223 -57601
107 -21220 -57601
108 -21218 -57601
109 -21216 -57601
110 -21221 -57601
111 -21224 -57601
112 -21216 -57601
113 -21221 -57601
114 -21213 -57601
115 -21220 -57601
116 -21218 -57601
117 -21221 -57601
118 -21221 -57601
119 -21223 -57601
120 -21218 -57601
121 -21219 -57601
122 -21226 -57601
123 -21220 -57601
124 -21218 -57601
125 -21221 -57601
126 -21215 -57601
127 -21217 -57601
128 -21220 -57601
129 -21217 -57601
130 -21213 -57601
131 -21220 -57601
132 -21214 -57601
133 -21219 -57601
134 -21217 -57601
135 -21219 -57601
136 -21216 -57601
137 -21224 -57601
138 -21222 -57601
139 -21221 -57601
140 -21224 -57601
141 -21229 -57601
142 -21223 -57601
143 -21219 -57601
144 -21217 -57601
145 -21219 -57601
146 -21217 -57601
147 -21215 -57601
148 -21219 -57601
149 -21218 -57601
150 -21216 -57601
151 -21215 -57601
152 -21223 -57601
153 -21223 -57601
154 -21221 -57601
155 -21209 -57601
156 -21218 -57601
157 -21220 -57601
158 -21225 -57601
159 -21223 -57601
160 -21221 -57601
161 -21218 -57601
162 -21216 -57601
163 -21214 -57601
164 -21217 -57601
165 -21223 -57601
166 -21228 -57601
167 -21217 -57601
168 -21219 -57601
169 -21216 -57601
170 -21220 -57601
171 -21219 -57601
172 -21220 -57601
173 -21220 -57601
174 -21219 -57601
175 -21216 -57601
176 -21213 -57601
177 -21224 -57601
178 -21216 -57601
179 -21215 -57601
180 -21224 -57601
181 -21217 -57601
182 -21218 -57601
183 -21213 -57601
184 -21220 -57601
185 -21228 -57601
186 -21220 -57601
187 -21222 -57601
188 -21221 -57601
189 -21218 -57601
190 -21216 -57601
191 -21212 -57601
192 -21217 -57601
193 -21216 -57601
194 -21220 -57601
195 -21217 -57601
196 -21220 -57601
197 -21217 -57601
198 -21220 -57601
199 -21218 -57601
200 -21218 -57601
201 -21212 -57601
202 -21215 -57601
203 -21216 -57601
204 -21220 -57601
205 -21219 -57601
206 -21216 -57601
207 -21219 -57601
208 -21228 -57601
209 -21225 -57601
210 -21220 -57601
211 -21221 -57601
212 -21220 -57601
213 -21213 -57601
214 -21220 -57601
215 -21217 -57601
216 -21212 -57601
217 -21219 -57601
218 -21224 -57601
219 -21219 -57601
220 -21214 -57601
221 -21225 -57601
222 -21223 -57601
223 -21220 -57601
224 -21226 -57601
225 -21219 -57601
226 -21224 -57601
227 -21223 -57601
228 -21218 -57601
229 -21216 -57601
230 -21223 -57601
231 -21218 -57601
232 -21214 -57601
233 -21232 -57601
234 -21223 -57601
235 -21220 -57601
236 -21227 -57601
237 -21217 -57601
238 -21223 -57601
239 -21212 -57601
240 -21230 -57601
241 -21222 -57601
242 -21217 -57601
243 -21220 -57601
244 -21220 -57601
245 -21216 -57601
246 -21221 -57601
247 -21265 -57601
248 -21221 -57601
249 -21219 -57601
250 -21222 -57601
251 -21214 -57601
252 -21218 -57601
253 -21222 -57601
254 -21221 -57601
255 -21219 -57601
256 -21219 -57601
257 -21221 -57601
258 -21218 -57601
259 -21221 -57601
260 -21220 -57601
261 -21219 -57601
262 -21219 -57601
263 -21221 -57601
264 -21216 -57601
265 -21214 -57601
266 -21217 -57601
267 -21216 -57601
268 -21220 -57601
269 -21219 -57601
270 -21224 -57601
271 -21217 -57601
272 -21221 -57601
273 -21224 -57601
274 -21217 -57601
275 -21219 -57601
276 -21218 -57601
277 -21218 -57601
278 -21222 -57601
279 -21218 -57601
280 -21217 -57601
281 -21227 -57601
282 -21228 -57601
283 -21219 -57601
284 -21218 -57601
285 -21213 -57601
286 -21219 -57601
287 -21219 -57601
288 -21216 -57601
289 -21220 -57601
290 -21219 -57601
291 -21215 -57601
292 -21217 -57601
293 -21224 -57601
294 -21222 -57601
295 -21219 -57601
296 -21215 -57601
297 -21228 -57601
298 -21221 -57601
299 -21214 -57601
300 -21221 -57601
301 -21222 -57601
302 -21217 -57601
303 -21228 -57601
304 -21212 -57601
305 -21225 -57601
306 -21220 -57601
307 -21221 -57601
308 -21223 -57601
309 -21216 -57601
310 -21218 -57601
311 -21217 -57601
312 -21228 -57601
313 -21220 -57601
314 -21220 -57601
315 -21217 -57601
316 -21216 -57601
317 -21224 -57601
318 -21215 -57601
319 -21215 -57601
320 -21217 -57601
321 -21218 -57601
322 -21215 -57601
323 -21220 -57601
324 -21215 -57601
325 -21217 -57601
326 -21217 -57601
327 -21223 -57601
328 -21219 -57601
329 -21223 -57601
330 -21217 -57601
331 -21215 -57601
332 -21223 -57601
333 -21219 -57601
334 -21221 -57601
335 -21222 -57601
336 -21216 -57601
337 -21220 -57601
338 -21216 -57601
339 -21216 -57601
340 -21219 -57601
341 -21215 -57601
342 -21223 -57601
343 -21220 -57601
344 -21216 -57601
345 -21219 -57601
346 -21219 -57601
347 -21224 -57601
348 -21213 -57601
349 -21224 -57601
350 -21217 -57601
351 -21219 -57601
352 -21221 -57601
353 -21212 -57601
354 -21222 -57601
355 -21244 -57601
356 -21221 -57601
357 -21220 -57601
358 -21215 -57601
359 -21215 -57601
360 -21219 -57601
361 -21218 -57601
362 -21258 -57601
363 -21217 -57601
364 -21217 -57601
365 -21222 -57601
366 -21221 -57601
367 -21219 -57601
368 -21213 -57601
369 -21217 -57601
370 -21218 -57601
371 -21218 -57601
372 -21218 -57601
373 -21231 -57601
374 -21217 -57601
375 -21220 -57601
376 -21218 -57601
377 -21220 -57601
378 -21216 -57601
379 -21225 -57601
380 -21189 -57601
381 -21218 -57601
382 -21224 -57601
383 -21217 -57601
384 -21222 -57601
385 -21218 -57601
386 -21218 -57601
387 -21219 -57601
388 -21217 -57601
389 -21223 -57601
390 -21221 -57601
391 -21218 -57601
392 -21219 -57601
393 -21229 -57601
394 -21211 -57601
395 -21222 -57601
396 -21224 -57601
397 -21226 -57601
398 -21216 -57601
399 -21228 -57601
400 -21223 -57601
401 -21225 -57601
402 -21220 -57601
403 -21222 -57601
404 -21219 -57601
405 -21216 -57601
406 -21216 -57601
407 -21222 -57601
408 -21223 -57601
409 -21220 -57601
410 -21218 -57601
411 -21220 -57601
412 -21220 -57601
413 -21221 -57601
414 -21222 -57601
415 -21222 -57601
416 -21215 -57601
417 -21212 -57601
418 -21216 -57601
419 -21216 -57601
420 -21220 -57601
421 -21219 -57601
422 -21217 -57601
423 -21216 -57601
424 -21216 -57601
425 -21215 -57601
426 -21220 -57601
427 -21224 -57601
428 -21217 -57601
429 -21216 -57601
430 -21225 -57601
431 -21218 -57601
432 -21227 -57601
433 -21218 -57601
434 -21216 -57601
435 -21229 -57601
436 -21218 -57601
437 -21227 -57601
438 -21224 -57601
439 -21220 -57601
440 -21226 -57601
441 -21221 -57601
442 -21221 -57601
443 -21220 -57601
444 -21219 -57601
445 -21228 -57601
446 -21218 -57601
447 -21222 -57601
448 -21225 -57601
449 -21224 -57601
450 -21217 -57601
451 -21222 -57601
452 -21219 -57601
453 -21216 -57601
454 -21218 -57601
455 -21214 -57601
456 -21214 -57601
457 -21220 -57601
458 -21220 -57601
459 -21217 -57601
460 -21218 -57601
461 -21219 -57601
462 -21215 -57601
463 -21220 -57601
464 -21219 -57601
465 -21222 -57601
466 -21222 -57601
467 -21223 -57601
468 -21223 -57601
469 -21224 -57601
470 -21223 -57601
471 -21220 -57601
472 -21233 -57601
473 -21216 -57601
474 -21223 -57601
475 -21218 -57601
476 -21218 -57601
477 -21219 -57601
478 -21224 -57601
479 -21217 -57601
480 -21219 -57601
481 -21220 -57601
482 -21224 -57601
483 -21217 -57601
484 -21222 -57601
485 -21220 -57601
486 -21218 -57601
487 -21220 -57601
488 -21209 -57601
489 -21223 -57601
490 -21225 -57601
491 -21221 -57601
492 -21220 -57601
493 -21218 -57601
494 -21223 -57601
495 -21215 -57601
496 -21232 -57601
497 -21216 -57601
498 -21221 -57601
499 -21218 -57601
500 -21216 -57601
501 -21223 -57601
502 -21220 -57601
503 -21223 -57601
504 -21212 -57601
505 -21217 -57601
506 -21214 -57601
507 -21224 -57601
508 -21217 -57601
509 -21211 -57601
510 -21230 -57601
511 -21223 -57601
512 -21217 -57601
513 -21221 -57601
514 -21220 -57601
515 -21222 -57601
516 -21222 -57601
517 -21225 -57601
518 -21227 -57601
519 -21215 -57601
520 -21217 -57601
521 -21222 -57601
522 -21207 -57601
523 -21220 -57601
524 -21215 -57601
525 -21220 -57601
526 -21218 -57601
527 -21218 -57601
528 -21224 -57601
529 -21224 -57601
530 -21219 -57601
531 -21215 -57601
532 -21221 -57601
533 -21224 -57601
534 -21219 -57601
535 -21219 -57601
536 -21223 -57601
537 -21215 -57601
538 -21223 -57601
539 -21219 -57601
540 -21220 -57601
541 -21217 -57601
542 -21221 -57601
543 -21219 -57601
544 -21219 -57601
545 -21157 -57601
546 -21221 -57601
547 -21221 -57601
548 -21217 -57601
549 -21216 -57601
550 -21218 -57601
551 -21216 -57601
552 -21222 -57601
553 -21216 -57601
554 -21215 -57601
555 -21216 -57601
556 -21224 -57601
557 -21224 -57601
558 -21216 -57601
559 -21213 -57601
560 -21220 -57601
561 -21218 -57601
562 -21232 -57601
563 -21219 -57601
564 -21222 -57601
565 -21216 -57601
566 -21225 -57601
567 -21216 -57601
568 -21220 -57601
569 -21220 -57601
570 -21219 -57601
571 -21213 -57601
572 -21217 -57601
573 -21219 -57601
574 -21217 -57601
575 -21215 -57601
576 -21219 -57601
577 -21214 -57601
578 -21216 -57601
579 -21216 -57601
580 -21227 -57601
581 -21216 -57601
582 -21217 -57601
583 -21219 -57601
584 -21222 -57601
585 -21216 -57601
586 -21229 -57601
587 -21220 -57601
588 -21218 -57601
589 -21223 -57601
590 -21227 -57601
591 -21236 -57601
592 -21214 -57601
593 -21223 -57601
594 -21219 -57601
595 -21218 -57601
596 -21222 -57601
597 -21214 -57601
598 -21217 -57601
599 -21220 -57601
600 -21221 -57601
601 -21222 -57601
602 -21205 -57601
603 -21219 -57601
604 -21218 -57601
605 -21215 -57601
606 -21214 -57601
607 -21216 -57601
608 -21221 -57601
609 -21222 -57601
610 -21225 -57601
611 -21218 -57601
612 -21223 -57601
613 -21219 -57601
614 -21220 -57601
615 -21219 -57601
616 -21218 -57601
617 -21215 -57601
618 -21217 -57601
619 -21219 -57601
620 -21220 -57601
621 -21219 -57601
622 -21217 -57601
623 -21220 -57601
624 -21220 -57601
625 -21219 -57601
626 -21220 -57601
627 -21219 -57601
628 -21227 -57601
629 -21221 -57601
630 -21202 -57601
631 -21221 -57601
632 -21221 -57601
633 -21213 -57601
634 -21217 -57601
635 -21222 -57601
636 -21219 -57601
637 -21219 -57601
638 -21222 -57601
639 -21216 -57601
640 -21221 -57601
641 -21216 -57601
642 -21218 -57601
643 -21226 -57601
644 -21216 -57601
645 -21215 -57601
646 -21219 -57601
647 -21223 -57601
648 -21218 -57601
649 -21215 -57601
650 -21220 -57601
651 -21220 -57601
652 -21215 -57601
653 -21220 -57601
654 -21219 -57601
655 -21220 -57601
656 -21217 -57601
657 -21221 -57601
658 -21218 -57601
659 -21225 -57601
660 -21219 -57601
661 -21217 -57601
662 -21225 -57601
663 -21217 -57601
664 -21284 -57601
665 -21212 -57601
666 -21218 -57601
667 -21215 -57601
668 -21220 -57601
669 -21221 -57601
670 -21207 -57601
671 -21220 -57601
672 -21212 -57601
673 -21216 -57601
674 -21222 -57601
675 -21218 -57601
676 -21220 -57601
677 -21222 -57601
678 -21221 -57601
679 -21222 -57601
680 -21224 -57601
681 -21218 -57601
682 -21217 -57601
683 -21215 -57601
684 -21221 -57601
685 -21223 -57601
686 -21228 -57601
687 -21218 -57601
688 -21225 -57601
689 -21220 -57601
690 -21215 -57601
691 -21221 -57601
692 -21222 -57601
693 -21219 -57601
694 -21219 -57601
695 -21214 -57601
696 -21220 -57601
697 -21218 -57601
698 -21220 -57601
699 -21223 -57601
700 -21222 -57601
701 -21221 -57601
702 -21222 -57601
703 -21219 -57601
704 -21224 -57601
705 -21221 -57601
706 -21218 -57601
707 -21223 -57601
708 -21226 -57601
709 -21241 -57601
710 -21220 -57601
711 -21205 -57601
712 -21219 -57601
713 -21217 -57601
714 -21219 -57601
715 -21219 -57601
716 -21215 -57601
717 -21216 -57601
718 -21222 -57601
719 -21218 -57601
720 -21218 -57601
721 -21225 -57601
722 -21224 -57601
723 -21218 -57601
724 -21220 -57601
725 -21218 -57601
726 -21219 -57601
727 -21221 -57601
728 -21224 -57601
729 -21222 -57601
730 -21215 -57601
731 -21227 -57601
732 -21228 -57601
733 -21213 -57601
734 -21225 -57601
735 -21224 -57601
736 -21219 -57601
737 -21227 -57601
738 -21218 -57601
739 -21222 -57601
740 -21218 -57601
741 -21217 -57601
742 -21226 -57601
743 -21226 -57601
744 -21219 -57601
745 -21223 -57601
746 -21217 -57601
747 -21216 -57601
748 -21217 -57601
749 -21220 -57601
750 -21217 -57601
751 -21226 -57601
752 -21217 -57601
753 -21216 -57601
754 -21218 -57601
755 -21211 -57601
756 -21222 -57601
757 -21215 -57601
758 -21217 -57601
759 -21221 -57601
760 -21214 -57601
761 -21212 -57601
762 -21218 -57601
763 -21221 -57601
764 -21222 -57601
765 -21221 -57601
766 -21223 -57601
767 -21221 -57601
768 -21221 -57601
769 -21217 -57601
770 -21217 -57601
771 -21217 -57601
772 -21217 -57601
773 -21221 -57601
774 -21215 -57601
775 -21219 -57601
776 -21216 -57601
777 -21223 -57601
778 -21216 -57601
779 -21220 -57601
780 -21224 -57601
781 -21217 -57601
782 -21218 -57601
783 -21228 -57601
784 -21216 -57601
785 -21219 -57601
786 -21216 -57601
787 -21219 -57601
788 -21215 -57601
789 -21222 -57601
790 -21217 -57601
791 -21223 -57601
792 -21223 -57601
793 -21224 -57601
794 -21220 -57601
795 -21216 -57601
796 -21219 -57601
797 -21223 -57601
798 -21218 -57601
799 -21221 -57601
800 -21219 -57601
801 -21218 -57601
802 -21218 -57601
803 -21218 -57601
804 -21222 -57601
805 -21218 -57601
806 -21221 -57601
807 -21224 -57601
808 -21218 -57601
809 -21223 -57601
810 -21219 -57601
811 -21217 -57601
812 -21223 -57601
813 -21224 -57601
814 -21221 -57601
815 -21225 -57601
816 -21222 -57601
817 -21216 -57601
818 -21224 -57601
819 -21220 -57601
820 -21215 -57601
821 -21218 -57601
822 -21216 -57601
823 -21214 -57601
824 -21219 -57601
825 -21218 -57601
826 -21215 -57601
827 -21225 -57601
828 -21215 -57601
829 -21219 -57601
830 -21219 -57601
831 -21217 -57601
832 -21219 -57601
833 -21219 -57601
834 -21238 -57601
835 -21225 -57601
836 -21216 -57601
837 -21216 -57601
838 -21218 -57601
839 -21219 -57601
840 -21223 -57601
841 -21224 -57601
842 -21218 -57601
843 -21215 -57601
844 -21218 -57601
845 -21220 -57601
846 -21220 -57601
847 -21220 -57601
848 -21221 -57601
849 -21219 -57601
850 -21225 -57601
851 -21219 -57601
852 -21221 -57601
853 -21223 -57601
854 -21220 -57601
855 -21220 -57601
856 -21219 -57601
857 -21221 -57601
858 -21219 -57601
859 -21220 -57601
860 -21215 -57601
861 -21228 -57601
862 -21219 -57601
863 -21220 -57601
864 -21230 -57601
865 -21218 -57601
866 -21215 -57601
867 -21218 -57601
868 -21230 -57601
869 -21216 -57601
870 -21221 -57601
871 -21214 -57601
872 -21223 -57601
873 -21218 -57601
874 -21220 -57601
875 -21223 -57601
876 -21225 -57601
877 -21216 -57601
878 -21219 -57601
879 -21223 -57601
880 -21225 -57601
881 -21220 -57601
882 -21215 -57601
883 -21216 -57601
884 -21229 -57601
885 -21219 -57601
886 -21220 -57601
887 -21218 -57601
888 -21218 -57601
889 -21219 -57601
890 -21220 -57601
891 -21221 -57601
892 -21216 -57601
893 -21214 -57601
894 -21217 -57601
895 -21223 -57601
896 -21221 -57601
897 -21216 -57601
898 -21215 -57601
899 -21220 -57601
900 -21218 -57601
901 -21216 -57601
902 -21217 -57601
903 -21213 -57601
904 -21218 -57601
905 -21221 -57601
906 -21224 -57601
907 -21221 -57601
908 -21217 -57601
909 -21217 -57601
910 -21223 -57601
911 -21222 -57601
912 -21216 -57601
913 -21216 -57601
914 -21227 -57601
915 -21220 -57601
916 -21220 -57601
917 -21223 -57601
918 -21218 -57601
919 -21221 -57601
920 -21219 -57601
921 -21224 -57601
922 -21217 -57601
923 -21215 -57601
924 -21220 -57601
925 -21226 -57601
926 -21217 -57601
927 -21217 -57601
928 -21232 -57601
929 -21198 -57601
930 -21217 -57601
931 -21218 -57601
932 -21226 -57601
933 -21220 -57601
934 -21214 -57601
935 -21216 -57601
936 -21218 -57601
937 -21230 -57601
938 -21218 -57601
939 -21217 -57601
940 -21219 -57601
941 -21219 -57601
942 -21222 -57601
943 -21221 -57601
944 -21221 -57601
945 -21218 -57601
946 -21222 -57601
947 -21223 -57601
948 -21222 -57601
949 -21218 -57601
950 -21216 -57601
951 -21217 -57601
952 -21218 -57601
953 -21231 -57601
954 -21224 -57601
955 -21217 -57601
956 -21214 -57601
957 -21218 -57601
958 -21222 -57601
959 -21219 -57601
960 -21223 -57601
961 -21219 -57601
962 -21221 -57601
963 -21220 -57601
964 -21219 -57601
965 -21215 -57601
966 -21221 -57601
967 -21216 -57601
968 -21223 -57601
969 -21217 -57601
970 -21219 -57601
971 -21221 -57601
972 -21220 -57601
973 -21214 -57601
974 -21218 -57601
975 -21223 -57601
976 -21220 -57601
977 -21222 -57601
978 -21217 -57601
979 -21217 -57601
980 -21218 -57601
981 -21230 -57601
982 -21217 -57601
983 -21218 -57601
984 -21221 -57601
985 -21220 -57601
986 -21221 -57601
987 -21218 -57601
988 -21221 -57601
989 -21225 -57601
990 -21219 -57601
991 -21218 -57601
992 -21223 -57601
993 -21220 -57601
994 -21214 -57601
995 -21219 -57601
996 -21217 -57601
997 -21217 -57601
998 -21218 -57601
999 -21226 -57601
1000 -21218 -57601
1001 -21215 -57601
1002 -21217 -57601
1003 3317 -57601
1004 -21213 -57601
1005 -21221 -57601
1006 -21213 -57601
1007 -21219 -57601
1008 -21219 -57601
1009 -21214 -57601
1010 -21219 -57601
1011 -21226 -57601
1012 -21220 -57601
1013 -21223 -57601
1014 -21196 -57601
1015 -21214 -57601
1016 -21228 -57601
1017 -21219 -57601
1018 -21218 -57601
1019 -21215 -57601
1020 -21222 -57601
1021 -21216 -57601
1022 -21216 -57601
1023 -21222 -57601
1024 -21216 -57601
1025 -21218 -57601
1026 -21222 -57601
1027 -21226 -57601
1028 -21214 -57601
1029 -21221 -57601
1030 -21217 -57601
1031 -21222 -57601
1032 -21222 -57601
1033 -21216 -57601
1034 -21226 -57601
1035 -21219 -57601
1036 -21218 -57601
1037 -21215 -57601
1038 -21220 -57601
1039 -21219 -57601
1040 -21218 -57601
1041 -21223 -57601
1042 -21220 -57601
1043 -21223 -57601
1044 -21232 -57601
1045 -21217 -57601
1046 -21217 -57601
1047 -21222 -57601
1048 -21219 -57601
1049 -21217 -57601
1050 -21218 -57601
1051 -21222 -57601
1052 -21220 -57601
1053 -21222 -57601
1054 -21220 -57601
1055 -21217 -57601
1056 -21218 -57601
1057 -21226 -57601
1058 -21221 -57601
1059 -21220 -57601
1060 -21220 -57601
1061 -21222 -57601
1062 -21220 -57601
1063 -21217 -57601
1064 -21214 -57601
1065 -21190 -57601
1066 -21219 -57601
1067 -21222 -57601
1068 -21219 -57601
1069 -21212 -57601
1070 -21229 -57601
1071 -21221 -57601
1072 -21215 -57601
1073 -21220 -57601
1074 -21223 -57601
1075 -21218 -57601
1076 -21218 -57601
1077 -21214 -57601
1078 -21216 -57601
1079 -21220 -57601
1080 -21219 -57601
1081 -21221 -57601
1082 -21217 -57601
1083 -21219 -57601
1084 -21221 -57601
1085 -21219 -57601
1086 -21215 -57601
1087 -21220 -57601
1088 -21218 -57601
1089 -21216 -57601
1090 -21223 -57601
1091 -21228 -57601
1092 -21221 -57601
1093 -21225 -57601
1094 -21229 -57601
1095 -21214 -57601
1096 -21215 -57601
1097 -21223 -57601
1098 -21217 -57601
1099 -21222 -57601
1100 -21219 -57601
1101 -10779 -57601
1102 -21223 -57601
1103 -21214 -57601
1104 -21211 -57601
1105 -21220 -57601
1106 -21211 -57601
1107 -21231 -57601
1108 -21222 -57601
1109 -21218 -57601
1110 -21216 -57601
1111 -21218 -57601
1112 -21216 -57601
1113 -21218 -57601
1114 -21217 -57601
1115 -21220 -57601
1116 -21217 -57601
1117 -21218 -57601
1118 -21217 -57601
1119 -21221 -57601
1120 -21223 -57601
1121 -21217 -57601
1122 -21219 -57601
1123 -21219 -57601
1124 -21225 -57601
1125 -21218 -57601
1126 -21217 -57601
1127 -21220 -57601
1128 -21217 -57601
1129 -21232 -57601
1130 -21222 -57601
1131 -21221 -57601
1132 -21219 -57601
1133 -21223 -57601
1134 -21218 -57601
1135 -21225 -57601
1136 -21217 -57601
1137 -21222 -57601
1138 -21219 -57601
1139 -21227 -57601
1140 -21216 -57601
1141 -21218 -57601
1142 -21218 -57601
1143 -21216 -57601
1144 -21220 -57601
1145 -21228 -57601
1146 -21221 -57601
1147 -21218 -57601
1148 -21215 -57601
1149 -21218 -57601
1150 -21220 -57601
1151 -21219 -57601
1152 -21223 -57601
1153 -21215 -57601
1154 -21224 -57601
1155 -21223 -57601
1156 -21220 -57601
1157 -21216 -57601
1158 -21229 -57601
1159 -21225 -57601
1160 -21219 -57601
1161 -21211 -57601
1162 -21230 -57601
1163 -21216 -57601
1164 -21222 -57601
1165 -21220 -57601
1166 -21220 -57601
1167 -21216 -57601
1168 -21221 -57601
1169 -21215 -57601
1170 -21218 -57601
1171 -21215 -57601
1172 -21220 -57601
1173 -21217 -57601
1174 -21221 -57601
1175 -21215 -57601
1176 -21220 -57601
1177 -21217 -57601
1178 -21217 -57601
1179 -21217 -57601
1180 -21216 -57601
1181 -21223 -57601
1182 -21223 -57601
1183 -21222 -57601
1184 -21228 -57601
1185 -21222 -57601
1186 -21221 -57601
1187 -21219 -57601
1188 -21216 -57601
1189 -21216 -57601
1190 -21218 -57601
1191 -21220 -57601
1192 -21219 -57601
1193 -21213 -57601
1194 -21217 -57601
1195 -21214 -57601
1196 -21221 -57601
1197 -21219 -57601
1198 -21215 -57601
1199 -21218 -57601
1200 -21215 -57601
1201 -21219 -57601
1202 -21216 -57601
1203 -21221 -57601
1204 -21212 -57601
1205 -21213 -57601
1206 -21216 -57601
1207 -21215 -57601
1208 -21218 -57601
1209 -21217 -57601
1210 -21219 -57601
1211 -21215 -57601
1212 -21215 -57601
1213 -21221 -57601
1214 -21218 -57601
1215 -21218 -57601
1216 -21221 -57601
1217 -21214 -57601
1218 -21221 -57601
1219 -21216 -57601
1220 -21218 -57601
1221 -21224 -57601
1222 -21223 -57601
1223 -21216 -57601
1224 -21222 -57601
1225 -21227 -57601
1226 -21219 -57601
1227 -21219 -57601
1228 -21219 -57601
1229 -21221 -57601
1230 -21216 -57601
1231 -21215 -57601
1232 -21214 -57601
1233 -21225 -57601
1234 -21215 -57601
1235 -21222 -57601
1236 -21213 -57601
1237 -21218 -57601
1238 -21228 -57601
1239 -21217 -57601
1240 -21216 -57601
1241 -21223 -57601
1242 -21218 -57601
1243 -21216 -57601
1244 -21220 -57601
1245 -21218 -57601
1246 -21221 -57601
1247 -21253 -57601
1248 -21219 -57601
1249 -21216 -57601
1250 -21220 -57601
1251 -21227 -57601
1252 -21216 -57601
1253 -21217 -57601
1254 -21218 -57601
1255 -21218 -57601
1256 -21212 -57601
1257 -21215 -57601
1258 -21221 -57601
1259 -21215 -57601
1260 -21218 -57601
1261 -21217 -57601
1262 -21219 -57601
1263 -21214 -57601
1264 -21222 -57601
1265 -21224 -57601
1266 -21220 -57601
1267 -21222 -57601
1268 -21220 -57601
1269 -21218 -57601
1270 -21217 -57601
1271 -21217 -57601
1272 -21218 -57601
1273 -21217 -57601
1274 -21219 -57601
1275 -21222 -57601
1276 -21219 -57601
1277 -21217 -57601
1278 -21220 -57601
1279 -21214 -57601
1280 -21220 -57601
1281 -21218 -57601
1282 -21214 -57601
1283 -21222 -57601
1284 -21220 -57601
1285 -21226 -57601
1286 -21224 -57601
1287 -21223 -57601
1288 -21215 -57601
1289 -21215 -57601
1290 -21216 -57601
1291 -21218 -57601
1292 -21213 -57601
1293 -21221 -57601
1294 -21220 -57601
1295 -21217 -57601
1296 -21205 -57601
1297 -21220 -57601
1298 -21226 -57601
1299 -21220 -57601
1300 -21212 -57601
1301 -21218 -57601
1302 -21214 -57601
1303 -21222 -57601
1304 -21221 -57601
1305 -21225 -57601
1306 -21218 -57601
1307 -21222 -57601
1308 -21221 -57601
1309 -21216 -57601
1310 -21231 -57601
1311 -21217 -57601
1312 -21190 -57601
1313 -21221 -57601
1314 -21218 -57601
1315 -21226 -57601
1316 -21218 -57601
1317 -21218 -57601
1318 -21223 -57601
1319 -21219 -57601
1320 -21223 -57601
1321 -21226 -57601
1322 -21225 -57601
1323 -21217 -57601
1324 -21219 -57601
1325 -21218 -57601
1326 -21218 -57601
1327 -21217 -57601
1328 -21220 -57601
1329 -21218 -57601
1330 -21216 -57601
1331 -21231 -57601
1332 -21218 -57601
1333 -21219 -57601
1334 -21214 -57601
1335 -21222 -57601
1336 -21223 -57601
1337 -21220 -57601
1338 -21221 -57601
1339 -21217 -57601
1340 -21216 -57601
1341 -21215 -57601
1342 -21218 -57601
1343 -21221 -57601
1344 -21219 -57601
1345 -21220 -57601
1346 -21216 -57601
1347 -21215 -57601
1348 -21227 -57601
1349 -21219 -57601
1350 -21221 -57601
1351 -21221 -57601
1352 -21216 -57601
1353 -21223 -57601
1354 -21226 -57601
1355 -21216 -57601
1356 -21219 -57601
1357 -21218 -57601
1358 -21219 -57601
1359 -21216 -57601
1360 -21218 -57601
1361 -21227 -57601
1362 -21219 -57601
1363 -21222 -57601
1364 -21222 -57601
1365 -21217 -57601
1366 -21216 -57601
1367 -21210 -57601
1368 -21218 -57601
1369 -21220 -57601
1370 -21220 -57601
1371 -21225 -57601
1372 -21221 -57601
1373 -21223 -57601
1374 -21214 -57601
1375 -21214 -57601
1376 -21219 -57601
1377 -21215 -57601
1378 -21216 -57601
1379 -21226 -57601
1380 -21220 -57601
1381 -21227 -57601
1382 -21220 -57601
1383 -21220 -57601
1384 -21219 -57601
1385 -21215 -57601
1386 -21220 -57601
1387 -21219 -57601
1388 -21217 -57601
1389 -21223 -57601
1390 -21217 -57601
1391 -21222 -57601
1392 -21220 -57601
1393 -21217 -57601
1394 -21221 -57601
1395 -21256 -57601
1396 -21223 -57601
1397 -21219 -57601
1398 -21216 -57601
1399 -21221 -57601
1400 -21222 -57601
1401 -21231 -57601
1402 -21219 -57601
1403 -21218 -57601
1404 -21220 -57601
1405 -21217 -57601
1406 -21224 -57601
1407 -21223 -57601
1408 -21219 -57601
1409 -21214 -57601
1410 -21220 -57601
1411 -21219 -57601
1412 -21222 -57601
1413 -21220 -57601
1414 -21219 -57601
1415 -21221 -57601
1416 -21218 -57601
1417 -21225 -57601
1418 -21217 -57601
1419 -21218 -57601
1420 -21220 -57601
1421 -21219 -57601
1422 -21220 -57601
1423 -21215 -57601
1424 -21214 -57601
1425 -21218 -57601
1426 -21229 -57601
1427 -21216 -57601
1428 -21222 -57601
1429 -21220 -57601
1430 -21223 -57601
1431 -21224 -57601
1432 -21217 -57601
1433 -21225 -57601
1434 -21218 -57601
1435 -21222 -57601
1436 -21215 -57601
1437 -21220 -57601
1438 -21217 -57601
1439 -21214 -57601
1440 -21215 -57601
1441 -21220 -57601
1442 -21220 -57601
1443 -21219 -57601
1444 -21216 -57601
1445 -21220 -57601
1446 -21218 -57601
1447 -21226 -57601
1448 -21219 -57601
1449 -21218 -57601
1450 -21221 -57601
1451 -21217 -57601
1452 -21221 -57601
1453 -21215 -57601
1454 -21212 -57601
1455 -21215 -57601
1456 -21216 -57601
1457 -21217 -57601
1458 -21219 -57601
1459 -21224 -57601
1460 -21224 -57601
1461 -21219 -57601
1462 -21215 -57601
1463 -21215 -57601
1464 -21216 -57601
1465 -21221 -57601
1466 -21220 -57601
1467 -21221 -57601
1468 -21221 -57601
1469 -21217 -57601
1470 -21218 -57601
1471 -21224 -57601
1472 -21220 -57601
1473 -21217 -57601
1474 -21227 -57601
1475 -21222 -57601
1476 -21215 -57601
1477 -21220 -57601
1478 -21216 -57601
1479 -21223 -57601
1480 -21221 -57601
1481 -21220 -57601
1482 -21217 -57601
1483 -21217 -57601
1484 -21223 -57601
1485 -21222 -57601
1486 -21214 -57601
1487 -21217 -57601
1488 -21221 -57601
1489 -21224 -57601
1490 -21218 -57601
1491 -21216 -57601
1492 -21221 -57601
1493 -21219 -57601
1494 -21216 -57601
1495 -21221 -57601
1496 -21219 -57601
1497 -21214 -57601
1498 -21216 -57601
1499 -21219 -57601
1500 -21218 -57601
1501 -21216 -57601
1502 -21216 -57601
1503 -21220 -57601
1504 -21219 -57601
1505 -21218 -57601
1506 -21227 -57601
1507 -21220 -57601
1508 -21226 -57601
1509 -21216 -57601
1510 -21223 -57601
1511 -21212 -57601
1512 -21217 -57601
1513 -21217 -57601
1514 -21224 -57601
1515 -21217 -57601
1516 -21216 -57601
1517 -21215 -57601
1518 -21216 -57601
1519 -21222 -57601
1520 -21216 -57601
1521 -21223 -57601
1522 -21224 -57601
1523 -21217 -57601
1524 -21228 -57601
1525 -21230 -57601
1526 -21218 -57601
1527 -21242 -57601
1528 -21224 -57601
1529 -21220 -57601
1530 -21217 -57601
1531 -21220 -57601
1532 -21219 -57601
1533 -21226 -57601
1534 -21218 -57601
1535 -21216 -57601
1536 -21219 -57601
1537 -21216 -57601
1538 -21221 -57601
1539 -21219 -57601
1540 -21214 -57601
1541 -21216 -57601
1542 -21218 -57601
1543 -21218 -57601
1544 -21219 -57601
1545 -21216 -57601
1546 -21220 -57601
1547 -21218 -57601
1548 -21222 -57601
1549 -21223 -57601
1550 -21221 -57601
1551 -21220 -57601
1552 -21213 -57601
1553 -21223 -57601
1554 -21224 -57601
1555 -21218 -57601
1556 -21223 -57601
1557 -21223 -57601
1558 -21224 -57601
1559 -21216 -57601
1560 -21222 -57601
1561 -21219 -57601
1562 -21217 -57601
1563 -21220 -57601
1564 -21218 -57601
1565 -21219 -57601
1566 -21220 -57601
1567 -21220 -57601
1568 -21220 -57601
1569 -21217 -57601
1570 -21222 -57601
1571 -21217 -57601
1572 -21221 -57601
1573 -21219 -57601
1574 -21212 -57601
1575 -21218 -57601
1576 -21219 -57601
1577 -21223 -57601
1578 -21220 -57601
1579 -21222 -57601
1580 -21218 -57601
1581 -21219 -57601
1582 -21221 -57601
1583 -21228 -57601
1584 -21217 -57601
1585 -21214 -57601
1586 -21222 -57601
1587 -21215 -57601
1588 -21216 -57601
1589 -21220 -57601
1590 -21223 -57601
1591 -21218 -57601
1592 -21222 -57601
1593 -21222 -57601
1594 -21222 -57601
1595 -21219 -57601
1596 -21219 -57601
1597 -21219 -57601
1598 -21214 -57601
1599 -21221 -57601
1600 -21217 -57601
1601 -21218 -57601
1602 -21217 -57601
1603 -21222 -57601
1604 -21217 -57601
1605 -21217 -57601
1606 -21218 -57601
1607 -21215 -57601
1608 -21216 -57601
1609 -21222 -57601
1610 -21221 -57601
1611 -21220 -57601
1612 -21216 -57601
1613 -21221 -57601
1614 -21219 -57601
1615 -21219 -57601
1616 -21217 -57601
1617 -21230 -57601
1618 -21218 -57601
1619 -21221 -57601
1620 -21224 -57601
1621 -21223 -57601
1622 -21215 -57601
1623 -21219 -57601
1624 -21219 -57601
1625 -21223 -57601
1626 -21217 -57601
1627 -21221 -57601
1628 -21228 -57601
1629 -21221 -57601
1630 -21215 -57601
1631 -21217 -57601
1632 -21220 -57601
1633 -21214 -57601
1634 -21214 -57601
1635 -21221 -57601
1636 -21218 -57601
1637 -21216 -57601
1638 -21219 -57601
1639 -21222 -57601
1640 -21225 -57601
1641 -21217 -57601
1642 -21214 -57601
1643 -21218 -57601
1644 -21222 -57601
1645 -21215 -57601
1646 -21213 -57601
1647 -21226 -57601
1648 -21222 -57601
1649 -21219 -57601
1650 -21220 -57601
1651 -21217 -57601
1652 -21222 -57601
1653 -21215 -57601
1654 -21218 -57601
1655 -21214 -57601
1656 -21224 -57601
1657 -21220 -57601
1658 -21219 -57601
1659 -21219 -57601
1660 -21218 -57601
1661 -21222 -57601
1662 -21225 -57601
1663 -21225 -57601
1664 -21221 -57601
1665 -21226 -57601
1666 -21219 -57601
1667 -21214 -57601
1668 -21221 -57601
1669 -21222 -57601
1670 -21218 -57601
1671 -21218 -57601
1672 -21221 -57601
1673 -21216 -57601
1674 -21219 -57601
1675 -21221 -57601
1676 -21220 -57601
1677 -21219 -57601
1678 -21219 -57601
1679 -21219 -57601
1680 -21220 -57601
1681 -21217 -57601
1682 -21213 -57601
1683 -21227 -57601
1684 -21219 -57601
1685 -21223 -57601
1686 -21221 -57601
1687 -21212 -57601
1688 -21219 -57601
1689 -21219 -57601
1690 -21219 -57601
1691 -21201 -57601
1692 -21220 -57601
1693 -21218 -57601
1694 -21224 -57601
1695 -21220 -57601
1696 -21220 -57601
1697 -21217 -57601
1698 -21221 -57601
1699 -21218 -57601
1700 -21219 -57601
1701 -21222 -57601
1702 -21218 -57601
1703 -21220 -57601
1704 -21223 -57601
1705 -21221 -57601
1706 -21221 -57601
1707 -21215 -57601
1708 -21221 -57601
1709 -21221 -57601
1710 -21827 -57601
1711 -21216 -57601
1712 -21224 -57601
1713 -21218 -57601
1714 -21224 -57601
1715 -21215 -57601
1716 -21221 -57601
1717 -21219 -57601
1718 -21224 -57601
1719 -21219 -57601
1720 -21221 -57601
1721 -21219 -57601
1722 -21224 -57601
1723 -21219 -57601
1724 -21227 -57601
1725 -21219 -57601
1726 -21219 -57601
1727 -21224 -57601
1728 -21219 -57601
1729 -21222 -57601
1730 -21218 -57601
1731 -21218 -57601
1732 -21228 -57601
1733 -21227 -57601
1734 -21215 -57601
1735 -21221 -57601
1736 -21224 -57601
1737 -21219 -57601
1738 -21220 -57601
1739 -21217 -57601
1740 -21227 -57601
1741 -21219 -57601
1742 -21220 -57601
1743 -21220 -57601
1744 -21216 -57601
1745 -21225 -57601
1746 -21218 -57601
1747 -21222 -57601
1748 -21220 -57601
1749 -21217 -57601
1750 -21217 -57601
1751 -21221 -57601
1752 -21221 -57601
1753 -21218 -57601
1754 -21230 -57601
1755 -21215 -57601
1756 -21220 -57601
1757 -21220 -57601
1758 -21222 -57601
1759 -21217 -57601
1760 -21218 -57601
1761 -21219 -57601
1762 -21217 -57601
1763 -21219 -57601
1764 -21220 -57601
1765 -21217 -57601
1766 -21213 -57601
1767 -21217 -57601
1768 -21218 -57601
1769 -21218 -57601
1770 -21222 -57601
1771 -21219 -57601
1772 -21216 -57601
1773 -21216 -57601
1774 -21219 -57601
1775 -21221 -57601
1776 -21223 -57601
1777 -21219 -57601
1778 -21228 -57601
1779 -21215 -57601
1780 -21221 -57601
1781 -21216 -57601
1782 -21204 -57601
1783 -21221 -57601
1784 -21217 -57601
1785 -21213 -57601
1786 -21221 -57601
1787 -21222 -57601
1788 -21218 -57601
1789 -21221 -57601
1790 -21219 -57601
1791 -21219 -57601
1792 -21218 -57601
1793 -21219 -57601
1794 -21222 -57601
1795 -21215 -57601
1796 -21217 -57601
1797 -21220 -57601
1798 -21217 -57601
1799 -21223 -57601
1800 -21224 -57601
1801 -21225 -57601
1802 -21216 -57601
1803 -21222 -57601
1804 -21217 -57601
1805 -21221 -57601
1806 -21220 -57601
1807 -21219 -57601
1808 -21221 -57601
1809 -21217 -57601
1810 -21226 -57601
1811 -21219 -57601
1812 -21219 -57601
1813 -21217 -57601
1814 -21217 -57601
1815 -21215 -57601
1816 -21226 -57601
1817 -21219 -57601
1818 -21222 -57601
1819 -21218 -57601
1820 -21222 -57601
1821 -21248 -57601
1822 -21221 -57601
1823 -21215 -57601
1824 -21221 -57601
1825 -21223 -57601
1826 -21216 -57601
1827 -21220 -57601
1828 -21216 -57601
1829 -21217 -57601
1830 -21219 -57601
1831 -21220 -57601
1832 -21222 -57601
1833 -21219 -57601
1834 -21221 -57601
1835 -21224 -57601
1836 -21220 -57601
1837 -21218 -57601
1838 -21215 -57601
1839 -21219 -57601
1840 -21220 -57601
1841 -21220 -57601
1842 -21218 -57601
1843 -21229 -57601
1844 -21216 -57601
1845 -21222 -57601
1846 -21214 -57601
1847 -21223 -57601
1848 -21218 -57601
1849 -21220 -57601
1850 -21221 -57601
1851 -21217 -57601
1852 -21214 -57601
1853 -21220 -57601
1854 -21221 -57601
1855 -21219 -57601
1856 -21221 -57601
1857 -21218 -57601
1858 -21222 -57601
1859 -21220 -57601
1860 -21219 -57601
1861 -21222 -57601
1862 -21222 -57601
1863 -21219 -57601
1864 -21217 -57601
1865 -21217 -57601
1866 -21226 -57601
1867 -21222 -57601
1868 -21218 -57601
1869 -21219 -57601
1870 -21224 -57601
1871 -21217 -57601
1872 -21222 -57601
1873 -21220 -57601
1874 -21216 -57601
1875 -21223 -57601
1876 -21222 -57601
1877 -21217 -57601
1878 -21220 -57601
1879 -21218 -57601
1880 -21217 -57601
1881 -21216 -57601
1882 -21215 -57601
1883 -21222 -57601
1884 -21221 -57601
1885 -21222 -57601
1886 -21226 -57601
1887 -21217 -57601
1888 -21215 -57601
1889 -21219 -57601
1890 -21217 -57601
1891 -21216 -57601
1892 -21211 -57601
1893 -21225 -57601
1894 -21216 -57601
1895 -21224 -57601
1896 -21225 -57601
1897 -21223 -57601
1898 -21219 -57601
1899 -21215 -57601
1900 -21221 -57601
1901 -21216 -57601
1902 -21224 -57601
1903 -21217 -57601
1904 -21214 -57601
1905 -21213 -57601
1906 -21222 -57601
1907 -21218 -57601
1908 -21227 -57601
1909 -21224 -57601
1910 -21219 -57601
1911 -21219 -57601
1912 -21217 -57601
1913 -21228 -57601
1914 -21216 -57601
1915 -21223 -57601
1916 -21218 -57601
1917 -21213 -57601
1918 -21221 -57601
1919 -21216 -57601
1920 -21233 -57601
1921 -21220 -57601
1922 -21215 -57601
1923 -21216 -57601
1924 -21223 -57601
1925 -21215 -57601
1926 -21216 -57601
1927 -21219 -57601
1928 -21218 -57601
1929 -21220 -57601
1930 -21219 -57601
1931 -21215 -57601
1932 -21217 -57601
1933 -21227 -57601
1934 -21221 -57601
1935 -21218 -57601
1936 -21216 -57601
1937 -21215 -57601
1938 -21227 -57601
1939 -21216 -57601
1940 -21216 -57601
1941 -21219 -57601
1942 -21216 -57601
1943 -21220 -57601
1944 -21216 -57601
1945 -21215 -57601
1946 -21216 -57601
1947 -21220 -57601
1948 -21217 -57601
1949 -21222 -57601
1950 -21218 -57601
1951 -21217 -57601
1952 -21220 -57601
1953 -21215 -57601
1954 -21228 -57601
1955 -21219 -57601
1956 -21218 -57601
1957 -21218 -57601
1958 -21216 -57601
1959 -21219 -57601
1960 -21217 -57601
1961 -21220 -57601
1962 -21225 -57601
1963 -21213 -57601
1964 -21217 -57601
1965 -21222 -57601
1966 -21212 -57601
1967 -7187 -57601
1968 -21227 -57601
1969 -21214 -57601
1970 -21217 -57601
1971 -21224 -57601
1972 -21222 -57601
1973 -21223 -57601
1974 -21220 -57601
1975 -21223 -57601
1976 -21223 -57601
1977 -21218 -57601
1978 -21217 -57601
1979 -21219 -57601
1980 -21223 -57601
1981 -21220 -57601
1982 -21199 -57601
1983 -21231 -57601
1984 -21216 -57601
1985 -21218 -57601
1986 -21216 -57601
1987 -21219 -57601
1988 -21218 -57601
1989 -21213 -57601
1990 -21221 -57601
1991 -21224 -57601
1992 -21219 -57601
1993 -21216 -57601
1994 -21221 -57601
1995 -21219 -57601
1996 -21231 -57601
1997 -21216 -57601
1998 -21215 -57601
1999 -21216 -57601
2000 -21214 -57601
2001 -21219 -57601
2002 -21216 -57601
2003 -21218 -57601
2004 -21223 -57601
2005 -21218 -57601
2006 -21215 -57601
2007 -21215 -57601
2008 -21218 -57601
2009 -21188 -57601
2010 -21217 -57601
2011 -21214 -57601
2012 -21216 -57601
2013 -21221 -57601
2014 -21217 -57601
2015 -21216 -57601
2016 -21220 -57601
2017 -21216 -57601
2018 -21221 -57601
2019 -21221 -57601
2020 -21217 -57601
2021 -21220 -57601
2022 -21222 -57601
2023 -21220 -57601
2024 -21219 -57601
2025 -21218 -57601
2026 -21222 -57601
2027 -21218 -57601
2028 -21221 -57601
2029 -21227 -57601
2030 -21222 -57601
2031 -21219 -57601
2032 -21216 -57601
2033 -21227 -57601
2034 -21216 -57601
2035 -21219 -57601
2036 -21219 -57601
2037 -21217 -57601
2038 -21225 -57601
2039 -21220 -57601
2040 -21226 -57601
2041 -21226 -57601
2042 -21224 -57601
2043 -21218 -57601
2044 -21221 -57601
2045 -21224 -57601
2046 -21218 -57601
2047 -21225 -57601
2048 -21223 -57601
2049 -21225 -57601
2050 6784 -57601
2051 -21219 -57601
2052 -21228 -57601
2053 -21221 -57601
2054 -21220 -57601
2055 -21224 -57601
2056 -21218 -57601
2057 -21214 -57601
2058 -21223 -57601
2059 -21216 -57601
2060 -21221 -57601
2061 -21216 -57601
2062 -21221 -57601
2063 -21222 -57601
2064 -21219 -57601
2065 -21218 -57601
2066 -21225 -57601
2067 -21219 -57601
2068 -21219 -57601
2069 -21215 -57601
2070 -21216 -57601
2071 -21214 -57601
2072 -21219 -57601
2073 -21219 -57601
2074 -21217 -57601
2075 -21223 -57601
2076 -21223 -57601
2077 -21220 -57601
2078 -21219 -57601
2079 -21221 -57601
2080 -21220 -57601
2081 -21217 -57601
2082 -21216 -57601
2083 -21220 -57601
2084 -21223 -57601
2085 -21219 -57601
2086 -21219 -57601
2087 -21217 -57601
2088 -21227 -57601
2089 -21225 -57601
2090 -21229 -57601
2091 -21223 -57601
2092 -21223 -57601
2093 -21221 -57601
2094 -21217 -57601
2095 -21223 -57601
2096 -21216 -57601
2097 -21215 -57601
2098 -21218 -57601
2099 -21216 -57601
2100 -21221 -57601
2101 -21226 -57601
2102 -21223 -57601
2103 -21225 -57601
2104 -21224 -57601
2105 -21219 -57601
2106 -21220 -57601
2107 -21220 -57601
2108 -21217 -57601
2109 -21217 -57601
2110 -21218 -57601
2111 -21221 -57601
2112 -21219 -57601
2113 -21223 -57601
2114 -21266 -57601
2115 -21218 -57601
2116 -21219 -57601
2117 -21217 -57601
2118 -21219 -57601
2119 -21222 -57601
2120 -21225 -57601
2121 -21220 -57601
2122 -21216 -57601
2123 -21215 -57601
2124 -21214 -57601
2125 -21228 -57601
2126 -21215 -57601
2127 -21215 -57601
2128 -21216 -57601
2129 -21222 -57601
2130 -21220 -57601
2131 -21214 -57601
2132 -21218 -57601
2133 -21221 -57601
2134 -21219 -57601
2135 -21218 -57601
2136 -21220 -57601
2137 -21214 -57601
2138 -21219 -57601
2139 -21219 -57601
2140 -21217 -57601
2141 -21221 -57601
2142 -21215 -57601
2143 -21197 -57601
2144 -21218 -57601
2145 -21221 -57601
2146 -21218 -57601
2147 -21222 -57601
2148 -21221 -57601
2149 -21222 -57601
2150 -21226 -57601
2151 -21220 -57601
2152 -21223 -57601
2153 -21220 -57601
2154 -21228 -57601
2155 -21220 -57601
2156 -21226 -57601
2157 -21213 -57601
2158 -21225 -57601
2159 -21220 -57601
2160 -21224 -57601
2161 -21217 -57601
2162 -21219 -57601
2163 -21230 -57601
2164 -21225 -57601
2165 -21222 -57601
2166 -21221 -57601
2167 -21221 -57601
2168 -21217 -57601
2169 -21214 -57601
2170 -21217 -57601
2171 -21219 -57601
2172 -21213 -57601
2173 -21220 -57601
2174 -21215 -57601
2175 -21221 -57601
2176 -21221 -57601
2177 -21221 -57601
2178 -21216 -57601
2179 -21221 -57601
2180 -21218 -57601
2181 -21220 -57601
2182 -21225 -57601
2183 -21153 -57601
2184 -21220 -57601
2185 -21222 -57601
2186 -21225 -57601
2187 -21218 -57601
2188 -21216 -57601
2189 -21220 -57601
2190 -21219 -57601
2191 -21221 -57601
2192 -21219 -57601
2193 -21219 -57601
2194 -21220 -57601
2195 -21225 -57601
2196 -21220 -57601
2197 -21224 -57601
2198 -21226 -57601
2199 -21218 -57601
2200 -21217 -57601
2201 -21221 -57601
2202 -21218 -57601
2203 -21219 -57601
2204 -21220 -57601
2205 -21216 -57601
2206 -21221 -57601
2207 -21216 -57601
2208 -21225 -57601
2209 -21221 -57601
2210 -21227 -57601
2211 -21228 -57601
2212 -21223 -57601
2213 -21217 -57601
2214 -21218 -57601
2215 -21222 -57601
2216 -21217 -57601
2217 -21223 -57601
2218 -21216 -57601
2219 -21220 -57601
2220 -21217 -57601
2221 -21218 -57601
2222 -21219 -57601
2223 -21217 -57601
2224 -21224 -57601
2225 -21208 -57601
2226 -21218 -57601
2227 -21222 -57601
2228 -21230 -57601
2229 -21211 -57601
2230 -21230 -57601
2231 -21221 -57601
2232 -21219 -57601
2233 -21215 -57601
2234 -21221 -57601
2235 -21220 -57601
2236 -21220 -57601
2237 -21218 -57601
2238 -21219 -57601
2239 -21221 -57601
2240 -21217 -57601
2241 -21226 -57601
2242 -21222 -57601
2243 -21217 -57601
2244 -21221 -57601
2245 -21221 -57601
2246 -21221 -57601
2247 -21216 -57601
2248 -21217 -57601
2249 -21221 -57601
2250 -21219 -57601
2251 -21217 -57601
2252 -21216 -57601
2253 -21220 -57601
2254 -21215 -57601
2255 -21217 -57601
2256 -21219 -57601
2257 -21214 -57601
2258 -21220 -57601
2259 -21183 -57601
2260 -21218 -57601
2261 -21219 -57601
2262 -21217 -57601
2263 -21218 -57601
2264 -21226 -57601
2265 -21219 -57601
2266 -21217 -57601
2267 -21221 -57601
2268 -21216 -57601
2269 -21219 -57601
2270 -21219 -57601
2271 -21215 -57601
2272 -21219 -57601
2273 -21223 -57601
2274 -21223 -57601
2275 -21223 -57601
2276 -21216 -57601
2277 -21219 -57601
2278 -21220 -57601
2279 -21219 -57601
2280 -21218 -57601
2281 -21222 -57601
2282 -21217 -57601
2283 -21220 -57601
2284 -21221 -57601
2285 -21215 -57601
2286 -21216 -57601
2287 -21216 -57601
2288 -21216 -57601
2289 -21224 -57601
2290 -21226 -57601
2291 -21217 -57601
2292 -21216 -57601
2293 -21219 -57601
2294 -21217 -57601
2295 -21225 -57601
2296 -21216 -57601
2297 -21218 -57601
2298 -21224 -57601
2299 -21217 -57601
2300 -21219 -57601
2301 -21219 -57601
2302 -21227 -57601
2303 -21234 -57601
2304 -21218 -57601
2305 -21220 -57601
2306 -21223 -57601
2307 -21221 -57601
2308 -21221 -57601
2309 -21222 -57601
2310 -21225 -57601
2311 -21217 -57601
2312 -21221 -57601
2313 -21221 -57601
2314 -21222 -57601
2315 -21221 -57601
2316 -21216 -57601
2317 -21221 -57601
2318 -21220 -57601
2319 -21218 -57601
2320 -21217 -57601
2321 -21212 -57601
2322 -21224 -57601
2323 -21219 -57601
2324 -21222 -57601
2325 -21218 -57601
2326 -21224 -57601
2327 -21221 -57601
2328 -21216 -57601
2329 -21220 -57601
2330 -21218 -57601
2331 -21224 -57601
2332 -21217 -57601
2333 -21219 -57601
2334 -21215 -57601
2335 -21222 -57601
2336 -21218 -57601
2337 -21221 -57601
2338 -21220 -57601
2339 -21231 -57601
2340 -21223 -57601
2341 -21217 -57601
2342 -21222 -57601
2343 -21217 -57601
2344 -21221 -57601
2345 -21221 -57601
2346 -21229 -57601
2347 -21221 -57601
2348 -21225 -57601
2349 -21222 -57601
2350 -21217 -57601
2351 -21222 -57601
2352 -21220 -57601
2353 -21217 -57601
2354 -21224 -57601
2355 -21216 -57601
2356 -21217 -57601
2357 -21222 -57601
2358 -21218 -57601
2359 -21246 -57601
2360 -21216 -57601
2361 -21220 -57601
2362 -21220 -57601
2363 -21223 -57601
2364 -21219 -57601
2365 -21225 -57601
2366 -21221 -57601
2367 -21219 -57601
2368 -21219 -57601
2369 -21224 -57601
2370 -21219 -57601
2371 -21217 -57601
2372 -21215 -57601
2373 -21252 -57601
2374 -21215 -57601
2375 -21216 -57601
2376 -21221 -57601
2377 -21227 -57601
2378 -21220 -57601
2379 -21226 -57601
2380 -21220 -57601
2381 -21215 -57601
2382 -21220 -57601
2383 -21232 -57601
2384 -21218 -57601
2385 -21220 -57601
2386 -21221 -57601
2387 -21219 -57601
2388 -21216 -57601
2389 -21229 -57601
2390 -21219 -57601
2391 -21219 -57601
2392 -21219 -57601
2393 -21220 -57601
2394 -21223 -57601
2395 -21220 -57601
2396 -21218 -57601
2397 -21216 -57601
2398 -21220 -57601
2399 -21217 -57601
2400 -21220 -57601
2401 -21219 -57601
2402 -21219 -57601
2403 -21220 -57601
2404 -21221 -57601
2405 -21218 -57601
2406 -21216 -57601
2407 -21219 -57601
2408 -21221 -57601
2409 -21226 -57601
2410 -21219 -57601
2411 -21217 -57601
2412 -21218 -57601
2413 -21217 -57601
2414 -21218 -57601
2415 -21220 -57601
2416 -21226 -57601
2417 -21221 -57601
2418 -21218 -57601
2419 -21222 -57601
2420 -21216 -57601
2421 -21222 -57601
2422 -21220 -57601
2423 -21215 -57601
2424 -21218 -57601
2425 -21215 -57601
2426 -21221 -57601
2427 -21219 -57601
2428 -21219 -57601
2429 -21214 -57601
2430 -21222 -57601
2431 -21221 -57601
2432 -21228 -57601
2433 -21221 -57601
2434 -21213 -57601
2435 -21219 -57601
2436 -21221 -57601
2437 -21219 -57601
2438 -21217 -57601
2439 -21216 -57601
2440 -21220 -57601
2441 -21215 -57601
2442 -21215 -57601
2443 -21225 -57601
2444 -21221 -57601
2445 -21220 -57601
2446 -21219 -57601
2447 -21220 -57601
2448 -21223 -57601
2449 -21222 -57601
2450 -21221 -57601
2451 -21223 -57601
2452 -21214 -57601
2453 -21222 -57601
2454 -21224 -57601
2455 -21215 -57601
2456 -21211 -57601
2457 -21220 -57601
2458 -21213 -57601
2459 -21223 -57601
2460 -21215 -57601
2461 -21220 -57601
2462 -21214 -57601
2463 -21220 -57601
2464 -21219 -57601
2465 -21221 -57601
2466 -21218 -57601
2467 -21219 -57601
2468 -21226 -57601
2469 -21228 -57601
2470 -21218 -57601
2471 -21225 -57601
2472 -21224 -57601
2473 -21222 -57601
2474 -21219 -57601
2475 -21214 -57601
2476 -21235 -57601
2477 -21216 -57601
2478 -21224 -57601
2479 -21220 -57601
2480 -21219 -57601
2481 -21215 -57601
2482 -21221 -57601
2483 -21221 -57601
2484 -21220 -57601
2485 -21217 -57601
2486 -21220 -57601
2487 -21220 -57601
2488 -21230 -57601
2489 -21217 -57601
2490 -21219 -57601
2491 -21225 -57601
2492 -21227 -57601
2493 -21216 -57601
2494 -21221 -57601
2495 -21219 -57601
2496 -21219 -57601
2497 -21217 -57601
2498 -21214 -57601
2499 -21215 -57601
2500 -21222 -57601
2501 -21223 -57601
2502 -21219 -57601
2503 -21219 -57601
2504 -21218 -57601
2505 -21220 -57601
2506 -21222 -57601
2507 -21221 -57601
2508 -21223 -57601
2509 -21212 -57601
2510 -21223 -57601
2511 -21226 -57601
2512 -21222 -57601
2513 -21221 -57601
2514 -21223 -57601
2515 -21213 -57601
2516 -21229 -57601
2517 -21220 -57601
2518 -21224 -57601
2519 -21219 -57601
2520 -21223 -57601
2521 -21218 -57601
2522 -21223 -57601
2523 -21218 -57601
2524 -21222 -57601
2525 -21216 -57601
2526 -21221 -57601
2527 -21222 -57601
2528 -21215 -57601
2529 -21225 -57601
2530 -21225 -57601
2531 -21213 -57601
2532 -21214 -57601
2533 -21216 -57601
2534 -21211 -57601
2535 -21218 -57601
2536 -21217 -57601
2537 -21218 -57601
2538 -21220 -57601
2539 -21223 -57601
2540 -21222 -57601
2541 -21223 -57601
2542 -21220 -57601
2543 -21224 -57601
2544 -21219 -57601
2545 -21222 -57601
2546 -21219 -57601
2547 -21216 -57601
2548 -21223 -57601
2549 -21217 -57601
2550 -21225 -57601
2551 -21224 -57601
2552 -21223 -57601
2553 -21219 -57601
2554 -21221 -57601
2555 -21219 -57601
2556 -21218 -57601
2557 -21220 -57601
2558 -21221 -57601
2559 -21220 -57601
2560 -21225 -57601
2561 -21217 -57601
2562 -21224 -57601
2563 -21222 -57601
2564 -21218 -57601
2565 -21219 -57601
2566 -21220 -57601
2567 -21217 -57601
2568 -21217 -57601
2569 -21222 -57601
2570 -21226 -57601
2571 -21225 -57601
2572 -21224 -57601
2573 -21217 -57601
2574 -21220 -57601
2575 -21223 -57601
2576 -21218 -57601
2577 -21220 -57601
2578 -21222 -57601
2579 -21224 -57601
2580 -21217 -57601
2581 -21218 -57601
2582 -21217 -57601
2583 -21219 -57601
2584 -21222 -57601
2585 -21216 -57601
2586 -21219 -57601
2587 -21220 -57601
2588 -21218 -57601
2589 -21225 -57601
2590 -21220 -57601
2591 -21220 -57601
2592 -21221 -57601
2593 -21221 -57601
2594 -21221 -57601
2595 -21221 -57601
2596 -21225 -57601
2597 -21220 -57601
2598 -21224 -57601
2599 -21214 -57601
2600 -21217 -57601
2601 -21220 -57601
2602 -21218 -57601
2603 -21218 -57601
2604 -21204 -57601
2605 -21222 -57601
2606 -21218 -57601
2607 -21224 -57601
2608 -21219 -57601
2609 -21216 -57601
2610 -21215 -57601
2611 -21219 -57601
2612 -21217 -57601
2613 -21214 -57601
2614 -21225 -57601
2615 -21220 -57601
2616 -21219 -57601
2617 -21217 -57601
2618 -21217 -57601
2619 -21221 -57601
2620 -21216 -57601
2621 -21218 -57601
2622 -21216 -57601
2623 -21219 -57601
2624 -21228 -57601
2625 -21216 -57601
2626 -21223 -57601
2627 -21216 -57601
2628 -21221 -57601
2629 -21223 -57601
2630 -21218 -57601
2631 -21219 -57601
2632 -21218 -57601
2633 -21225 -57601
2634 -21221 -57601
2635 -21216 -57601
2636 -21212 -57601
2637 -21215 -57601
2638 -21220 -57601
2639 -21216 -57601
2640 -21219 -57601
2641 -21218 -57601
2642 -21221 -57601
2643 -21223 -57601
2644 -21220 -57601
2645 -21218 -57601
2646 -21227 -57601
2647 -21221 -57601
2648 -21218 -57601
2649 -21224 -57601
2650 -21217 -57601
2651 -21219 -57601
2652 -21223 -57601
2653 -21215 -57601
2654 -21215 -57601
2655 -21221 -57601
2656 -21221 -57601
2657 -21227 -57601
2658 -21219 -57601
2659 -21222 -57601
2660 -21221 -57601
2661 -21218 -57601
2662 -21219 -57601
2663 -21218 -57601
2664 -21218 -57601
2665 -21217 -57601
2666 -21222 -57601
2667 -21214 -57601
2668 -21222 -57601
2669 -21218 -57601
2670 -21224 -57601
2671 -21217 -57601
2672 -21220 -57601
2673 -21220 -57601
2674 -21226 -57601
2675 -21218 -57601
2676 -21220 -57601
2677 -21225 -57601
2678 -21216 -57601
2679 -21227 -57601
2680 -21213 -57601
2681 -21219 -57601
2682 -21218 -57601
2683 -21218 -57601
2684 -21216 -57601
2685 -21223 -57601
2686 -21222 -57601
2687 -21240 -57601
2688 -21223 -57601
2689 -21224 -57601
2690 -21223 -57601
2691 -21219 -57601
2692 -21219 -57601
2693 -21223 -57601
2694 -21225 -57601
2695 -21218 -57601
2696 -21224 -57601
2697 -21229 -57601
2698 -21225 -57601
2699 -21220 -57601
2700 -21217 -57601
2701 -21221 -57601
2702 -21222 -57601
2703 -21219 -57601
2704 -21223 -57601
2705 -21222 -57601
2706 -21222 -57601
2707 -21224 -57601
2708 -21214 -57601
2709 -21220 -57601
2710 -21215 -57601
2711 -21223 -57601
2712 -21223 -57601
2713 -21218 -57601
2714 -21221 -57601
2715 -21217 -57601
2716 -21221 -57601
2717 -21225 -57601
2718 -21219 -57601
2719 -21216 -57601
2720 -21217 -57601
2721 -21220 -57601
2722 -21217 -57601
2723 -21221 -57601
2724 -21224 -57601
2725 -21217 -57601
2726 -21217 -57601
2727 -21217 -57601
2728 -21219 -57601
2729 -21227 -57601
2730 -21223 -57601
2731 -21219 -57601
2732 -21220 -57601
2733 -21218 -57601
2734 -21222 -57601
2735 -21219 -57601
2736 -21216 -57601
2737 -21219 -57601
2738 -21217 -57601
2739 -21216 -57601
2740 -21219 -57601
2741 -21225 -57601
2742 -21214 -57601
2743 -21217 -57601
2744 -21217 -57601
2745 -21223 -57601
2746 -21220 -57601
2747 -21221 -57601
2748 -21222 -57601
2749 -21219 -57601
2750 -21218 -57601
2751 -21215 -57601
2752 -21219 -57601
2753 -21216 -57601
2754 -21219 -57601
2755 -21221 -57601
2756 -21215 -57601
2757 -21217 -57601
2758 -21223 -57601
2759 -21216 -57601
2760 -21217 -57601
2761 -21221 -57601
2762 -21219 -57601
2763 -21222 -57601
2764 -21217 -57601
2765 -21218 -57601
2766 -21217 -57601
2767 -21223 -57601
2768 -21217 -57601
2769 -21220 -57601
2770 -21221 -57601
2771 -21227 -57601
2772 -21220 -57601
2773 -21217 -57601
2774 -21220 -57601
2775 -21222 -57601
2776 -21226 -57601
2777 -21218 -57601
2778 -21213 -57601
2779 -21221 -57601
2780 -21220 -57601
2781 -21224 -57601
2782 -21224 -57601
2783 -21232 -57601
2784 -21224 -57601
2785 -21216 -57601
2786 -21223 -57601
2787 -21218 -57601
2788 -21220 -57601
2789 -21229 -57601
2790 -21225 -57601
2791 -21219 -57601
2792 -21218 -57601
2793 -21220 -57601
2794 -21223 -57601
2795 -21225 -57601
2796 -21220 -57601
2797 -21220 -57601
2798 -21220 -57601
2799 -21224 -57601
2800 -21215 -57601
2801 -21218 -57601
2802 -21218 -57601
2803 -21226 -57601
2804 -21220 -57601
2805 -21215 -57601
2806 -21221 -57601
2807 -21220 -57601
2808 -21213 -57601
2809 -21224 -57601
2810 -21219 -57601
2811 -21221 -57601
2812 -21213 -57601
2813 -21225 -57601
2814 -21224 -57601
2815 -21219 -57601
2816 -21221 -57601
2817 -21217 -57601
2818 -21219 -57601
2819 -21216 -57601
2820 -21219 -57601
2821 -21220 -57601
2822 -21220 -57601
2823 -21220 -57601
2824 -21228 -57601
2825 -21218 -57601
2826 -21215 -57601
2827 -21215 -57601
2828 -21225 -57601
2829 -21224 -57601
2830 -21222 -57601
2831 -21225 -57601
2832 -21216 -57601
2833 -21226 -57601
2834 -21219 -57601
2835 -21217 -57601
2836 -21226 -57601
2837 -21217 -57601
2838 -21223 -57601
2839 -21216 -57601
2840 -21222 -57601
2841 -21219 -57601
2842 -21222 -57601
2843 -21216 -57601
2844 -21216 -57601
2845 -21219 -57601
2846 -21218 -57601
2847 -21216 -57601
2848 -21218 -57601
2849 -21219 -57601
2850 -21219 -57601
2851 -21221 -57601
2852 -21215 -57601
2853 -21218 -57601
2854 -21219 -57601
2855 -21231 -57601
2856 -21216 -57601
2857 -21226 -57601
2858 -21217 -57601
2859 -21215 -57601
2860 -21218 -57601
2861 -21220 -57601
2862 -21223 -57601
2863 -21221 -57601
2864 -21221 -57601
2865 -21222 -57601
2866 -21219 -57601
2867 -21215 -57601
2868 -21219 -57601
2869 -21223 -57601
2870 -21216 -57601
2871 -21221 -57601
2872 -21221 -57601
2873 -21226 -57601
2874 -21220 -57601
2875 -21218 -57601
2876 -21214 -57601
2877 -21223 -57601
2878 -21221 -57601
2879 -21219 -57601
2880 -21216 -57601
2881 -21222 -57601
2882 -21221 -57601
2883 -21215 -57601
2884 -21214 -57601
2885 -21216 -57601
2886 -21225 -57601
2887 -21226 -57601
2888 -21214 -57601
2889 -21218 -57601
2890 -21216 -57601
2891 -21223 -57601
2892 -21219 -57601
2893 -21217 -57601
2894 -21214 -57601
2895 -21221 -57601
2896 -21216 -57601
2897 -21229 -57601
2898 -21217 -57601
2899 -21220 -57601
2900 -21218 -57601
2901 -21219 -57601
2902 -21219 -57601
2903 -21221 -57601
2904 -21220 -57601
2905 -21217 -57601
2906 -21221 -57601
2907 -21214 -57601
2908 -21222 -57601
2909 -21217 -57601
2910 -21221 -57601
2911 -21215 -57601
2912 -21221 -57601
2913 -21217 -57601
2914 -21216 -57601
2915 -21217 -57601
2916 -21215 -57601
2917 -21220 -57601
2918 -21222 -57601
2919 -21221 -57601
2920 -21217 -57601
2921 -21216 -57601
2922 -21225 -57601
2923 -21214 -57601
2924 -21221 -57601
2925 -21226 -57601
2926 -21221 -57601
2927 -21219 -57601
2928 -21220 -57601
2929 -21217 -57601
2930 -21219 -57601
2931 -21220 -57601
2932 -21223 -57601
2933 -21222 -57601
2934 -21216 -57601
2935 -21240 -57601
2936 -21219 -57601
2937 -21218 -57601
2938 -21211 -57601
2939 -21216 -57601
2940 -21220 -57601
2941 -21223 -57601
2942 -21214 -57601
2943 -21224 -57601
2944 -21222 -57601
2945 -21214 -57601
2946 -21225 -57601
2947 -21226 -57601
2948 -21220 -57601
2949 -21219 -57601
2950 -21218 -57601
2951 -21219 -57601
2952 -21224 -57601
2953 -21219 -57601
2954 -21220 -57601
2955 -21221 -57601
2956 -21211 -57601
2957 -21230 -57601
2958 -21217 -57601
2959 -21221 -57601
2960 -21217 -57601
2961 -21220 -57601
2962 -21217 -57601
2963 -21221 -57601
2964 -21216 -57601
2965 -21221 -57601
2966 -21217 -57601
2967 -21224 -57601
2968 -21218 -57601
2969 -21220 -57601
2970 -21217 -57601
2971 -21229 -57601
2972 -21223 -57601
2973 -21216 -57601
2974 -21219 -57601
2975 -21225 -57601
2976 -21209 -57601
2977 -21216 -57601
2978 -21265 -57601
2979 -21222 -57601
2980 -21220 -57601
2981 -21217 -57601
2982 -21223 -57601
2983 -21217 -57601
2984 -21221 -57601
2985 -21219 -57601
2986 -21231 -57601
2987 -21220 -57601
2988 -21224 -57601
2989 -21221 -57601
2990 -21211 -57601
2991 -21221 -57601
2992 -21220 -57601
2993 -21227 -57601
2994 -21218 -57601
2995 -21222 -57601
2996 -21223 -57601
2997 -21224 -57601
2998 -21223 -57601
2999 -21226 -57601
3000 -21231 -57601
3001 -21219 -57601
3002 -21220 -57601
3003 -21214 -57601
3004 -21214 -57601
3005 -21218 -57601
3006 -21221 -57601
3007 -21222 -57601
3008 -21219 -57601
3009 -21225 -57601
3010 -21232 -57601
3011 -21226 -57601
3012 -21219 -57601
3013 -21216 -57601
3014 -21216 -57601
3015 -21217 -57601
3016 -21219 -57601
3017 -21222 -57601
3018 -21228 -57601
3019 -21216 -57601
3020 -21226 -57601
3021 -21221 -57601
3022 -21217 -57601
3023 -21224 -57601
3024 -21217 -57601
3025 -21216 -57601
3026 -21221 -57601
3027 -21224 -57601
3028 -21227 -57601
3029 -21225 -57601
3030 -21227 -57601
3031 -21215 -57601
3032 -21217 -57601
3033 -21222 -57601
3034 -21219 -57601
3035 -21216 -57601
3036 -21219 -57601
3037 -21215 -57601
3038 -21220 -57601
3039 -21231 -57601
3040 -21217 -57601
3041 -21219 -57601
3042 -21222 -57601
3043 -21220 -57601
3044 -21221 -57601
3045 -21221 -57601
3046 -21218 -57601
3047 -21228 -57601
3048 -21218 -57601
3049 -21226 -57601
3050 -21216 -57601
3051 -21218 -57601
3052 -21217 -57601
3053 -21224 -57601
3054 -21218 -57601
3055 -21218 -57601
3056 -21228 -57601
3057 -21220 -57601
3058 -21219 -57601
3059 -21206 -57601
3060 -21218 -57601
3061 -21220 -57601
3062 -21217 -57601
3063 -21215 -57601
3064 -21222 -57601
3065 -21229 -57601
3066 -21219 -57601
3067 -21211 -57601
3068 -21223 -57601
3069 -21223 -57601
3070 -21219 -57601
3071 -21218 -57601
3072 -21217 -57601
3073 -21225 -57601
3074 -21225 -57601
3075 -21225 -57601
3076 -21221 -57601
3077 -21219 -57601
3078 -21216 -57601
3079 -21217 -57601
3080 -21216 -57601
3081 -21214 -57601
3082 -21218 -57601
3083 -21220 -57601
3084 -21222 -57601
3085 -21219 -57601
3086 -21225 -57601
3087 -21224 -57601
3088 -21216 -57601
3089 -21217 -57601
3090 -21228 -57601
3091 -21216 -57601
3092 -21218 -57601
3093 -21220 -57601
3094 -21216 -57601
3095 -21219 -57601
3096 -21215 -57601
3097 -21218 -57601
3098 -21216 -57601
3099 -21219 -57601
3100 -21217 -57601
3101 -21220 -57601
3102 -21217 -57601
3103 -21218 -57601
3104 -21216 -57601
3105 -21218 -57601
3106 -21223 -57601
3107 -21221 -57601
3108 -21222 -57601
3109 -21221 -57601
3110 -21221 -57601
3111 -21220 -57601
3112 -21215 -57601
3113 -21220 -57601
3114 -21221 -57601
3115 -21222 -57601
3116 -21219 -57601
3117 -21223 -57601
3118 -21220 -57601
3119 -21224 -57601
3120 -21218 -57601
3121 -21218 -57601
3122 -21222 -57601
3123 -21225 -57601
3124 -21220 -57601
3125 -21227 -57601
3126 -21223 -57601
3127 -21225 -57601
3128 -21215 -57601
3129 -21215 -57601
3130 -21221 -57601
3131 -21217 -57601
3132 -21219 -57601
3133 -21222 -57601
3134 -21219 -57601
3135 -21225 -57601
3136 -21218 -57601
3137 -21214 -57601
3138 -21224 -57601
3139 -21219 -57601
3140 -21226 -57601
3141 -21214 -57601
3142 -21221 -57601
3143 -21220 -57601
3144 -21218 -57601
3145 -21221 -57601
3146 -21216 -57601
3147 -21217 -57601
3148 -21220 -57601
3149 -21221 -57601
3150 -21220 -57601
3151 -21219 -57601
3152 -21226 -57601
3153 -21218 -57601
3154 -21217 -57601
3155 -21218 -57601
3156 -21221 -57601
3157 -21228 -57601
3158 -21220 -57601
3159 -21220 -57601
3160 -21215 -57601
3161 -21220 -57601
3162 -21218 -57601
3163 -21213 -57601
3164 -21217 -57601
3165 -21218 -57601
3166 -21216 -57601
3167 -21218 -57601
3168 -21227 -57601
3169 -21225 -57601
3170 -21221 -57601
3171 -21218 -57601
3172 -21219 -57601
3173 -21220 -57601
3174 -21220 -57601
3175 -21212 -57601
3176 -21216 -57601
3177 -21221 -57601
3178 -21220 -57601
3179 -21222 -57601
3180 -21224 -57601
3181 -21223 -57601
3182 -21218 -57601
3183 -21218 -57601
3184 -21222 -57601
3185 -21216 -57601
3186 -21217 -57601
3187 -21217 -57601
3188 -21217 -57601
3189 -21220 -57601
3190 -21225 -57601
3191 -21222 -57601
3192 -21220 -57601
3193 -21218 -57601
3194 -21218 -57601
3195 -21216 -57601
3196 -21220 -57601
3197 -21227 -57601
3198 -21219 -57601
3199 -21217 -57601
3200 -21219 -57601
3201 -21217 -57601
3202 -21216 -57601
3203 -21227 -57601
3204 -21220 -57601
3205 -21218 -57601
3206 -21217 -57601
3207 -21216 -57601
3208 -21221 -57601
3209 -21218 -57601
3210 -21221 -57601
3211 -21219 -57601
3212 -21218 -57601
3213 -21216 -57601
3214 -21217 -57601
3215 -21224 -57601
3216 -21218 -57601
3217 -21219 -57601
3218 -21215 -57601
3219 -21218 -57601
3220 -21196 -57601
3221 -21224 -57601
3222 -21219 -57601
3223 -21218 -57601
3224 -21220 -57601
3225 -21220 -57601
3226 -21223 -57601
3227 -21222 -57601
3228 -21221 -57601
3229 -21214 -57601
3230 -21218 -57601
3231 -21218 -57601
3232 -21218 -57601
3233 -21222 -57601
3234 -21220 -57601
3235 -21220 -57601
3236 -21219 -57601
3237 -21221 -57601
3238 -21218 -57601
3239 -21216 -57601
3240 -21229 -57601
3241 -21220 -57601
3242 -21217 -57601
3243 -21215 -57601
3244 -21220 -57601
3245 -21225 -57601
3246 -21221 -57601
3247 -21219 -57601
3248 -21219 -57601
3249 -21230 -57601
3250 -21220 -57601
3251 -21218 -57601
3252 -21217 -57601
3253 -21222 -57601
3254 -21223 -57601
3255 -21217 -57601
3256 -21224 -57601
3257 -21219 -57601
3258 -21221 -57601
3259 -21217 -57601
3260 -21229 -57601
3261 -21227 -57601
3262 -21215 -57601
3263 -21221 -57601
3264 -21224 -57601
3265 -21218 -57601
3266 -21222 -57601
3267 -21219 -57601
3268 -21224 -57601
3269 -21214 -57601
3270 -21221 -57601
3271 -21231 -57601
3272 -21219 -57601
3273 -21218 -57601
3274 -21220 -57601
3275 -21219 -57601
3276 -21218 -57601
3277 -21225 -57601
3278 -21222 -57601
3279 -21215 -57601
3280 -21214 -57601
3281 -21216 -57601
3282 -21222 -57601
3283 -21218 -57601
3284 -21224 -57601
3285 -21218 -57601
3286 -21216 -57601
3287 -21219 -57601
3288 -21216 -57601
3289 -21215 -57601
3290 -21222 -57601
3291 -21228 -57601
3292 -21217 -57601
3293 -21222 -57601
3294 -21220 -57601
3295 -21224 -57601
3296 -21222 -57601
3297 -21218 -57601
3298 -21220 -57601
3299 -21220 -57601
3300 -21219 -57601
3301 -21219 -57601
3302 -21215 -57601
3303 -21219 -57601
3304 -21229 -57601
3305 -21217 -57601
3306 -21217 -57601
3307 -21220 -57601
3308 -21218 -57601
3309 -21223 -57601
3310 -21219 -57601
3311 -21216 -57601
3312 -21223 -57601
3313 -21219 -57601
3314 -21225 -57601
3315 -21229 -57601
3316 -21221 -57601
3317 -21219 -57601
3318 -21220 -57601
3319 -21223 -57601
3320 -21227 -57601
3321 -21230 -57601
3322 -21218 -57601
3323 -21220 -57601
3324 -21230 -57601
3325 -21216 -57601
3326 -21222 -57601
3327 -21219 -57601
3328 -21219 -57601
3329 -21228 -57601
3330 -21216 -57601
3331 -21215 -57601
3332 -21216 -57601
3333 -21219 -57601
3334 -21218 -57601
3335 -21225 -57601
3336 -21216 -57601
3337 -21224 -57601
3338 -21227 -57601
3339 -21219 -57601
3340 -21221 -57601
3341 -21217 -57601
3342 -21227 -57601
3343 -21214 -57601
3344 -21220 -57601
3345 -21218 -57601
3346 -21224 -57601
3347 -21218 -57601
3348 -21235 -57601
3349 -21220 -57601
3350 -21225 -57601
3351 -21218 -57601
3352 -21228 -57601
3353 -21219 -57601
3354 -21218 -57601
3355 -21221 -57601
3356 -21228 -57601
3357 -21219 -57601
3358 -21218 -57601
3359 -21221 -57601
3360 -21219 -57601
3361 -21221 -57601
3362 -21216 -57601
3363 -21218 -57601
3364 -21216 -57601
3365 -21222 -57601
3366 -21218 -57601
3367 -21221 -57601
3368 -21216 -57601
3369 -21218 -57601
3370 -21218 -57601
3371 -21216 -57601
3372 -21217 -57601
3373 -21219 -57601
3374 -21215 -57601
3375 -21225 -57601
3376 -21221 -57601
3377 -21218 -57601
3378 -21219 -57601
3379 -21218 -57601
3380 -21218 -57601
3381 -21217 -57601
3382 -21220 -57601
3383 -21217 -57601
3384 -21227 -57601
3385 -21224 -57601
3386 -21225 -57601
3387 -21216 -57601
3388 -21219 -57601
3389 -21215 -57601
3390 -21222 -57601
3391 -21219 -57601
3392 -21222 -57601
3393 -21229 -57601
3394 -21231 -57601
3395 -21218 -57601
3396 -21219 -57601
3397 -21225 -57601
3398 -21221 -57601
3399 -21226 -57601
3400 -21219 -57601
3401 -21217 -57601
3402 -21216 -57601
3403 -21221 -57601
3404 -21217 -57601
3405 -21226 -57601
3406 -21221 -57601
3407 -21221 -57601
3408 -21220 -57601
3409 -21222 -57601
3410 -21216 -57601
3411 -21221 -57601
3412 -21219 -57601
3413 -21184 -57601
3414 -21219 -57601
3415 -21219 -57601
3416 -21220 -57601
3417 -21225 -57601
3418 -21229 -57601
3419 -21218 -57601
3420 -21214 -57601
3421 -21224 -57601
3422 -21224 -57601
3423 -21211 -57601
3424 -21217 -57601
3425 -21217 -57601
3426 -21221 -57601
3427 -21216 -57601
3428 -21217 -57601
3429 -21225 -57601
3430 -21219 -57601
3431 -21221 -57601
3432 -21216 -57601
3433 -21221 -57601
3434 -21224 -57601
3435 -21216 -57601
3436 -21219 -57601
3437 -21216 -57601
3438 -21228 -57601
3439 -21218 -57601
3440 -21217 -57601
3441 -21220 -57601
3442 -21220 -57601
3443 -21220 -57601
3444 -21221 -57601
3445 -21219 -57601
3446 -21218 -57601
3447 -21219 -57601
3448 -21222 -57601
3449 -21216 -57601
3450 -21215 -57601
3451 -21225 -57601
3452 -21224 -57601
3453 -21222 -57601
3454 -21222 -57601
3455 -21220 -57601
3456 -21211 -57601
3457 -21223 -57601
3458 -21219 -57601
3459 -21215 -57601
3460 -21216 -57601
3461 -21216 -57601
3462 -21221 -57601
3463 -21221 -57601
3464 -21221 -57601
3465 -21220 -57601
3466 -21219 -57601
3467 -21222 -57601
3468 -21213 -57601
3469 -21216 -57601
3470 -21218 -57601
3471 -21218 -57601
3472 -21214 -57601
3473 -21222 -57601
3474 -21217 -57601
3475 -21222 -57601
3476 -21213 -57601
3477 -21215 -57601
3478 -21216 -57601
3479 -21217 -57601
3480 -21220 -57601
3481 -21217 -57601
3482 -21216 -57601
3483 -21216 -57601
3484 -21219 -57601
3485 -21220 -57601
3486 -21215 -57601
3487 -21226 -57601
3488 -21221 -57601
3489 -21216 -57601
3490 -21221 -57601
3491 -21218 -57601
3492 -21222 -57601
3493 -21219 -57601
3494 -21219 -57601
3495 -21223 -57601
3496 -21221 -57601
3497 -21215 -57601
3498 -21222 -57601
3499 -21214 -57601
3500 -21217 -57601
3501 -21218 -57601
3502 -21222 -57601
3503 -21216 -57601
3504 -21217 -57601
3505 -21221 -57601
3506 -21217 -57601
3507 -21216 -57601
3508 -21220 -57601
3509 -21219 -57601
3510 -21225 -57601
3511 -21218 -57601
3512 -21223 -57601
3513 -21220 -57601
3514 -21217 -57601
3515 -21216 -57601
3516 -21221 -57601
3517 -21217 -57601
3518 -21220 -57601
3519 -21216 -57601
3520 -21219 -57601
3521 -21225 -57601
3522 -21214 -57601
3523 -21218 -57601
3524 -21220 -57601
3525 -21211 -57601
3526 -21213 -57601
3527 -21221 -57601
3528 -21213 -57601
3529 -21219 -57601
3530 -21218 -57601
3531 -21222 -57601
3532 -21215 -57601
3533 -21223 -57601
3534 -21216 -57601
3535 -21220 -57601
3536 -21217 -57601
3537 -21218 -57601
3538 -21223 -57601
3539 -21221 -57601
3540 -21225 -57601
3541 -21224 -57601
3542 -21242 -57601
3543 -21217 -57601
3544 -21220 -57601
3545 -21218 -57601
3546 -21217 -57601
3547 -21220 -57601
3548 -21221 -57601
3549 -21219 -57601
3550 -21217 -57601
3551 -21221 -57601
3552 -21221 -57601
3553 -21209 -57601
3554 -21217 -57601
3555 -21223 -57601
3556 -21222 -57601
3557 -21214 -57601
3558 -7155 -57601
3559 -21213 -57601
3560 -21228 -57601
3561 -21220 -57601
3562 -21217 -57601
3563 -21218 -57601
3564 -21217 -57601
3565 -21222 -57601
3566 -21220 -57601
3567 -21221 -57601
3568 -21215 -57601
3569 -21214 -57601
3570 -21222 -57601
3571 -21212 -57601
3572 -21217 -57601
3573 -21220 -57601
3574 -21220 -57601
3575 -21220 -57601
3576 -21219 -57601
3577 -21218 -57601
3578 -21231 -57601
3579 -21218 -57601
3580 -21225 -57601
3581 -21218 -57601
3582 -21217 -57601
3583 -21219 -57601
3584 -21216 -57601
3585 -21232 -57601
3586 -21220 -57601
3587 -21213 -57601
3588 -21219 -57601
3589 -21220 -57601
3590 -21216 -57601
3591 -21218 -57601
3592 -21214 -57601
3593 -21219 -57601
3594 -21218 -57601
3595 -21220 -57601
3596 -21220 -57601
3597 -21216 -57601
3598 -21218 -57601
3599 -21216 -57601
3600 -21221 -57601
3601 -21219 -57601
3602 -21218 -57601
3603 -21222 -57601
3604 -21221 -57601
3605 -21217 -57601
3606 -21219 -57601
3607 -21218 -57601
3608 -21217 -57601
3609 -21220 -57601
3610 -21215 -57601
3611 -21217 -57601
3612 -21217 -57601
3613 -21218 -57601
3614 -21228 -57601
3615 -21220 -57601
3616 -21217 -57601
3617 -21218 -57601
3618 -21212 -57601
3619 -21221 -57601
3620 -21219 -57601
3621 -21215 -57601
3622 -21220 -57601
3623 -21231 -57601
3624 -21220 -57601
3625 -21226 -57601
3626 -21218 -57601
3627 -21218 -57601
3628 -21219 -57601
3629 -21219 -57601
3630 -21218 -57601
3631 -21218 -57601
3632 -21232 -57601
3633 -21219 -57601
3634 -21220 -57601
3635 -21227 -57601
3636 -21218 -57601
3637 -21220 -57601
3638 -21212 -57601
3639 -21219 -57601
3640 -21224 -57601
3641 -21225 -57601
3642 -21223 -57601
3643 -21220 -57601
3644 -21217 -57601
3645 -21219 -57601
3646 -21219 -57601
3647 -21217 -57601
3648 -21230 -57601
3649 -21218 -57601
3650 -21214 -57601
3651 -21219 -57601
3652 -21221 -57601
3653 -21218 -57601
3654 -21218 -57601
3655 -21220 -57601
3656 -21221 -57601
3657 -21218 -57601
3658 -21217 -57601
3659 -21219 -57601
3660 -21223 -57601
3661 -21225 -57601
3662 -21223 -57601
3663 -21224 -57601
3664 -21224 -57601
3665 -21218 -57601
3666 -21226 -57601
3667 -21218 -57601
3668 -21216 -57601
3669 -21218 -57601
3670 -21216 -57601
3671 -21221 -57601
3672 -21223 -57601
3673 -21221 -57601
3674 -21219 -57601
3675 -21218 -57601
3676 -21223 -57601
3677 -21223 -57601
3678 -21220 -57601
3679 -21219 -57601
3680 -21216 -57601
3681 -21217 -57601
3682 -21220 -57601
3683 -21223 -57601
3684 -21216 -57601
3685 -21219 -57601
3686 -21219 -57601
3687 -21224 -57601
3688 -21224 -57601
3689 -21217 -57601
3690 -21220 -57601
3691 -21226 -57601
3692 -21221 -57601
3693 -21224 -57601
3694 -21220 -57601
3695 -21218 -57601
3696 -21219 -57601
3697 -21216 -57601
3698 -21224 -57601
3699 -21220 -57601
3700 -21216 -57601
3701 -21219 -57601
3702 -21221 -57601
3703 -21219 -57601
3704 -21227 -57601
3705 -21221 -57601
3706 -21219 -57601
3707 -21221 -57601
3708 -21214 -57601
3709 -21216 -57601
3710 -21223 -57601
3711 -21217 -57601
3712 -21220 -57601
3713 -21219 -57601
3714 -21217 -57601
3715 -21229 -57601
3716 -21227 -57601
3717 -21222 -57601
3718 -21221 -57601
3719 -21225 -57601
3720 -21222 -57601
3721 -21219 -57601
3722 -21220 -57601
3723 -21220 -57601
3724 -21219 -57601
3725 -21213 -57601
3726 -21230 -57601
3727 -21224 -57601
3728 -21203 -57601
3729 -21218 -57601
3730 -21220 -57601
3731 -21219 -57601
3732 -21221 -57601
3733 -21222 -57601
3734 -21217 -57601
3735 -21222 -57601
3736 -21214 -57601
3737 -21212 -57601
3738 -21219 -57601
3739 -21217 -57601
3740 -21216 -57601
3741 -21219 -57601
3742 -21217 -57601
3743 -21224 -57601
3744 -21217 -57601
3745 -21214 -57601
3746 -21225 -57601
3747 -21221 -57601
3748 -21211 -57601
3749 -21218 -57601
3750 -21221 -57601
3751 -21220 -57601
3752 -21215 -57601
3753 -21214 -57601
3754 -21218 -57601
3755 -21220 -57601
3756 -21223 -57601
3757 -21221 -57601
3758 -21215 -57601
3759 -21220 -57601
3760 -21220 -57601
3761 -21220 -57601
3762 -21217 -57601
3763 -21221 -57601
3764 -21217 -57601
3765 -21227 -57601
3766 -21222 -57601
3767 -21219 -57601
3768 -21223 -57601
3769 -21221 -57601
3770 -21220 -57601
3771 -21221 -57601
3772 -21218 -57601
3773 -21218 -57601
3774 -21223 -57601
3775 -21220 -57601
3776 -21222 -57601
3777 -21220 -57601
3778 -21227 -57601
3779 -21221 -57601
3780 -21219 -57601
3781 -21219 -57601
3782 -21218 -57601
3783 -21227 -57601
3784 -21231 -57601
3785 -21219 -57601
3786 -21213 -57601
3787 -21215 -57601
3788 -21216 -57601
3789 -21220 -57601
3790 -21213 -57601
3791 -21216 -57601
3792 -21221 -57601
3793 -21218 -57601
3794 -21223 -57601
3795 -21227 -57601
3796 -21218 -57601
3797 -21227 -57601
3798 -21217 -57601
3799 -21217 -57601
3800 -21220 -57601
3801 -21219 -57601
3802 -21219 -57601
3803 -21213 -57601
3804 -21220 -57601
3805 -21218 -57601
3806 -21216 -57601
3807 -21225 -57601
3808 -21217 -57601
3809 -21221 -57601
3810 -21216 -57601
3811 -21224 -57601
3812 -21222 -57601
3813 -21220 -57601
3814 -21216 -57601
3815 -21218 -57601
3816 -21223 -57601
3817 -21219 -57601
3818 -21225 -57601
3819 -21221 -57601
3820 -21218 -57601
3821 -21222 -57601
3822 -21222 -57601
3823 -21217 -57601
3824 -21220 -57601
3825 -21218 -57601
3826 -21213 -57601
3827 -21223 -57601
3828 -21217 -57601
3829 -21219 -57601
3830 -21211 -57601
3831 -21221 -57601
3832 -21216 -57601
3833 -21221 -57601
3834 -21222 -57601
3835 -21221 -57601
3836 -21220 -57601
3837 -21209 -57601
3838 -21223 -57601
3839 -21217 -57601
3840 -21230 -57601
3841 -21224 -57601
3842 -21220 -57601
3843 -21218 -57601
3844 -21219 -57601
3845 -21219 -57601
3846 -21217 -57601
3847 -21220 -57601
3848 -21216 -57601
3849 -21215 -57601
3850 -21214 -57601
3851 -21217 -57601
3852 -21220 -57601
3853 -21227 -57601
3854 -21221 -57601
3855 -21205 -57601
3856 -21214 -57601
3857 -21227 -57601
3858 -21218 -57601
3859 -21219 -57601
3860 -21213 -57601
3861 -21226 -57601
3862 -21217 -57601
3863 -21216 -57601
3864 -21217 -57601
3865 -21223 -57601
3866 -21215 -57601
3867 -21213 -57601
3868 -21217 -57601
3869 -21219 -57601
3870 -21220 -57601
3871 -21221 -57601
3872 -21217 -57601
3873 -21221 -57601
3874 -21218 -57601
3875 -21219 -57601
3876 -21222 -57601
3877 -21220 -57601
3878 -21217 -57601
3879 -21226 -57601
3880 -21221 -57601
3881 -21217 -57601
3882 -21221 -57601
3883 -21216 -57601
3884 -21220 -57601
3885 -21227 -57601
3886 -21213 -57601
3887 -21220 -57601
3888 -21219 -57601
3889 -21220 -57601
3890 -21219 -57601
3891 -21231 -57601
3892 -21219 -57601
3893 -21215 -57601
3894 -21225 -57601
3895 -21221 -57601
3896 -21214 -57601
3897 -21219 -57601
3898 -21219 -57601
3899 -21215 -57601
3900 -21221 -57601
3901 -21220 -57601
3902 -21216 -57601
3903 -21219 -57601
3904 -21216 -57601
3905 -21218 -57601
3906 -21221 -57601
3907 -21221 -57601
3908 -21216 -57601
3909 -21217 -57601
3910 -21220 -57601
3911 -21218 -57601
3912 -21222 -57601
3913 -21215 -57601
3914 -21219 -57601
3915 -21220 -57601
3916 -21218 -57601
3917 -21219 -57601
3918 -21221 -57601
3919 -21218 -57601
3920 -21211 -57601
3921 -21220 -57601
3922 -21223 -57601
3923 -21217 -57601
3924 -21214 -57601
3925 -21220 -57601
3926 -21223 -57601
3927 -21214 -57601
3928 -21226 -57601
3929 -21219 -57601
3930 -21217 -57601
3931 -21218 -57601
3932 -21218 -57601
3933 -21221 -57601
3934 -21222 -57601
3935 -21220 -57601
3936 -21221 -57601
3937 -21217 -57601
3938 -21226 -57601
3939 -21216 -57601
3940 -21223 -57601
3941 -21216 -57601
3942 -21227 -57601
3943 -21225 -57601
3944 -21222 -57601
3945 -21221 -57601
3946 -21219 -57601
3947 -21220 -57601
3948 -21223 -57601
3949 -21216 -57601
3950 -21217 -57601
3951 -21221 -57601
3952 -21223 -57601
3953 -21222 -57601
3954 -21214 -57601
3955 -21221 -57601
3956 -21218 -57601
3957 -21215 -57601
3958 -21220 -57601
3959 -21221 -57601
3960 -21222 -57601
3961 -21214 -57601
3962 -21215 -57601
3963 -21221 -57601
3964 -21218 -57601
3965 -21220 -57601
3966 -21215 -57601
3967 -21222 -57601
3968 -21218 -57601
3969 -21219 -57601
3970 -21228 -57601
3971 -21220 -57601
3972 -21222 -57601
3973 -21217 -57601
3974 -21217 -57601
3975 -21214 -57601
3976 -21217 -57601
3977 -21217 -57601
3978 -21217 -57601
3979 -21224 -57601
3980 -21217 -57601
3981 -21219 -57601
3982 -21220 -57601
3983 -21227 -57601
3984 -21224 -57601
3985 -21221 -57601
3986 -21222 -57601
3987 -21218 -57601
3988 -21216 -57601
3989 -21223 -57601
3990 -21221 -57601
3991 -21216 -57601
3992 -21223 -57601
3993 -21216 -57601
3994 -21218 -57601
3995 -21221 -57601
3996 -21215 -57601
3997 -21218 -57601
3998 -21229 -57601
3999 -21158 -57601
4000 -21218 -57601
4001 -21220 -57601
4002 -21222 -57601
4003 -21220 -57601
4004 -21216 -57601
4005 -21220 -57601
4006 -21218 -57601
4007 -21221 -57601
4008 -21217 -57601
4009 -21216 -57601
4010 -21223 -57601
4011 -21217 -57601
4012 -21219 -57601
4013 -21219 -57601
4014 -21215 -57601
4015 -21219 -57601
4016 -21219 -57601
4017 -21227 -57601
4018 -21221 -57601
4019 -21224 -57601
4020 -21225 -57601
4021 -21221 -57601
4022 -21221 -57601
4023 -21216 -57601
4024 -21221 -57601
4025 -21221 -57601
4026 -21220 -57601
4027 -21216 -57601
4028 -21216 -57601
4029 -21221 -57601
4030 -21217 -57601
4031 -21218 -57601
4032 -21218 -57601
4033 -21226 -57601
4034 -21220 -57601
4035 -21220 -57601
4036 -21219 -57601
4037 -21218 -57601
4038 -21220 -57601
4039 -21226 -57601
4040 -21221 -57601
4041 -21222 -57601
4042 -21215 -57601
4043 -21220 -57601
4044 -21228 -57601
4045 -21220 -57601
4046 -21219 -57601
4047 -21224 -57601
4048 -21221 -57601
4049 -21229 -57601
4050 -21218 -57601
4051 -21221 -57601
4052 -21221 -57601
4053 -21226 -57601
4054 -21221 -57601
4055 -21216 -57601
4056 -21222 -57601
4057 -21218 -57601
4058 -21221 -57601
4059 -21219 -57601
4060 -21221 -57601
4061 -21217 -57601
4062 -21226 -57601
4063 -21215 -57601
4064 -21218 -57601
4065 -21223 -57601
4066 -21222 -57601
4067 -21220 -57601
4068 -21216 -57601
4069 -21216 -57601
4070 -21217 -57601
4071 -21225 -57601
4072 -21221 -57601
4073 -21223 -57601
4074 -21220 -57601
4075 -21221 -57601
4076 -21219 -57601
4077 -21218 -57601
4078 -21219 -57601
4079 -21219 -57601
4080 -21220 -57601
4081 -21221 -57601
4082 -21216 -57601
4083 -21220 -57601
4084 -21220 -57601
4085 -21219 -57601
4086 -21216 -57601
4087 -21216 -57601
4088 -21223 -57601
4089 -21216 -57601
4090 -21215 -57601
4091 -21215 -57601
4092 -21222 -57601
4093 -21217 -57601
4094 -21221 -57601
4095 -21225 -57601
4096 -21218 -57601
4097 -21218 -57601
4098 -21226 -57601
4099 -21218 -57601
4100 -21220 -57601
4101 -21217 -57601
4102 -21219 -57601
4103 -21224 -57601
4104 -21224 -57601
4105 -21217 -57601
4106 -21220 -57601
4107 -21216 -57601
4108 -21218 -57601
4109 -21221 -57601
4110 -21223 -57601
4111 -21221 -57601
4112 -21221 -57601
4113 -21217 -57601
4114 -21219 -57601
4115 -21215 -57601
4116 -21215 -57601
4117 -21188 -57601
4118 -21220 -57601
4119 -21216 -57601
4120 -21228 -57601
4121 -21220 -57601
4122 -21227 -57601
4123 -21216 -57601
4124 -21217 -57601
4125 -21218 -57601
4126 -21223 -57601
4127 -21225 -57601
4128 -21217 -57601
4129 -21217 -57601
4130 -21216 -57601
4131 -21218 -57601
4132 -21216 -57601
4133 -21218 -57601
4134 -21221 -57601
4135 -21217 -57601
4136 -21218 -57601
4137 -21216 -57601
4138 -21225 -57601
4139 -21222 -57601
4140 -21219 -57601
4141 -21223 -57601
4142 -21225 -57601
4143 -21221 -57601
4144 -21216 -57601
4145 -21218 -57601
4146 -21218 -57601
4147 -21219 -57601
4148 -21221 -57601
4149 -21216 -57601
4150 -21221 -57601
4151 -21219 -57601
4152 -21217 -57601
4153 -21215 -57601
4154 -21222 -57601
4155 -21225 -57601
4156 -21219 -57601
4157 -21229 -57601
4158 -21214 -57601
4159 -21220 -57601
4160 -21217 -57601
4161 -21222 -57601
4162 -21216 -57601
4163 -21225 -57601
4164 -21219 -57601
4165 -21222 -57601
4166 -21223 -57601
4167 -21221 -57601
4168 -21223 -57601
4169 -21220 -57601
4170 -21217 -57601
4171 -21217 -57601
4172 -21211 -57601
4173 -21228 -57601
4174 -21219 -57601
4175 -21216 -57601
4176 -21223 -57601
4177 -21215 -57601
4178 -21226 -57601
4179 -21229 -57601
4180 -21222 -57601
4181 -21226 -57601
4182 -21219 -57601
4183 -21224 -57601
4184 -21223 -57601
4185 -21218 -57601
4186 -21216 -57601
4187 -21220 -57601
4188 -21216 -57601
4189 -21216 -57601
4190 -21219 -57601
4191 -21220 -57601
4192 -21228 -57601
4193 -21213 -57601
4194 -21227 -57601
4195 -21216 -57601
4196 -21221 -57601
4197 -21220 -57601
4198 -21215 -57601
4199 -21220 -57601
4200 -21218 -57601
4201 -21218 -57601
4202 -21217 -57601
4203 -21216 -57601
4204 -21218 -57601
4205 -21218 -57601
4206 -21218 -57601
4207 -21219 -57601
4208 -21213 -57601
4209 -21222 -57601
4210 -21217 -57601
4211 -21216 -57601
4212 -21213 -57601
4213 -21223 -57601
4214 -21219 -57601
4215 -21217 -57601
4216 -21217 -57601
4217 -21222 -57601
4218 -21219 -57601
4219 -21220 -57601
4220 -21217 -57601
4221 -21225 -57601
4222 -21225 -57601
4223 -21221 -57601
4224 -21217 -57601
4225 -21231 -57601
4226 -21221 -57601
4227 -21223 -57601
4228 -21221 -57601
4229 -21221 -57601
4230 -21220 -57601
4231 -21227 -57601
4232 -21220 -57601
4233 -21219 -57601
4234 -21219 -57601
4235 -21219 -57601
4236 -21221 -57601
4237 -21217 -57601
4238 -21217 -57601
4239 -21218 -57601
4240 -21215 -57601
4241 -21219 -57601
4242 -21218 -57601
4243 -21218 -57601
4244 -21222 -57601
4245 -21218 -57601
4246 -21220 -57601
4247 -21220 -57601
4248 -21225 -57601
4249 -21223 -57601
4250 -21218 -57601
4251 -21219 -57601
4252 -21218 -57601
4253 -21223 -57601
4254 -21220 -57601
4255 -21227 -57601
4256 -21237 -57601
4257 -21222 -57601
4258 -21220 -57601
4259 -21227 -57601
4260 -21220 -57601
4261 -21216 -57601
4262 -21216 -57601
4263 -21219 -57601
4264 -21275 -57601
4265 -21216 -57601
4266 -21216 -57601
4267 -21217 -57601
4268 -21217 -57601
4269 -21219 -57601
4270 -21218 -57601
4271 -21232 -57601
4272 -21234 -57601
4273 -21219 -57601
4274 -21221 -57601
4275 -21221 -57601
4276 -21219 -57601
4277 -21225 -57601
4278 -21226 -57601
4279 -21224 -57601
4280 -21219 -57601
4281 -21218 -57601
4282 -21218 -57601
4283 -21216 -57601
4284 -21228 -57601
4285 -21226 -57601
4286 -21218 -57601
4287 -21216 -57601
4288 -21216 -57601
4289 -21218 -57601
4290 -21227 -57601
4291 -21215 -57601
4292 -21220 -57601
4293 -21221 -57601
4294 -21219 -57601
4295 -21223 -57601
4296 -21224 -57601
4297 -21220 -57601
4298 -21221 -57601
4299 -21219 -57601
4300 -21220 -57601
4301 -21219 -57601
4302 -21219 -57601
4303 -21219 -57601
4304 -21222 -57601
4305 -21214 -57601
4306 -21217 -57601
4307 -21217 -57601
4308 -21216 -57601
4309 -21221 -57601
4310 -21222 -57601
4311 -21221 -57601
4312 -21220 -57601
4313 -21225 -57601
4314 -21229 -57601
4315 -21218 -57601
4316 -21185 -57601
4317 -21221 -57601
4318 -21221 -57601
4319 -21218 -57601
4320 -21225 -57601
4321 -21217 -57601
4322 -21223 -57601
4323 -21217 -57601
4324 -21220 -57601
4325 -21219 -57601
4326 -21221 -57601
4327 -21226 -57601
4328 -21219 -57601
4329 -21216 -57601
4330 -21223 -57601
4331 -21218 -57601
4332 -21217 -57601
4333 -21215 -57601
4334 -21221 -57601
4335 -21221 -57601
4336 -21220 -57601
4337 -21220 -57601
4338 -21215 -57601
4339 -21222 -57601
4340 -21218 -57601
4341 -21221 -57601
4342 -21218 -57601
4343 -21220 -57601
4344 -21221 -57601
4345 -21226 -57601
4346 -21222 -57601
4347 -21219 -57601
4348 -21218 -57601
4349 -130 -57601
4350 -21218 -57601
4351 -21222 -57601
4352 -21217 -57601
4353 -21219 -57601
4354 -21224 -57601
4355 -21223 -57601
4356 -21224 -57601
4357 -21220 -57601
4358 -21217 -57601
4359 -21216 -57601
4360 -21221 -57601
4361 -21216 -57601
4362 -21221 -57601
4363 -21217 -57601
4364 -21218 -57601
4365 -21220 -57601
4366 -21219 -57601
4367 -21218 -57601
4368 -21225 -57601
4369 -21216 -57601
4370 -21218 -57601
4371 -21223 -57601
4372 -21219 -57601
4373 -21218 -57601
4374 -21217 -57601
4375 -21220 -57601
4376 -21217 -57601
4377 -21224 -57601
4378 -21222 -57601
4379 -21223 -57601
4380 -21222 -57601
4381 -21226 -57601
4382 -21219 -57601
4383 -21224 -57601
4384 -21219 -57601
4385 -21225 -57601
4386 -21225 -57601
4387 -21224 -57601
4388 -21226 -57601
4389 -21221 -57601
4390 -21218 -57601
4391 -21224 -57601
4392 -21214 -57601
4393 -21220 -57601
4394 -21223 -57601
4395 -21219 -57601
4396 -21219 -57601
4397 -21219 -57601
4398 -21220 -57601
4399 -21216 -57601
4400 -21224 -57601
4401 -21221 -57601
4402 -21228 -57601
4403 -21221 -57601
4404 -21224 -57601
4405 -21230 -57601
4406 -21213 -57601
4407 -21222 -57601
4408 -21215 -57601
4409 -21219 -57601
4410 -21205 -57601
4411 -21216 -57601
4412 -21223 -57601
4413 -21231 -57601
4414 -21222 -57601
4415 -21218 -57601
4416 -21222 -57601
4417 -21216 -57601
4418 -21220 -57601
4419 -21220 -57601
4420 -21221 -57601
4421 -21221 -57601
4422 -21217 -57601
4423 -21216 -57601
4424 -21223 -57601
4425 -21217 -57601
4426 -21218 -57601
4427 -21223 -57601
4428 -21220 -57601
4429 -21233 -57601
4430 -21219 -57601
4431 -21218 -57601
4432 -21216 -57601
4433 -21221 -57601
4434 -21218 -57601
4435 -21227 -57601
4436 -21223 -57601
4437 -21225 -57601
4438 -21221 -57601
4439 -21215 -57601
4440 -21219 -57601
4441 -21219 -57601
4442 -21221 -57601
4443 -21219 -57601
4444 -21225 -57601
4445 -21218 -57601
4446 -21217 -57601
4447 -21217 -57601
4448 -21219 -57601
4449 -21217 -57601
4450 -21226 -57601
4451 -21219 -57601
4452 -21220 -57601
4453 -21217 -57601
4454 -21218 -57601
4455 -21218 -57601
4456 -21217 -57601
4457 -21216 -57601
4458 -21224 -57601
4459 -21224 -57601
4460 -21207 -57601
4461 -21221 -57601
4462 -21219 -57601
4463 -21218 -57601
4464 -21221 -57601
4465 -21225 -57601
4466 -21218 -57601
4467 -21222 -57601
4468 -21215 -57601
4469 -21220 -57601
4470 -21220 -57601
4471 -21221 -57601
4472 -21217 -57601
4473 -21223 -57601
4474 -21221 -57601
4475 -21223 -57601
4476 -21219 -57601
4477 -21218 -57601
4478 -21217 -57601
4479 -21222 -57601
4480 -21217 -57601
4481 -21216 -57601
4482 -21219 -57601
4483 -21218 -57601
4484 -21219 -57601
4485 -21223 -57601
4486 -21221 -57601
4487 -21221 -57601
4488 -21217 -57601
4489 -21218 -57601
4490 -21222 -57601
4491 -21217 -57601
4492 -21221 -57601
4493 -21213 -57601
4494 -21220 -57601
4495 -21215 -57601
4496 -21220 -57601
4497 -21221 -57601
4498 -21220 -57601
4499 -21217 -57601
4500 -21215 -57601
4501 -21218 -57601
4502 -21219 -57601
4503 -21225 -57601
4504 -21219 -57601
4505 -21221 -57601
4506 -21221 -57601
4507 -21218 -57601
4508 -21228 -57601
4509 -21218 -57601
4510 -21221 -57601
4511 -21218 -57601
4512 -21223 -57601
4513 -21221 -57601
4514 -21214 -57601
4515 -21227 -57601
4516 -21215 -57601
4517 -21220 -57601
4518 -21225 -57601
4519 -21218 -57601
4520 -21214 -57601
4521 -21222 -57601
4522 -21218 -57601
4523 -21219 -57601
4524 -21230 -57601
4525 -21220 -57601
4526 -21229 -57601
4527 -21218 -57601
4528 -21219 -57601
4529 -21224 -57601
4530 -21219 -57601
4531 -21223 -57601
4532 -21225 -57601
4533 -21215 -57601
4534 -21221 -57601
4535 -21220 -57601
4536 -21214 -57601
4537 -21220 -57601
4538 -21222 -57601
4539 -21220 -57601
4540 -21224 -57601
4541 -21222 -57601
4542 -21219 -57601
4543 -21222 -57601
4544 -21219 -57601
4545 -21221 -57601
4546 -21226 -57601
4547 -21222 -57601
4548 -21217 -57601
4549 -21223 -57601
4550 -21231 -57601
4551 -21222 -57601
4552 -21215 -57601
4553 -21210 -57601
4554 -21232 -57601
4555 -21223 -57601
4556 -21218 -57601
4557 -21217 -57601
4558 -21222 -57601
4559 -21233 -57601
4560 -21219 -57601
4561 -21219 -57601
4562 -21223 -57601
4563 -21217 -57601
4564 -21214 -57601
4565 -21220 -57601
4566 -21222 -57601
4567 -21215 -57601
4568 -21222 -57601
4569 -21218 -57601
4570 -21217 -57601
4571 -21219 -57601
4572 -21214 -57601
4573 -21221 -57601
4574 -21219 -57601
4575 -21216 -57601
4576 -21219 -57601
4577 -21221 -57601
4578 -21217 -57601
4579 -21227 -57601
4580 -21215 -57601
4581 -21220 -57601
4582 -21219 -57601
4583 -21220 -57601
4584 -21216 -57601
4585 -21226 -57601
4586 -21218 -57601
4587 -21222 -57601
4588 -21214 -57601
4589 -21220 -57601
4590 -21227 -57601
4591 -21225 -57601
4592 -21221 -57601
4593 -21221 -57601
4594 -21214 -57601
4595 -21201 -57601
4596 -21224 -57601
4597 -21219 -57601
4598 -21216 -57601
4599 -21216 -57601
4600 -21225 -57601
4601 -21220 -57601
4602 -21221 -57601
4603 -21224 -57601
4604 -21214 -57601
4605 -21220 -57601
4606 -21216 -57601
4607 -21216 -57601
4608 -21216 -57601
