0 -21228 -57601
1 -21220 -57601
2 -21222 -57601
3 -21217 -57601
4 -21213 -57601
5 -21218 -57601
6 -21221 -57601
7 -21218 -57601
8 -21216 -57601
9 -21217 -57601
10 -21216 -57601
11 -21218 -57601
12 -21225 -57601
13 -21223 -57601
14 -21216 -57601
15 -21217 -57601
16 -21214 -57601
17 -21221 -57601
18 -21217 -57601
19 -21219 -57601
20 -21216 -57601
21 -21222 -57601
22 -21217 -57601
23 -21220 -57601
24 -21220 -57601
25 -21219 -57601
26 -21217 -57601
27 -21220 -57601
28 -21220 -57601
29 -21219 -57601
30 -21223 -57601
31 -21219 -57601
32 -21216 -57601
33 -21220 -57601
34 -21218 -57601
35 -21222 -57601
36 -21218 -57601
37 -21221 -57601
38 -21219 -57601
39 -21224 -57601
40 -21224 -57601
41 -21219 -57601
42 -21214 -57601
43 -21224 -57601
44 -21223 -57601
45 -21221 -57601
46 -21220 -57601
47 -21221 -57601
48 -21217 -57601
49 -21217 -57601
50 -21213 -57601
51 -21221 -57601
52 -21223 -57601
53 -21221 -57601
54 -21216 -57601
55 -21219 -57601
56 -21219 -57601
57 -21216 -57601
58 -21221 -57601
59 -21224 -57601
60 -21220 -57601
61 -21214 -57601
62 -21219 -57601
63 -21218 -57601
64 3313 -57601
65 -21230 -57601
66 -21212 -57601
67 -21216 -57601
68 -21218 -57601
69 -21220 -57601
70 -21219 -57601
71 -21227 -57601
72 -21222 -57601
73 -21225 -57601
74 -21219 -57601
75 -21218 -57601
76 -21217 -57601
77 -21218 -57601
78 -21217 -57601
79 -21217 -57601
80 -21217 -57601
81 -21230 -57601
82 -21218 -57601
83 -21220 -57601
84 -21215 -57601
85 -21216 -57601
86 -21222 -57601
87 -21220 -57601
88 -21219 -57601
89 -21227 -57601
90 -21218 -57601
91 -21217 -57601
92 -21214 -57601
93 -21220 -57601
94 -21219 -57601
95 -21220 -57601
96 -21221 -57601
97 -21214 -57601
98 -21218 -57601
99 -21217 -57601
100 -21218 -57601
101 -21215 -57601
102 -21222 -57601
103 -21215 -57601
104 -21220 -57601
105 -21219 -57601
106 -21217 -57601
107 -21218 -57601
108 -21228 -57601
109 -21220 -57601
110 -21220 -57601
111 -21217 -57601
112 -21230 -57601
113 -21222 -57601
114 -21221 -57601
115 -21227 -57601
116 -21218 -57601
117 -21219 -57601
118 -21220 -57601
119 -21209 -57601
120 -21221 -57601
121 -21222 -57601
122 -21215 -57601
123 -21220 -57601
124 -21224 -57601
125 -21217 -57601
126 -21218 -57601
127 -21221 -57601
128 -21221 -57601
129 -21220 -57601
130 -21220 -57601
131 -21217 -57601
132 -21218 -57601
133 -21220 -57601
134 -21221 -57601
135 -21220 -57601
136 -21228 -57601
137 -21216 -57601
138 -21216 -57601
139 -21218 -57601
140 -21220 -57601
141 -21223 -57601
142 -21220 -57601
143 -21220 -57601
144 -21217 -57601
145 -21220 -57601
146 -21225 -57601
147 -21214 -57601
148 -21221 -57601
149 -21218 -57601
150 -21219 -57601
151 -21219 -57601
152 -21219 -57601
153 -21226 -57601
154 -21219 -57601
155 -21221 -57601
156 -21219 -57601
157 -21224 -57601
158 -21226 -57601
159 -21219 -57601
160 -21226 -57601
161 -21224 -57601
162 -21220 -57601
163 -21219 -57601
164 -21223 -57601
165 -21220 -57601
166 -21223 -57601
167 -21223 -57601
168 -21215 -57601
169 -21226 -57601
170 -21218 -57601
171 -21218 -57601
172 -21220 -57601
173 -21218 -57601
174 -21219 -57601
175 -21218 -57601
176 -21217 -57601
177 -21224 -57601
178 -21217 -57601
179 -21213 -57601
180 -21218 -57601
181 -21217 -57601
182 -21216 -57601
183 -21223 -57601
184 -21249 -57601
185 -21218 -57601
186 -21224 -57601
187 -21217 -57601
188 -21220 -57601
189 -21220 -57601
190 -21218 -57601
191 -21220 -57601
192 -21222 -57601
193 -21216 -57601
194 -21216 -57601
195 -21218 -57601
196 -21219 -57601
197 -21220 -57601
198 -21216 -57601
199 -21220 -57601
200 -21218 -57601
201 -21226 -57601
202 -21223 -57601
203 -21218 -57601
204 -21218 -57601
205 -21214 -57601
206 -21213 -57601
207 -21218 -57601
208 -21218 -57601
209 -21219 -57601
210 -21220 -57601
211 -21219 -57601
212 -21221 -57601
213 -21222 -57601
214 -21219 -57601
215 -21222 -57601
216 -21221 -57601
217 -21217 -57601
218 -21216 -57601
219 -21222 -57601
220 -21220 -57601
221 -21225 -57601
222 -21223 -57601
223 -21218 -57601
224 -21218 -57601
225 -21217 -57601
226 -21221 -57601
227 -21219 -57601
228 -21223 -57601
229 -21220 -57601
230 -21218 -57601
231 -21218 -57601
232 -173 -57601
233 -21218 -57601
234 -21224 -57601
235 -21222 -57601
236 -21217 -57601
237 -21220 -57601
238 -21220 -57601
239 -21218 -57601
240 -21219 -57601
241 -21223 -57601
242 -21221 -57601
243 -21220 -57601
244 -21222 -57601
245 -21218 -57601
246 -21220 -57601
247 -21220 -57601
248 -21219 -57601
249 -21217 -57601
250 -21222 -57601
251 -21215 -57601
252 -21227 -57601
253 -21221 -57601
254 -21219 -57601
255 -21218 -57601
256 -21220 -57601
257 -21220 -57601
258 -21213 -57601
259 -21219 -57601
260 -21220 -57601
261 -21220 -57601
262 -21223 -57601
263 -21219 -57601
264 -21221 -57601
265 -21226 -57601
266 -21216 -57601
267 -21221 -57601
268 -21225 -57601
269 -21218 -57601
270 -21219 -57601
271 -21217 -57601
272 -21222 -57601
273 -21220 -57601
274 -21220 -57601
275 -21216 -57601
276 -21222 -57601
277 -21223 -57601
278 -21220 -57601
279 -21215 -57601
280 -21218 -57601
281 -21225 -57601
282 -21215 -57601
283 -21218 -57601
284 -21218 -57601
285 -21216 -57601
286 -21221 -57601
287 -21216 -57601
288 -21218 -57601
289 -21218 -57601
290 -21218 -57601
291 -21218 -57601
292 -21220 -57601
293 -21221 -57601
294 -21220 -57601
295 -21219 -57601
296 -21225 -57601
297 -21218 -57601
298 -21216 -57601
299 -21226 -57601
300 -21221 -57601
301 -21228 -57601
302 -21223 -57601
303 -21213 -57601
304 -21222 -57601
305 -21222 -57601
306 -21220 -57601
307 -21223 -57601
308 -21222 -57601
309 -21217 -57601
310 -21218 -57601
311 -21220 -57601
312 -21219 -57601
313 -21222 -57601
314 -21221 -57601
315 -21220 -57601
316 -21219 -57601
317 -21225 -57601
318 -21216 -57601
319 -21222 -57601
320 -21218 -57601
321 -21219 -57601
322 -21217 -57601
323 -21219 -57601
324 -21215 -57601
325 -21220 -57601
326 -21220 -57601
327 -21219 -57601
328 -21217 -57601
329 -21217 -57601
330 -21218 -57601
331 -21220 -57601
332 -21219 -57601
333 -21223 -57601
334 -21222 -57601
335 -21221 -57601
336 -21215 -57601
337 -21221 -57601
338 -21217 -57601
339 -21216 -57601
340 -21216 -57601
341 -21223 -57601
342 -21218 -57601
343 -21226 -57601
344 -21220 -57601
345 -21217 -57601
346 -21217 -57601
347 -21217 -57601
348 -21220 -57601
349 -21224 -57601
350 -21219 -57601
351 -21213 -57601
352 -21202 -57601
353 -21217 -57601
354 -21218 -57601
355 -21220 -57601
356 -21216 -57601
357 -21220 -57601
358 -21221 -57601
359 -21222 -57601
360 -21224 -57601
361 -21217 -57601
362 -21218 -57601
363 -21218 -57601
364 -21218 -57601
365 -21221 -57601
366 -21221 -57601
367 -21215 -57601
368 -21220 -57601
369 -21213 -57601
370 -21220 -57601
371 -21220 -57601
372 -21220 -57601
373 -21216 -57601
374 -21221 -57601
375 -21221 -57601
376 -21220 -57601
377 -21216 -57601
378 -21217 -57601
379 -21217 -57601
380 -21218 -57601
381 -21222 -57601
382 -21222 -57601
383 -21224 -57601
384 -21219 -57601
385 -21217 -57601
386 -21213 -57601
387 -21215 -57601
388 -21220 -57601
389 -21223 -57601
390 -21224 -57601
391 -21214 -57601
392 -21215 -57601
393 -21220 -57601
394 -21228 -57601
395 -21219 -57601
396 -21227 -57601
397 -21218 -57601
398 -21218 -57601
399 -21214 -57601
400 -21218 -57601
401 -21221 -57601
402 -21218 -57601
403 -21220 -57601
404 -21217 -57601
405 -21219 -57601
406 -21221 -57601
407 -21221 -57601
408 -21219 -57601
409 -21221 -57601
410 -21217 -57601
411 -21218 -57601
412 -21221 -57601
413 -21221 -57601
414 -21218 -57601
415 -21217 -57601
416 -21221 -57601
417 -21222 -57601
418 -21220 -57601
419 -21217 -57601
420 -21221 -57601
421 -21222 -57601
422 -21219 -57601
423 -21217 -57601
424 -21218 -57601
425 -21221 -57601
426 -21219 -57601
427 -21218 -57601
428 -21224 -57601
429 -21216 -57601
430 -21217 -57601
431 -21219 -57601
432 -21219 -57601
433 -21226 -57601
434 -21221 -57601
435 -21218 -57601
436 -21221 -57601
437 -21220 -57601
438 -21221 -57601
439 -21218 -57601
440 -21216 -57601
441 -21220 -57601
442 -21223 -57601
443 -21219 -57601
444 -21220 -57601
445 -21226 -57601
446 -21219 -57601
447 -21224 -57601
448 -21217 -57601
449 -21217 -57601
450 -21218 -57601
451 -21216 -57601
452 -21217 -57601
453 -21219 -57601
454 -21233 -57601
455 -21218 -57601
456 -21216 -57601
457 -21214 -57601
458 -21222 -57601
459 -21220 -57601
460 -21230 -57601
461 -21225 -57601
462 -21223 -57601
463 -21221 -57601
464 -21221 -57601
465 -21217 -57601
466 -21220 -57601
467 -21223 -57601
468 -21213 -57601
469 -21215 -57601
470 -21220 -57601
471 -21225 -57601
472 -21220 -57601
473 -21222 -57601
474 -21217 -57601
475 -21224 -57601
476 -21221 -57601
477 -21220 -57601
478 -21218 -57601
479 -21222 -57601
480 -21221 -57601
481 -21219 -57601
482 -21220 -57601
483 -21218 -57601
484 -21216 -57601
485 -21220 -57601
486 -21219 -57601
487 -21227 -57601
488 -21221 -57601
489 -21221 -57601
490 -21220 -57601
491 -21219 -57601
492 -21224 -57601
493 -21220 -57601
494 -21222 -57601
495 -21218 -57601
496 -21220 -57601
497 -21218 -57601
498 -21218 -57601
499 -21221 -57601
500 -21162 -57601
501 -21222 -57601
502 -21221 -57601
503 -21217 -57601
504 -21221 -57601
505 -21216 -57601
506 -21220 -57601
507 -21214 -57601
508 -21218 -57601
509 -21218 -57601
510 -21216 -57601
511 -21218 -57601
512 -21219 -57601
513 -21219 -57601
514 -21223 -57601
515 -21225 -57601
516 -21217 -57601
517 -21217 -57601
518 -21219 -57601
519 -21221 -57601
520 -21216 -57601
521 -21222 -57601
522 -21223 -57601
523 -21220 -57601
524 -21223 -57601
525 -21221 -57601
526 -21226 -57601
527 -21220 -57601
528 -21226 -57601
529 -21220 -57601
530 -21221 -57601
531 -21242 -57601
532 -21219 -57601
533 -21222 -57601
534 -21221 -57601
535 -21226 -57601
536 -21219 -57601
537 -21221 -57601
538 -21220 -57601
539 -21219 -57601
540 -21224 -57601
541 -21220 -57601
542 -21229 -57601
543 -21216 -57601
544 -21217 -57601
545 -21221 -57601
546 -21219 -57601
547 -21217 -57601
548 -21216 -57601
549 -21220 -57601
550 -21216 -57601
551 -21215 -57601
552 -21217 -57601
553 -21219 -57601
554 -21221 -57601
555 -21226 -57601
556 -21223 -57601
557 -21220 -57601
558 -21216 -57601
559 -21222 -57601
560 -21220 -57601
561 -21223 -57601
562 -21219 -57601
563 -21218 -57601
564 -21216 -57601
565 -21224 -57601
566 -21214 -57601
567 -21219 -57601
568 -21216 -57601
569 -21219 -57601
570 -21214 -57601
571 -21216 -57601
572 -21227 -57601
573 -21216 -57601
574 -21224 -57601
575 -21217 -57601
576 -21223 -57601
577 -21220 -57601
578 -21220 -57601
579 -21224 -57601
580 -21216 -57601
581 -21222 -57601
582 -21215 -57601
583 -21218 -57601
584 6827 -57601
585 -21214 -57601
586 -21222 -57601
587 -21222 -57601
588 -21218 -57601
589 -21220 -57601
590 -21227 -57601
591 -21221 -57601
592 -21223 -57601
593 -21219 -57601
594 -21217 -57601
595 -21219 -57601
596 -21217 -57601
597 -21219 -57601
598 -21211 -57601
599 -21224 -57601
600 -21219 -57601
601 -21217 -57601
602 -21220 -57601
603 -21219 -57601
604 -21218 -57601
605 -21223 -57601
606 -21218 -57601
607 -21217 -57601
608 -21215 -57601
609 -21214 -57601
610 -21214 -57601
611 -21221 -57601
612 -21222 -57601
613 -21215 -57601
614 -21219 -57601
615 -21241 -57601
616 -21219 -57601
617 -21221 -57601
618 -21222 -57601
619 -21222 -57601
620 -21217 -57601
621 -21219 -57601
622 -21219 -57601
623 -21221 -57601
624 -21220 -57601
625 -21220 -57601
626 -21219 -57601
627 -21220 -57601
628 -21222 -57601
629 -21218 -57601
630 -21218 -57601
631 -21219 -57601
632 -21223 -57601
633 -21219 -57601
634 -21223 -57601
635 -21218 -57601
636 -21212 -57601
637 -21218 -57601
638 -21216 -57601
639 -21220 -57601
640 -21219 -57601
641 -21220 -57601
642 -21219 -57601
643 -21220 -57601
644 -21217 -57601
645 -21220 -57601
646 -21215 -57601
647 -21217 -57601
648 -21216 -57601
649 -21219 -57601
650 -21215 -57601
651 -21223 -57601
652 -21220 -57601
653 -21226 -57601
654 -21215 -57601
655 -21218 -57601
656 -21222 -57601
657 -21215 -57601
658 -21218 -57601
659 -21218 -57601
660 -21220 -57601
661 -21218 -57601
662 -21223 -57601
663 -21220 -57601
664 -21223 -57601
665 -21224 -57601
666 -21221 -57601
667 -21214 -57601
668 -21220 -57601
669 -21217 -57601
670 -21224 -57601
671 -21217 -57601
672 -21217 -57601
673 -21220 -57601
674 -21222 -57601
675 -21221 -57601
676 -21243 -57601
677 -21219 -57601
678 -21220 -57601
679 -21220 -57601
680 -21222 -57601
681 -21222 -57601
682 -21219 -57601
683 -21216 -57601
684 -21220 -57601
685 -21219 -57601
686 -21216 -57601
687 -21216 -57601
688 -21224 -57601
689 -21223 -57601
690 -21220 -57601
691 -21219 -57601
692 -21220 -57601
693 -21223 -57601
694 -21214 -57601
695 -21218 -57601
696 -21223 -57601
697 -21222 -57601
698 -21216 -57601
699 -21217 -57601
700 -21223 -57601
701 -21219 -57601
702 -21220 -57601
703 -21219 -57601
704 -21217 -57601
705 -21221 -57601
706 -21222 -57601
707 -21217 -57601
708 -21222 -57601
709 -21220 -57601
710 -21222 -57601
711 -21216 -57601
712 -21218 -57601
713 -21225 -57601
714 -21222 -57601
715 -21221 -57601
716 -21220 -57601
717 -21224 -57601
718 -21224 -57601
719 -21221 -57601
720 -21220 -57601
721 -21215 -57601
722 -21217 -57601
723 -21215 -57601
724 -21222 -57601
725 -21218 -57601
726 -21216 -57601
727 -21221 -57601
728 6774 -57601
729 -21218 -57601
730 -21219 -57601
731 -21224 -57601
732 -21221 -57601
733 -21217 -57601
734 -21217 -57601
735 -21222 -57601
736 -21219 -57601
737 -21219 -57601
738 -21218 -57601
739 -21219 -57601
740 -21219 -57601
741 -21216 -57601
742 -21225 -57601
743 -21221 -57601
744 -21215 -57601
745 -21216 -57601
746 -197 -57601
747 -21221 -57601
748 -21232 -57601
749 -21222 -57601
750 -21220 -57601
751 -21223 -57601
752 -21224 -57601
753 -21219 -57601
754 -21220 -57601
755 -21221 -57601
756 -21225 -57601
757 -21221 -57601
758 -21217 -57601
759 -21219 -57601
760 -21217 -57601
761 -21224 -57601
762 -21217 -57601
763 -21221 -57601
764 -21220 -57601
765 -21219 -57601
766 -21223 -57601
767 -21210 -57601
768 -21219 -57601
769 -21217 -57601
770 -21214 -57601
771 -21220 -57601
772 -21217 -57601
773 -21216 -57601
774 -21222 -57601
775 -21217 -57601
776 -21214 -57601
777 -21222 -57601
778 -21219 -57601
779 -21222 -57601
780 -21224 -57601
781 -21199 -57601
782 -21220 -57601
783 -21221 -57601
784 -21218 -57601
785 -21214 -57601
786 -21219 -57601
787 -21226 -57601
788 -21222 -57601
789 -21221 -57601
790 -21216 -57601
791 -21220 -57601
792 -21221 -57601
793 -21222 -57601
794 -21219 -57601
795 -21213 -57601
796 -21217 -57601
797 -21217 -57601
798 -21219 -57601
799 -21221 -57601
800 -21218 -57601
801 -21217 -57601
802 -21221 -57601
803 -21221 -57601
804 -21223 -57601
805 -21219 -57601
806 -21218 -57601
807 -21217 -57601
808 -21219 -57601
809 -21222 -57601
810 -21217 -57601
811 -21222 -57601
812 -21217 -57601
813 -21217 -57601
814 -21218 -57601
815 -21221 -57601
816 -21215 -57601
817 -21222 -57601
818 -21220 -57601
819 -21217 -57601
820 -21221 -57601
821 -21221 -57601
822 -21221 -57601
823 -21215 -57601
824 -21217 -57601
825 -21220 -57601
826 -21220 -57601
827 -21218 -57601
828 -21218 -57601
829 -21213 -57601
830 -21219 -57601
831 -21218 -57601
832 -21203 -57601
833 -21220 -57601
834 -21223 -57601
835 -21217 -57601
836 -21221 -57601
837 -21224 -57601
838 -21216 -57601
839 -21216 -57601
840 -21218 -57601
841 -21228 -57601
842 -21217 -57601
843 -21218 -57601
844 -21218 -57601
845 -21221 -57601
846 -21215 -57601
847 -21217 -57601
848 -21220 -57601
849 -21218 -57601
850 -21216 -57601
851 -21214 -57601
852 -21217 -57601
853 -21221 -57601
854 -21217 -57601
855 -21217 -57601
856 -21218 -57601
857 -21220 -57601
858 -21218 -57601
859 -21218 -57601
860 -21216 -57601
861 -21223 -57601
862 -21222 -57601
863 -21226 -57601
864 -21221 -57601
865 -21217 -57601
866 -21219 -57601
867 -21219 -57601
868 -21220 -57601
869 -21221 -57601
870 -21218 -57601
871 -21216 -57601
872 -21219 -57601
873 -21218 -57601
874 -21226 -57601
875 -21228 -57601
876 -21216 -57601
877 -21220 -57601
878 -21221 -57601
879 -21222 -57601
880 -21219 -57601
881 -21221 -57601
882 -21220 -57601
883 -21219 -57601
884 -21221 -57601
885 -21254 -57601
886 -21217 -57601
887 -21218 -57601
888 -21213 -57601
889 -21220 -57601
890 -21218 -57601
891 -21222 -57601
892 -21219 -57601
893 -21218 -57601
894 -21217 -57601
895 -21227 -57601
896 -21220 -57601
897 -21219 -57601
898 -21217 -57601
899 -21221 -57601
900 -21216 -57601
901 -21217 -57601
902 -21221 -57601
903 -21222 -57601
904 -21223 -57601
905 -21219 -57601
906 -21218 -57601
907 -21220 -57601
908 -21219 -57601
909 -21222 -57601
910 -21214 -57601
911 -21225 -57601
912 -21216 -57601
913 -26474 -57601
914 -21212 -57601
915 -21225 -57601
916 -21217 -57601
917 -21217 -57601
918 -21220 -57601
919 -21218 -57601
920 -21217 -57601
921 -21220 -57601
922 -21220 -57601
923 -7308 -57601
924 -21222 -57601
925 -21222 -57601
926 -21224 -57601
927 -21223 -57601
928 -21225 -57601
929 -21227 -57601
930 -21228 -57601
931 -21220 -57601
932 -3622 -57601
933 -21217 -57601
934 -21220 -57601
935 -21220 -57601
936 -21217 -57601
937 -21223 -57601
938 -21219 -57601
939 -21227 -57601
940 -21221 -57601
941 -21222 -57601
942 -21219 -57601
943 -21216 -57601
944 -21216 -57601
945 -21229 -57601
946 -21218 -57601
947 -21224 -57601
948 -21220 -57601
949 -21221 -57601
950 -21217 -57601
951 -21215 -57601
952 -21214 -57601
953 -21224 -57601
954 -21218 -57601
955 -21217 -57601
956 -21226 -57601
957 -21217 -57601
958 -21218 -57601
959 -21222 -57601
960 -21219 -57601
961 -21217 -57601
962 -21220 -57601
963 -21209 -57601
964 -21220 -57601
965 -21218 -57601
966 -21214 -57601
967 -21219 -57601
968 -21223 -57601
969 -21219 -57601
970 -21224 -57601
971 -21220 -57601
972 -3802 -57601
973 -21218 -57601
974 -21216 -57601
975 -21220 -57601
976 -21220 -57601
977 -21221 -57601
978 -21221 -57601
979 -21224 -57601
980 -21216 -57601
981 -21223 -57601
982 -21221 -57601
983 -21221 -57601
984 -21218 -57601
985 -21225 -57601
986 -21222 -57601
987 -21219 -57601
988 -21215 -57601
989 -21214 -57601
990 -21215 -57601
991 -21225 -57601
992 -21224 -57601
993 -21223 -57601
994 -21222 -57601
995 -21219 -57601
996 -21218 -57601
997 -21221 -57601
998 -21219 -57601
999 -21217 -57601
1000 -21221 -57601
1001 -21216 -57601
1002 -21216 -57601
1003 -21224 -57601
1004 -21227 -57601
1005 -21214 -57601
1006 -21219 -57601
1007 -21200 -57601
1008 -21221 -57601
1009 -21221 -57601
1010 -21221 -57601
1011 -21220 -57601
1012 -21217 -57601
1013 -21216 -57601
1014 -21224 -57601
1015 -21221 -57601
1016 -21221 -57601
1017 -21219 -57601
1018 -21221 -57601
1019 -21215 -57601
1020 -21218 -57601
1021 -21219 -57601
1022 -21220 -57601
1023 -21227 -57601
1024 -21222 -57601
1025 -21215 -57601
1026 -21221 -57601
1027 -21220 -57601
1028 -21218 -57601
1029 -21220 -57601
1030 -21221 -57601
1031 -21223 -57601
1032 -21219 -57601
1033 -21221 -57601
1034 -21223 -57601
1035 -21216 -57601
1036 -21224 -57601
1037 -21222 -57601
1038 -21220 -57601
1039 -21219 -57601
1040 -21221 -57601
1041 -21218 -57601
1042 -21218 -57601
1043 -21218 -57601
1044 -21217 -57601
1045 -21217 -57601
1046 -21217 -57601
1047 -21216 -57601
1048 -21225 -57601
1049 -21220 -57601
1050 -21222 -57601
1051 -21219 -57601
1052 -21221 -57601
1053 -21216 -57601
1054 -21222 -57601
1055 -21219 -57601
1056 -21220 -57601
1057 -21219 -57601
1058 -21219 -57601
1059 -21215 -57601
1060 -21218 -57601
1061 -21220 -57601
1062 -21220 -57601
1063 -21219 -57601
1064 -21224 -57601
1065 -21222 -57601
1066 -21218 -57601
1067 -21219 -57601
1068 -21223 -57601
1069 -21222 -57601
1070 -21225 -57601
1071 -21216 -57601
1072 -21218 -57601
1073 -21218 -57601
1074 -21220 -57601
1075 -21218 -57601
1076 -21219 -57601
1077 -21217 -57601
1078 -21216 -57601
1079 -21216 -57601
1080 -21218 -57601
1081 -21219 -57601
1082 -21217 -57601
1083 -21226 -57601
1084 -21216 -57601
1085 -21222 -57601
1086 -21223 -57601
1087 -21216 -57601
1088 -21219 -57601
1089 -21225 -57601
1090 -21222 -57601
1091 -21225 -57601
1092 -21222 -57601
1093 -21219 -57601
1094 -21220 -57601
1095 -21223 -57601
1096 6835 -57601
1097 -21221 -57601
1098 -21214 -57601
1099 -21219 -57601
1100 -21222 -57601
1101 -21220 -57601
1102 -21220 -57601
1103 -21215 -57601
1104 -21219 -57601
1105 -21217 -57601
1106 -21218 -57601
1107 -21221 -57601
1108 -21219 -57601
1109 -21215 -57601
1110 -21225 -57601
1111 -21228 -57601
1112 -21220 -57601
1113 -21216 -57601
1114 -21218 -57601
1115 -21222 -57601
1116 -21219 -57601
1117 -21217 -57601
1118 -21219 -57601
1119 -21219 -57601
1120 -21219 -57601
1121 -21219 -57601
1122 -21222 -57601
1123 -21218 -57601
1124 -21221 -57601
1125 -21216 -57601
1126 -21219 -57601
1127 -21222 -57601
1128 -21223 -57601
1129 -21219 -57601
1130 -21219 -57601
1131 -21219 -57601
1132 -21217 -57601
1133 -21221 -57601
1134 -21217 -57601
1135 -21216 -57601
1136 -21219 -57601
1137 -21220 -57601
1138 -21215 -57601
1139 -21221 -57601
1140 -21218 -57601
1141 -21213 -57601
1142 -21217 -57601
1143 -21224 -57601
1144 -21226 -57601
1145 -21220 -57601
1146 -21216 -57601
1147 -21219 -57601
1148 -21223 -57601
1149 -21221 -57601
1150 -21222 -57601
1151 -21221 -57601
1152 -21219 -57601
1153 -21224 -57601
1154 -21216 -57601
1155 -21225 -57601
1156 -21219 -57601
1157 -21220 -57601
1158 -21225 -57601
1159 -21217 -57601
1160 -21216 -57601
1161 -21216 -57601
1162 -21218 -57601
1163 -21218 -57601
1164 -21222 -57601
1165 -21220 -57601
1166 -21221 -57601
1167 -21221 -57601
1168 -21227 -57601
1169 -21223 -57601
1170 -21219 -57601
1171 -21221 -57601
1172 -21221 -57601
1173 -21218 -57601
1174 -21217 -57601
1175 -21222 -57601
1176 -21219 -57601
1177 -21223 -57601
1178 -21219 -57601
1179 -21221 -57601
1180 -21222 -57601
1181 -21220 -57601
1182 -21223 -57601
1183 -21244 -57601
1184 -21219 -57601
1185 -21219 -57601
1186 -21221 -57601
1187 -21217 -57601
1188 -21221 -57601
1189 -21224 -57601
1190 -21220 -57601
1191 -21219 -57601
1192 -21222 -57601
1193 -21219 -57601
1194 -21220 -57601
1195 -21223 -57601
1196 -21216 -57601
1197 -21219 -57601
1198 -21220 -57601
1199 -21221 -57601
1200 -21224 -57601
1201 -21223 -57601
1202 -21220 -57601
1203 -21217 -57601
1204 -21218 -57601
1205 -21218 -57601
1206 -21223 -57601
1207 -21214 -57601
1208 -21217 -57601
1209 -21222 -57601
1210 -21217 -57601
1211 -21220 -57601
1212 -21223 -57601
1213 -21222 -57601
1214 -21229 -57601
1215 -21216 -57601
1216 -21221 -57601
1217 -21218 -57601
1218 -21220 -57601
1219 -21222 -57601
1220 -21222 -57601
1221 -21216 -57601
1222 -21220 -57601
1223 -21218 -57601
1224 -21219 -57601
1225 -21227 -57601
1226 -21217 -57601
1227 -21219 -57601
1228 -21218 -57601
1229 -21222 -57601
1230 -21224 -57601
1231 -21223 -57601
1232 -21214 -57601
1233 -21216 -57601
1234 -21221 -57601
1235 -21226 -57601
1236 -21222 -57601
1237 -21217 -57601
1238 -21222 -57601
1239 -21222 -57601
1240 -21223 -57601
1241 -21222 -57601
1242 -21218 -57601
1243 -21216 -57601
1244 -21217 -57601
1245 -21220 -57601
1246 -21219 -57601
1247 -21219 -57601
1248 -21226 -57601
1249 -21219 -57601
1250 -21220 -57601
1251 -21217 -57601
1252 -21220 -57601
1253 -21220 -57601
1254 -21221 -57601
1255 -21217 -57601
1256 -21218 -57601
1257 -21218 -57601
1258 -21224 -57601
1259 -21224 -57601
1260 -21224 -57601
1261 -21221 -57601
1262 -21220 -57601
1263 -21224 -57601
1264 -21223 -57601
1265 -21223 -57601
1266 -21214 -57601
1267 -21217 -57601
1268 -21217 -57601
1269 -21220 -57601
1270 -21217 -57601
1271 -21226 -57601
1272 -21222 -57601
1273 -21213 -57601
1274 -21217 -57601
1275 -21227 -57601
1276 -21219 -57601
1277 -21219 -57601
1278 -21218 -57601
1279 -21220 -57601
1280 -21222 -57601
1281 -21220 -57601
1282 -21221 -57601
1283 -21219 -57601
1284 -21221 -57601
1285 -21213 -57601
1286 -21221 -57601
1287 -21223 -57601
1288 -21218 -57601
1289 -21217 -57601
1290 -21223 -57601
1291 -21221 -57601
1292 -21219 -57601
1293 -21221 -57601
1294 -21217 -57601
1295 -21224 -57601
1296 -21214 -57601
1297 -21220 -57601
1298 -21212 -57601
1299 -21221 -57601
1300 -21219 -57601
1301 -21220 -57601
1302 -21224 -57601
1303 -21223 -57601
1304 -21223 -57601
1305 -21225 -57601
1306 -21219 -57601
1307 -21211 -57601
1308 -21223 -57601
1309 -21221 -57601
1310 -21218 -57601
1311 -21220 -57601
1312 -21218 -57601
1313 -21222 -57601
1314 -21221 -57601
1315 -21215 -57601
1316 -21218 -57601
1317 -21224 -57601
1318 -21218 -57601
1319 -21221 -57601
1320 -21217 -57601
1321 -21222 -57601
1322 -21221 -57601
1323 -21222 -57601
1324 -21219 -57601
1325 -21220 -57601
1326 -21220 -57601
1327 -21217 -57601
1328 -21216 -57601
1329 -21219 -57601
1330 -21223 -57601
1331 -21222 -57601
1332 -21222 -57601
1333 -21223 -57601
1334 -21222 -57601
1335 -21220 -57601
1336 -21219 -57601
1337 -21219 -57601
1338 -21215 -57601
1339 -21222 -57601
1340 -21218 -57601
1341 -21218 -57601
1342 -21223 -57601
1343 -21223 -57601
1344 -21219 -57601
1345 -21222 -57601
1346 -21223 -57601
1347 -21219 -57601
1348 -21219 -57601
1349 -21218 -57601
1350 -21216 -57601
1351 -21226 -57601
1352 -21218 -57601
1353 -21219 -57601
1354 -21222 -57601
1355 -21219 -57601
1356 -21222 -57601
1357 -21221 -57601
1358 -21226 -57601
1359 -21221 -57601
1360 -21218 -57601
1361 -21216 -57601
1362 -21216 -57601
1363 -21217 -57601
1364 -21217 -57601
1365 -21216 -57601
1366 -21218 -57601
1367 -21217 -57601
1368 -21221 -57601
1369 -21219 -57601
1370 -21217 -57601
1371 -21224 -57601
1372 -21220 -57601
1373 -21223 -57601
1374 -21221 -57601
1375 -21219 -57601
1376 -21217 -57601
1377 -21215 -57601
1378 -21223 -57601
1379 -21217 -57601
1380 -21218 -57601
1381 -21219 -57601
1382 -21218 -57601
1383 -21217 -57601
1384 -21220 -57601
1385 -21220 -57601
1386 -21224 -57601
1387 -21220 -57601
1388 -21219 -57601
1389 -21216 -57601
1390 -21224 -57601
1391 -21220 -57601
1392 -21221 -57601
1393 -21230 -57601
1394 -21218 -57601
1395 -21201 -57601
1396 -21221 -57601
1397 -21226 -57601
1398 -21221 -57601
1399 -21220 -57601
1400 -21221 -57601
1401 -21215 -57601
1402 -21220 -57601
1403 -21222 -57601
1404 -21219 -57601
1405 -21218 -57601
1406 -21220 -57601
1407 -21219 -57601
1408 -21219 -57601
1409 -21220 -57601
1410 -21220 -57601
1411 -21217 -57601
1412 -21218 -57601
1413 -21223 -57601
1414 -21217 -57601
1415 -21220 -57601
1416 -21219 -57601
1417 -21215 -57601
1418 -21219 -57601
1419 -21225 -57601
1420 -21223 -57601
1421 -21218 -57601
1422 -21218 -57601
1423 -21223 -57601
1424 -21222 -57601
1425 -21219 -57601
1426 -21220 -57601
1427 -21221 -57601
1428 -21219 -57601
1429 -21224 -57601
1430 -21221 -57601
1431 -21218 -57601
1432 -21219 -57601
1433 -21224 -57601
1434 -21222 -57601
1435 -21221 -57601
1436 -21223 -57601
1437 -21216 -57601
1438 -21217 -57601
1439 -21219 -57601
1440 -21218 -57601
1441 -21220 -57601
1442 -21221 -57601
1443 -21220 -57601
1444 -21219 -57601
1445 -21226 -57601
1446 -21220 -57601
1447 -21218 -57601
1448 -21216 -57601
1449 -21221 -57601
1450 -21221 -57601
1451 -21220 -57601
1452 -21217 -57601
1453 -21222 -57601
1454 -21214 -57601
1455 -21214 -57601
1456 -21216 -57601
1457 -21219 -57601
1458 -21241 -57601
1459 -21220 -57601
1460 -21216 -57601
1461 -21228 -57601
1462 -21220 -57601
1463 -21219 -57601
1464 -21222 -57601
1465 -21217 -57601
1466 -21222 -57601
1467 -21216 -57601
1468 -21222 -57601
1469 -21217 -57601
1470 -21221 -57601
1471 -21221 -57601
1472 -21218 -57601
1473 -21222 -57601
1474 -21218 -57601
1475 -21215 -57601
1476 -21222 -57601
1477 -21216 -57601
1478 -21217 -57601
1479 -21221 -57601
1480 -21217 -57601
1481 -21220 -57601
1482 -21220 -57601
1483 -21215 -57601
1484 -21221 -57601
1485 -21215 -57601
1486 -21219 -57601
1487 -21224 -57601
1488 -21222 -57601
1489 -21224 -57601
1490 -21229 -57601
1491 -21232 -57601
1492 -21215 -57601
1493 -21222 -57601
1494 -21219 -57601
1495 -21218 -57601
1496 -21221 -57601
1497 -21220 -57601
1498 -21220 -57601
1499 -21216 -57601
1500 -21222 -57601
1501 -21222 -57601
1502 -21225 -57601
1503 -21223 -57601
1504 -21220 -57601
1505 -21220 -57601
1506 -21224 -57601
1507 -21216 -57601
1508 -21217 -57601
1509 -21220 -57601
1510 -21217 -57601
1511 -21220 -57601
1512 -21222 -57601
1513 -21218 -57601
1514 -21216 -57601
1515 -21226 -57601
1516 -21220 -57601
1517 -21216 -57601
1518 -21219 -57601
1519 -21219 -57601
1520 -21217 -57601
1521 -21219 -57601
1522 -21222 -57601
1523 -21221 -57601
1524 -21219 -57601
1525 -21218 -57601
1526 -21215 -57601
1527 -21225 -57601
1528 -21222 -57601
1529 -21225 -57601
1530 -21216 -57601
1531 -21220 -57601
1532 -21215 -57601
1533 -21216 -57601
1534 -21217 -57601
1535 -21220 -57601
1536 -21228 -57601
1537 -21222 -57601
1538 -21219 -57601
1539 -21229 -57601
1540 -21221 -57601
1541 -21221 -57601
1542 -21224 -57601
1543 -21221 -57601
1544 -21219 -57601
1545 -21215 -57601
1546 -21221 -57601
1547 -21220 -57601
1548 -21219 -57601
1549 -21216 -57601
1550 -21220 -57601
1551 -21218 -57601
1552 -21219 -57601
1553 -21221 -57601
1554 -21221 -57601
1555 -21220 -57601
1556 -21220 -57601
1557 -21220 -57601
1558 -21216 -57601
1559 -21224 -57601
1560 -21217 -57601
1561 -21217 -57601
1562 -21240 -57601
1563 -21212 -57601
1564 -21226 -57601
1565 -21223 -57601
1566 -21216 -57601
1567 -21214 -57601
1568 -21220 -57601
1569 -21219 -57601
1570 -21225 -57601
1571 -21225 -57601
1572 -21219 -57601
1573 -21218 -57601
1574 -21223 -57601
1575 -21216 -57601
1576 -21219 -57601
1577 -21221 -57601
1578 -21217 -57601
1579 -21241 -57601
1580 -21216 -57601
1581 -21231 -57601
1582 -21218 -57601
1583 -21221 -57601
1584 -21219 -57601
1585 -21222 -57601
1586 -21217 -57601
1587 -21222 -57601
1588 -21216 -57601
1589 -21220 -57601
1590 -21215 -57601
1591 -21215 -57601
1592 -21219 -57601
1593 -21220 -57601
1594 -21220 -57601
1595 -21219 -57601
1596 -21215 -57601
1597 -21217 -57601
1598 -21225 -57601
1599 -21221 -57601
1600 -21225 -57601
1601 -21213 -57601
1602 -21224 -57601
1603 -21219 -57601
1604 -21217 -57601
1605 -21222 -57601
1606 -21218 -57601
1607 -21220 -57601
1608 -21217 -57601
1609 -21220 -57601
1610 -21214 -57601
1611 -21223 -57601
1612 -21223 -57601
1613 -21220 -57601
1614 -21216 -57601
1615 -21223 -57601
1616 -21226 -57601
1617 -21226 -57601
1618 -21226 -57601
1619 -21219 -57601
1620 -21223 -57601
1621 -21216 -57601
1622 -21218 -57601
1623 -21220 -57601
1624 -21216 -57601
1625 -21216 -57601
1626 -21223 -57601
1627 -21219 -57601
1628 -21216 -57601
1629 -21224 -57601
1630 -21220 -57601
1631 -21216 -57601
1632 -21222 -57601
1633 -21216 -57601
1634 -21216 -57601
1635 -21219 -57601
1636 -21215 -57601
1637 -21219 -57601
1638 -21219 -57601
1639 -21221 -57601
1640 -21225 -57601
1641 -21218 -57601
1642 -21215 -57601
1643 -21212 -57601
1644 -21220 -57601
1645 -21219 -57601
1646 -21224 -57601
1647 -21215 -57601
1648 -21217 -57601
1649 -21218 -57601
1650 -21213 -57601
1651 -21224 -57601
1652 -21217 -57601
1653 -21221 -57601
1654 -21220 -57601
1655 -21221 -57601
1656 -21219 -57601
1657 -21223 -57601
1658 -21223 -57601
1659 -21221 -57601
1660 -21218 -57601
1661 -21219 -57601
1662 -21217 -57601
1663 -21220 -57601
1664 -21225 -57601
1665 -21222 -57601
1666 -21222 -57601
1667 -21218 -57601
1668 -21220 -57601
1669 -21215 -57601
1670 -21220 -57601
1671 -21256 -57601
1672 -21216 -57601
1673 -21221 -57601
1674 -21220 -57601
1675 -21219 -57601
1676 -21220 -57601
1677 -21215 -57601
1678 -21221 -57601
1679 -21224 -57601
1680 -21214 -57601
1681 -21216 -57601
1682 -21221 -57601
1683 -21220 -57601
1684 -21213 -57601
1685 -21213 -57601
1686 -21217 -57601
1687 -21221 -57601
1688 -21218 -57601
1689 -21221 -57601
1690 -21219 -57601
1691 -21216 -57601
1692 -21219 -57601
1693 -21222 -57601
1694 -21216 -57601
1695 -21264 -57601
1696 -21219 -57601
1697 -21218 -57601
1698 -21218 -57601
1699 -21216 -57601
1700 -21220 -57601
1701 -21219 -57601
1702 -21221 -57601
1703 -21223 -57601
1704 -21220 -57601
1705 -21216 -57601
1706 -21218 -57601
1707 -21221 -57601
1708 -21222 -57601
1709 -21221 -57601
1710 -21216 -57601
1711 -21213 -57601
1712 -21219 -57601
1713 -21219 -57601
1714 -21219 -57601
1715 -21222 -57601
1716 -21221 -57601
1717 -21221 -57601
1718 -21221 -57601
1719 -21223 -57601
1720 -21223 -57601
1721 -21226 -57601
1722 -21220 -57601
1723 -21216 -57601
1724 -21218 -57601
1725 -21213 -57601
1726 -21251 -57601
1727 -21219 -57601
1728 -21220 -57601
1729 -21220 -57601
1730 -21223 -57601
1731 -21226 -57601
1732 -21215 -57601
1733 -21244 -57601
1734 -21266 -57601
1735 -21221 -57601
1736 -21220 -57601
1737 -21221 -57601
1738 -21218 -57601
1739 -21218 -57601
1740 -21214 -57601
1741 -21220 -57601
1742 -21221 -57601
1743 -21221 -57601
1744 -21215 -57601
1745 -21222 -57601
1746 -21223 -57601
1747 -3679 -57601
1748 -21220 -57601
1749 -21223 -57601
1750 -21223 -57601
1751 -21225 -57601
1752 -21218 -57601
1753 -21217 -57601
1754 -21226 -57601
1755 -21219 -57601
1756 -21224 -57601
1757 -21222 -57601
1758 -21217 -57601
1759 -21219 -57601
1760 -21221 -57601
1761 -21218 -57601
1762 -21220 -57601
1763 -21220 -57601
1764 -21239 -57601
1765 -21220 -57601
1766 -21217 -57601
1767 -21215 -57601
1768 -21219 -57601
1769 -21225 -57601
1770 -21220 -57601
1771 -21221 -57601
1772 -21221 -57601
1773 -21223 -57601
1774 -21222 -57601
1775 -21214 -57601
1776 -21220 -57601
1777 -21221 -57601
1778 -21216 -57601
1779 -21216 -57601
1780 -21217 -57601
1781 -21221 -57601
1782 -21216 -57601
1783 -21214 -57601
1784 -21217 -57601
1785 -21220 -57601
1786 -21219 -57601
1787 -21227 -57601
1788 -21223 -57601
1789 -21221 -57601
1790 -21219 -57601
1791 -21217 -57601
1792 -21215 -57601
1793 -21222 -57601
1794 -21222 -57601
1795 -21220 -57601
1796 -21224 -57601
1797 -21219 -57601
1798 -21222 -57601
1799 -21219 -57601
1800 -21217 -57601
1801 -21219 -57601
1802 -21222 -57601
1803 -21220 -57601
1804 -21220 -57601
1805 -21221 -57601
1806 -21216 -57601
1807 -21220 -57601
1808 -21217 -57601
1809 -21218 -57601
1810 -21220 -57601
1811 -21216 -57601
1812 -21221 -57601
1813 -21220 -57601
1814 -21216 -57601
1815 -21220 -57601
1816 -21222 -57601
1817 -21220 -57601
1818 -21217 -57601
1819 -21216 -57601
1820 -21216 -57601
1821 -21217 -57601
1822 -21218 -57601
1823 -21219 -57601
1824 -21218 -57601
1825 -21222 -57601
1826 -21221 -57601
1827 -21220 -57601
1828 -21216 -57601
1829 -21227 -57601
1830 -21218 -57601
1831 -21215 -57601
1832 -21220 -57601
1833 -21215 -57601
1834 -21219 -57601
1835 -21221 -57601
1836 -21220 -57601
1837 -21217 -57601
1838 -21219 -57601
1839 -21221 -57601
1840 -21221 -57601
1841 -21219 -57601
1842 -21228 -57601
1843 -21221 -57601
1844 -21226 -57601
1845 -21219 -57601
1846 -21220 -57601
1847 -21219 -57601
1848 -21218 -57601
1849 -21219 -57601
1850 -21223 -57601
1851 -21218 -57601
1852 -21223 -57601
1853 -21217 -57601
1854 -21219 -57601
1855 -21224 -57601
1856 -21224 -57601
1857 -21221 -57601
1858 -21220 -57601
1859 -21217 -57601
1860 -21202 -57601
1861 -21219 -57601
1862 -21215 -57601
1863 -21214 -57601
1864 -21221 -57601
1865 -21221 -57601
1866 -21224 -57601
1867 -21227 -57601
1868 -21222 -57601
1869 -21230 -57601
1870 -21220 -57601
1871 -21219 -57601
1872 -21214 -57601
1873 -21223 -57601
1874 -21219 -57601
1875 -21219 -57601
1876 -21221 -57601
1877 -21227 -57601
1878 -21221 -57601
1879 -21221 -57601
1880 -21219 -57601
1881 -21220 -57601
1882 -21219 -57601
1883 -21219 -57601
1884 -21216 -57601
1885 -21219 -57601
1886 -21227 -57601
1887 -21225 -57601
1888 -21223 -57601
1889 -21218 -57601
1890 -21222 -57601
1891 -21222 -57601
1892 -21223 -57601
1893 -21220 -57601
1894 -10716 -57601
1895 -21219 -57601
1896 -21221 -57601
1897 -21216 -57601
1898 -21225 -57601
1899 -21222 -57601
1900 -21225 -57601
1901 -21222 -57601
1902 -21217 -57601
1903 -21218 -57601
1904 -21225 -57601
1905 -21220 -57601
1906 -21219 -57601
1907 -21218 -57601
1908 -21215 -57601
1909 -21219 -57601
1910 -21226 -57601
1911 -21217 -57601
1912 -21218 -57601
1913 -21222 -57601
1914 -21221 -57601
1915 -21219 -57601
1916 -21215 -57601
1917 -21219 -57601
1918 -21218 -57601
1919 -21223 -57601
1920 -21219 -57601
1921 -21182 -57601
1922 -21222 -57601
1923 -21221 -57601
1924 -21219 -57601
1925 -21215 -57601
1926 -21216 -57601
1927 -21218 -57601
1928 -21223 -57601
1929 -21219 -57601
1930 -21217 -57601
1931 -21213 -57601
1932 -21217 -57601
1933 -21215 -57601
1934 -21218 -57601
1935 -21221 -57601
1936 -21221 -57601
1937 -21220 -57601
1938 -21216 -57601
1939 -21219 -57601
1940 -21223 -57601
1941 -21221 -57601
1942 -21216 -57601
1943 -21221 -57601
1944 -21219 -57601
1945 -21220 -57601
1946 -21221 -57601
1947 -21215 -57601
1948 -21218 -57601
1949 -21220 -57601
1950 -21215 -57601
1951 -21226 -57601
1952 -21227 -57601
1953 -21220 -57601
1954 -21218 -57601
1955 -21217 -57601
1956 -21216 -57601
1957 -21217 -57601
1958 -21217 -57601
1959 -21223 -57601
1960 -21215 -57601
1961 -21219 -57601
1962 -21220 -57601
1963 -21220 -57601
1964 -21217 -57601
1965 -21218 -57601
1966 -21214 -57601
1967 -21219 -57601
1968 -21219 -57601
1969 -21220 -57601
1970 -21218 -57601
1971 -21217 -57601
1972 -21217 -57601
1973 -21221 -57601
1974 -21218 -57601
1975 -21215 -57601
1976 -21217 -57601
1977 -21225 -57601
1978 -21221 -57601
1979 -21222 -57601
1980 -21216 -57601
1981 -21222 -57601
1982 -21216 -57601
1983 -21221 -57601
1984 -21218 -57601
1985 -21216 -57601
1986 -21222 -57601
1987 -21228 -57601
1988 -21216 -57601
1989 -21223 -57601
1990 -21225 -57601
1991 -21216 -57601
1992 -21225 -57601
1993 -21226 -57601
1994 -176 -57601
1995 -21214 -57601
1996 -21224 -57601
1997 -21215 -57601
1998 -21222 -57601
1999 -21224 -57601
2000 -21227 -57601
2001 -21220 -57601
2002 -21219 -57601
2003 -21224 -57601
2004 -21224 -57601
2005 -21218 -57601
2006 -21218 -57601
2007 -21219 -57601
2008 -21216 -57601
2009 -21219 -57601
2010 -21218 -57601
2011 -21224 -57601
2012 -21222 -57601
2013 -21221 -57601
2014 -21220 -57601
2015 -21219 -57601
2016 -21221 -57601
2017 -21218 -57601
2018 -21219 -57601
2019 -21217 -57601
2020 -21222 -57601
2021 -21219 -57601
2022 -21217 -57601
2023 -21222 -57601
2024 -21217 -57601
2025 -21224 -57601
2026 -21218 -57601
2027 -21217 -57601
2028 -21215 -57601
2029 -21215 -57601
2030 -21222 -57601
2031 -21218 -57601
2032 -21220 -57601
2033 -21222 -57601
2034 -21218 -57601
2035 -21217 -57601
2036 -21219 -57601
2037 -21217 -57601
2038 -21214 -57601
2039 -21203 -57601
2040 -21218 -57601
2041 -21220 -57601
2042 -21218 -57601
2043 -21217 -57601
2044 -21220 -57601
2045 -21217 -57601
2046 -21217 -57601
2047 -21222 -57601
2048 -21217 -57601
2049 -21220 -57601
2050 -21228 -57601
2051 -21221 -57601
2052 -7234 -57601
2053 -21219 -57601
2054 -21217 -57601
2055 -21217 -57601
2056 -21220 -57601
2057 -21217 -57601
2058 -21224 -57601
2059 -21219 -57601
2060 -21213 -57601
2061 -21216 -57601
2062 -21216 -57601
2063 -21219 -57601
2064 -21213 -57601
2065 -21224 -57601
2066 -21217 -57601
2067 -21223 -57601
2068 -21222 -57601
2069 -21219 -57601
2070 -21218 -57601
2071 -21220 -57601
2072 -21219 -57601
2073 -21216 -57601
2074 -21217 -57601
2075 -21214 -57601
2076 -21218 -57601
2077 -21217 -57601
2078 -21218 -57601
2079 -21221 -57601
2080 -21220 -57601
2081 -21221 -57601
2082 -21224 -57601
2083 -21219 -57601
2084 -21214 -57601
2085 -21224 -57601
2086 -21224 -57601
2087 -21220 -57601
2088 -21217 -57601
2089 -21215 -57601
2090 -21233 -57601
2091 -21219 -57601
2092 -21218 -57601
2093 -21216 -57601
2094 -21220 -57601
2095 -21221 -57601
2096 -21222 -57601
2097 -21218 -57601
2098 -21218 -57601
2099 -21221 -57601
2100 -21217 -57601
2101 -21219 -57601
2102 -21220 -57601
2103 -21225 -57601
2104 -21216 -57601
2105 -21220 -57601
2106 -21225 -57601
2107 -21228 -57601
2108 -21221 -57601
2109 -21224 -57601
2110 -21223 -57601
2111 -21219 -57601
2112 -21217 -57601
2113 -21224 -57601
2114 -21221 -57601
2115 -21217 -57601
2116 -21216 -57601
2117 -21223 -57601
2118 -21216 -57601
2119 -21224 -57601
2120 -21219 -57601
2121 -21215 -57601
2122 -21219 -57601
2123 -21220 -57601
2124 -21226 -57601
2125 -21220 -57601
2126 -21218 -57601
2127 -21223 -57601
2128 -21219 -57601
2129 -21225 -57601
2130 -21224 -57601
2131 -21208 -57601
2132 -21217 -57601
2133 -21218 -57601
2134 -21222 -57601
2135 -21217 -57601
2136 -21216 -57601
2137 -21219 -57601
2138 -21218 -57601
2139 -21221 -57601
2140 -21228 -57601
2141 -21221 -57601
2142 -21214 -57601
2143 -21220 -57601
2144 -21228 -57601
2145 -21220 -57601
2146 3314 -57601
2147 -21219 -57601
2148 -21165 -57601
2149 -21220 -57601
2150 -21218 -57601
2151 -21218 -57601
2152 -21217 -57601
2153 -21221 -57601
2154 -21218 -57601
2155 -21217 -57601
2156 -21219 -57601
2157 -21216 -57601
2158 -21219 -57601
2159 -21219 -57601
2160 -21221 -57601
2161 -21218 -57601
2162 -21227 -57601
2163 -21219 -57601
2164 -21216 -57601
2165 -21220 -57601
2166 -21222 -57601
2167 -21223 -57601
2168 -21223 -57601
2169 -21223 -57601
2170 -21220 -57601
2171 -21219 -57601
2172 -21220 -57601
2173 -21218 -57601
2174 -21224 -57601
2175 -21224 -57601
2176 -21215 -57601
2177 -21218 -57601
2178 -21222 -57601
2179 3305 -57601
2180 -21219 -57601
2181 -21225 -57601
2182 -21218 -57601
2183 -21221 -57601
2184 3327 -57601
2185 -21220 -57601
2186 -21220 -57601
2187 -21222 -57601
2188 -21218 -57601
2189 -21221 -57601
2190 -21222 -57601
2191 -21220 -57601
2192 -21219 -57601
2193 -21217 -57601
2194 -21221 -57601
2195 -21221 -57601
2196 -21220 -57601
2197 -21220 -57601
2198 -21218 -57601
2199 -21224 -57601
2200 -21229 -57601
2201 -21218 -57601
2202 -21221 -57601
2203 -21222 -57601
2204 -21221 -57601
2205 -21220 -57601
2206 -21224 -57601
2207 -21217 -57601
2208 -21221 -57601
2209 -21224 -57601
2210 -21214 -57601
2211 -21218 -57601
2212 -21225 -57601
2213 -21218 -57601
2214 -21215 -57601
2215 -21220 -57601
2216 -21219 -57601
2217 -21219 -57601
2218 -21226 -57601
2219 -21225 -57601
2220 -21220 -57601
2221 -21218 -57601
2222 -21225 -57601
2223 -21219 -57601
2224 -21255 -57601
2225 -21219 -57601
2226 -21218 -57601
2227 -21222 -57601
2228 -21221 -57601
2229 -21219 -57601
2230 -21218 -57601
2231 -21217 -57601
2232 -21220 -57601
2233 -21215 -57601
2234 -193 -57601
2235 -21221 -57601
2236 -21221 -57601
2237 -21214 -57601
2238 -21222 -57601
2239 -21219 -57601
2240 -21223 -57601
2241 -21220 -57601
2242 -21217 -57601
2243 -21221 -57601
2244 -21215 -57601
2245 -21218 -57601
2246 -21219 -57601
2247 -21223 -57601
2248 -21219 -57601
2249 -21216 -57601
2250 -21220 -57601
2251 -21219 -57601
2252 -21225 -57601
2253 -21220 -57601
2254 -21219 -57601
2255 -21217 -57601
2256 -21220 -57601
2257 -21217 -57601
2258 -21219 -57601
2259 -21220 -57601
2260 -21220 -57601
2261 -21223 -57601
2262 -21219 -57601
2263 -21222 -57601
2264 -21216 -57601
2265 -21219 -57601
2266 -21220 -57601
2267 -21219 -57601
2268 -21220 -57601
2269 -21221 -57601
2270 -21213 -57601
2271 -21224 -57601
2272 -21215 -57601
2273 -21218 -57601
2274 -21219 -57601
2275 -21222 -57601
2276 -21220 -57601
2277 -21217 -57601
2278 -21225 -57601
2279 -21221 -57601
2280 -21219 -57601
2281 -21220 -57601
2282 -21220 -57601
2283 -21218 -57601
2284 -21218 -57601
2285 -21217 -57601
2286 -21223 -57601
2287 -21218 -57601
2288 -21215 -57601
2289 -21221 -57601
2290 -21220 -57601
2291 -21216 -57601
2292 -21219 -57601
2293 -21219 -57601
2294 -21219 -57601
2295 -21221 -57601
2296 -21222 -57601
2297 -21214 -57601
2298 -21225 -57601
2299 -21220 -57601
2300 -21225 -57601
2301 -21220 -57601
2302 -21232 -57601
2303 -21218 -57601
2304 -21214 -57601
2305 -21215 -57601
2306 -21225 -57601
2307 -21222 -57601
2308 -21222 -57601
2309 -21219 -57601
2310 -21224 -57601
2311 -21214 -57601
2312 -21218 -57601
2313 -21221 -57601
2314 -21221 -57601
2315 -21220 -57601
2316 -21220 -57601
2317 -21224 -57601
2318 -21225 -57601
2319 -21221 -57601
2320 -21219 -57601
2321 -21216 -57601
2322 -21219 -57601
2323 -21219 -57601
2324 -21218 -57601
2325 -21219 -57601
2326 -21221 -57601
2327 -21220 -57601
2328 -21221 -57601
2329 -21218 -57601
2330 -21217 -57601
2331 -21217 -57601
2332 -21217 -57601
2333 -21222 -57601
2334 -21226 -57601
2335 -21223 -57601
2336 -21217 -57601
2337 -21221 -57601
2338 -21216 -57601
2339 -21227 -57601
2340 -21220 -57601
2341 -21224 -57601
2342 -21223 -57601
2343 -21218 -57601
2344 -21221 -57601
2345 -21216 -57601
2346 -21218 -57601
2347 -21224 -57601
2348 -21224 -57601
2349 -21214 -57601
2350 -21219 -57601
2351 -21219 -57601
2352 -21219 -57601
2353 -21219 -57601
2354 -21219 -57601
2355 -21222 -57601
2356 -21223 -57601
2357 -21217 -57601
2358 -21222 -57601
2359 -21221 -57601
2360 -21223 -57601
2361 -21217 -57601
2362 -21213 -57601
2363 -21214 -57601
2364 -21219 -57601
2365 -21219 -57601
2366 -21217 -57601
2367 -21220 -57601
2368 -21222 -57601
2369 -21224 -57601
2370 -21220 -57601
2371 -21220 -57601
2372 -21220 -57601
2373 -21232 -57601
2374 -21220 -57601
2375 -21215 -57601
2376 -21214 -57601
2377 -21217 -57601
2378 -21224 -57601
2379 -21222 -57601
2380 -21213 -57601
2381 -21216 -57601
2382 -21218 -57601
2383 -21221 -57601
2384 -21217 -57601
2385 -21222 -57601
2386 -21219 -57601
2387 -21215 -57601
2388 -21221 -57601
2389 -21217 -57601
2390 -21224 -57601
2391 -21219 -57601
2392 -21218 -57601
2393 -21215 -57601
2394 -21215 -57601
2395 -21220 -57601
2396 -21221 -57601
2397 -21219 -57601
2398 -21215 -57601
2399 -21218 -57601
2400 -21218 -57601
2401 -21219 -57601
2402 -21218 -57601
2403 -21219 -57601
2404 -21218 -57601
2405 -21215 -57601
2406 -21221 -57601
2407 -21218 -57601
2408 -21216 -57601
2409 -21217 -57601
2410 -21216 -57601
2411 -21221 -57601
2412 -21218 -57601
2413 -21219 -57601
2414 -21219 -57601
2415 -21216 -57601
2416 -21224 -57601
2417 -21222 -57601
2418 -21228 -57601
2419 -21224 -57601
2420 -21215 -57601
2421 -21221 -57601
2422 -21219 -57601
2423 -21225 -57601
2424 -21223 -57601
2425 -21214 -57601
2426 -21214 -57601
2427 -21228 -57601
2428 -21218 -57601
2429 -21220 -57601
2430 -21222 -57601
2431 -21221 -57601
2432 -21220 -57601
2433 -21221 -57601
2434 -21217 -57601
2435 -21217 -57601
2436 -21218 -57601
2437 -21218 -57601
2438 -21216 -57601
2439 -21216 -57601
2440 -21219 -57601
2441 -21219 -57601
2442 -21216 -57601
2443 -21219 -57601
2444 -21225 -57601
2445 -21222 -57601
2446 -21217 -57601
2447 -21220 -57601
2448 -21221 -57601
2449 -21218 -57601
2450 -21217 -57601
2451 -21216 -57601
2452 -21219 -57601
2453 -21221 -57601
2454 -21217 -57601
2455 -21224 -57601
2456 -21220 -57601
2457 -21222 -57601
2458 -21216 -57601
2459 -21222 -57601
2460 -21216 -57601
2461 -21221 -57601
2462 -21222 -57601
2463 -21217 -57601
2464 -21221 -57601
2465 -21217 -57601
2466 -21222 -57601
2467 -21221 -57601
2468 -21227 -57601
2469 -21222 -57601
2470 -21221 -57601
2471 -21217 -57601
2472 -21219 -57601
2473 -21215 -57601
2474 -21216 -57601
2475 -21217 -57601
2476 -21224 -57601
2477 -21222 -57601
2478 -21214 -57601
2479 -21218 -57601
2480 -21221 -57601
2481 -21219 -57601
2482 -21220 -57601
2483 -21224 -57601
2484 -21217 -57601
2485 -21219 -57601
2486 -21218 -57601
2487 -21217 -57601
2488 -21220 -57601
2489 -21216 -57601
2490 -21222 -57601
2491 -21221 -57601
2492 -21214 -57601
2493 -21218 -57601
2494 -21221 -57601
2495 -21223 -57601
2496 -21218 -57601
2497 -21218 -57601
2498 -21219 -57601
2499 -21217 -57601
2500 -21222 -57601
2501 -21224 -57601
2502 -21218 -57601
2503 -21219 -57601
2504 -21220 -57601
2505 -21222 -57601
2506 -21215 -57601
2507 -21222 -57601
2508 -21218 -57601
2509 -21223 -57601
2510 -21219 -57601
2511 -21219 -57601
2512 -21215 -57601
2513 -21224 -57601
2514 -21223 -57601
2515 -21226 -57601
2516 -21219 -57601
2517 -21221 -57601
2518 -21219 -57601
2519 -21221 -57601
2520 -21223 -57601
2521 -21223 -57601
2522 -21218 -57601
2523 -21218 -57601
2524 -21220 -57601
2525 -21223 -57601
2526 -21217 -57601
2527 -21215 -57601
2528 -21220 -57601
2529 -21280 -57601
2530 -21219 -57601
2531 -21221 -57601
2532 -21225 -57601
2533 -21224 -57601
2534 -21221 -57601
2535 -21213 -57601
2536 -21223 -57601
2537 -21218 -57601
2538 -21219 -57601
2539 -21216 -57601
2540 -21220 -57601
2541 -21221 -57601
2542 -21221 -57601
2543 -21218 -57601
2544 -21228 -57601
2545 -21214 -57601
2546 -21222 -57601
2547 -21231 -57601
2548 -21221 -57601
2549 -21221 -57601
2550 -21220 -57601
2551 -21220 -57601
2552 -21222 -57601
2553 -21218 -57601
2554 -21224 -57601
2555 -21226 -57601
2556 -21223 -57601
2557 -21218 -57601
2558 -21219 -57601
2559 -7118 -57601
2560 -21220 -57601
2561 -21219 -57601
2562 -21217 -57601
2563 -21216 -57601
2564 -21223 -57601
2565 -21219 -57601
2566 -21218 -57601
2567 -21219 -57601
2568 -21220 -57601
2569 -21215 -57601
2570 -21220 -57601
2571 -21219 -57601
2572 -21217 -57601
2573 -21219 -57601
2574 -21222 -57601
2575 -21215 -57601
2576 -21221 -57601
2577 -21217 -57601
2578 -21221 -57601
2579 -21222 -57601
2580 -21220 -57601
2581 -21214 -57601
2582 -21219 -57601
2583 -21223 -57601
2584 -21224 -57601
2585 -21220 -57601
2586 -21221 -57601
2587 -21215 -57601
2588 -21223 -57601
2589 -21213 -57601
2590 -21219 -57601
2591 -21219 -57601
2592 -21219 -57601
2593 -21228 -57601
2594 -21217 -57601
2595 -21225 -57601
2596 -21229 -57601
2597 -21220 -57601
2598 -21217 -57601
2599 -21219 -57601
2600 -21218 -57601
2601 -21223 -57601
2602 -21221 -57601
2603 -21219 -57601
2604 -21216 -57601
2605 -21227 -57601
2606 -21219 -57601
2607 -21229 -57601
2608 -21228 -57601
2609 -21222 -57601
2610 -21219 -57601
2611 -21217 -57601
2612 -21219 -57601
2613 -21223 -57601
2614 -21215 -57601
2615 -21212 -57601
2616 -21218 -57601
2617 -21221 -57601
2618 -21215 -57601
2619 -21227 -57601
2620 -21226 -57601
2621 -21215 -57601
2622 -21217 -57601
2623 -21217 -57601
2624 -21218 -57601
2625 -21229 -57601
2626 -21219 -57601
2627 -21218 -57601
2628 -21223 -57601
2629 -21218 -57601
2630 -21217 -57601
2631 -21217 -57601
2632 -21199 -57601
2633 -21221 -57601
2634 -21218 -57601
2635 -21239 -57601
2636 -21213 -57601
2637 -21220 -57601
2638 -21218 -57601
2639 -21219 -57601
2640 -21218 -57601
2641 -21221 -57601
2642 -21222 -57601
2643 -21217 -57601
2644 -21218 -57601
2645 -21221 -57601
2646 -21219 -57601
2647 -21215 -57601
2648 -21222 -57601
2649 -21220 -57601
2650 -21225 -57601
2651 -21214 -57601
2652 -21224 -57601
2653 -21221 -57601
2654 -21222 -57601
2655 -21220 -57601
2656 -21220 -57601
2657 -21218 -57601
2658 -21221 -57601
2659 -21218 -57601
2660 -21220 -57601
2661 -21215 -57601
2662 -21223 -57601
2663 -21223 -57601
2664 -21217 -57601
2665 -21217 -57601
2666 -21220 -57601
2667 -21214 -57601
2668 3252 -57601
2669 -21220 -57601
2670 -21225 -57601
2671 -21220 -57601
2672 -21222 -57601
2673 -21221 -57601
2674 -21220 -57601
2675 -21219 -57601
2676 -21219 -57601
2677 -21217 -57601
2678 -21219 -57601
2679 -21224 -57601
2680 -21218 -57601
2681 -21218 -57601
2682 -21221 -57601
2683 -21219 -57601
2684 -21217 -57601
2685 -21219 -57601
2686 -21226 -57601
2687 -21217 -57601
2688 -21211 -57601
2689 -21219 -57601
2690 -21219 -57601
2691 -21219 -57601
2692 -21217 -57601
2693 -21225 -57601
2694 -21218 -57601
2695 -21224 -57601
2696 -21220 -57601
2697 -21219 -57601
2698 -21223 -57601
2699 -21230 -57601
2700 -21214 -57601
2701 -21218 -57601
2702 -21218 -57601
2703 -21220 -57601
2704 -21220 -57601
2705 -21221 -57601
2706 -21218 -57601
2707 -21217 -57601
2708 -21216 -57601
2709 -21221 -57601
2710 -21223 -57601
2711 -21219 -57601
2712 -21224 -57601
2713 -21224 -57601
2714 -21221 -57601
2715 -21223 -57601
2716 -21214 -57601
2717 -21219 -57601
2718 -21219 -57601
2719 -21221 -57601
2720 -21222 -57601
2721 -21222 -57601
2722 -21218 -57601
2723 -21217 -57601
2724 -21218 -57601
2725 -21217 -57601
2726 -21222 -57601
2727 -21222 -57601
2728 -21217 -57601
2729 -21216 -57601
2730 -21220 -57601
2731 -21219 -57601
2732 -21215 -57601
2733 -21224 -57601
2734 -21217 -57601
2735 -21204 -57601
2736 -21224 -57601
2737 -21219 -57601
2738 -21221 -57601
2739 -21219 -57601
2740 -21220 -57601
2741 -21219 -57601
2742 -21217 -57601
2743 -21220 -57601
2744 -21220 -57601
2745 -21218 -57601
2746 -21223 -57601
2747 -21221 -57601
2748 -21220 -57601
2749 -21215 -57601
2750 -21218 -57601
2751 -21219 -57601
2752 -21224 -57601
2753 -21218 -57601
2754 -21220 -57601
2755 -21219 -57601
2756 -21216 -57601
2757 -21215 -57601
2758 -21214 -57601
2759 -21216 -57601
2760 -21227 -57601
2761 -21219 -57601
2762 -21216 -57601
2763 -21217 -57601
2764 -21216 -57601
2765 -21217 -57601
2766 -21217 -57601
2767 -21222 -57601
2768 -21215 -57601
2769 -21218 -57601
2770 -21219 -57601
2771 -21223 -57601
2772 -21215 -57601
2773 -21218 -57601
2774 -21225 -57601
2775 -21223 -57601
2776 -21220 -57601
2777 -21222 -57601
2778 -21220 -57601
2779 -21215 -57601
2780 -21216 -57601
2781 -21217 -57601
2782 -21221 -57601
2783 -21219 -57601
2784 -21217 -57601
2785 -21216 -57601
2786 -21222 -57601
2787 -21221 -57601
2788 -21222 -57601
2789 -21216 -57601
2790 -21214 -57601
2791 -21217 -57601
2792 -21217 -57601
2793 -21182 -57601
2794 -21222 -57601
2795 -21218 -57601
2796 -21223 -57601
2797 -21219 -57601
2798 -21219 -57601
2799 -21219 -57601
2800 -21219 -57601
2801 -21217 -57601
2802 -21221 -57601
2803 -21219 -57601
2804 -21223 -57601
2805 -21220 -57601
2806 -21226 -57601
2807 -21218 -57601
2808 -21217 -57601
2809 -21219 -57601
2810 -21218 -57601
2811 -21222 -57601
2812 -21223 -57601
2813 -21222 -57601
2814 -21221 -57601
2815 -21223 -57601
2816 -21217 -57601
2817 -21220 -57601
2818 -21221 -57601
2819 -21220 -57601
2820 -21216 -57601
2821 -21225 -57601
2822 -21220 -57601
2823 -21220 -57601
2824 -21216 -57601
2825 -21223 -57601
2826 -21217 -57601
2827 -21222 -57601
2828 -21216 -57601
2829 -21224 -57601
2830 -21216 -57601
2831 -21224 -57601
2832 -21220 -57601
2833 -21219 -57601
2834 -21222 -57601
2835 -21221 -57601
2836 -21217 -57601
2837 -21217 -57601
2838 -21218 -57601
2839 -21215 -57601
2840 -21224 -57601
2841 -21230 -57601
2842 -21220 -57601
2843 -21217 -57601
2844 -21221 -57601
2845 -21217 -57601
2846 -21216 -57601
2847 -21217 -57601
2848 -21223 -57601
2849 -21223 -57601
2850 -21219 -57601
2851 -21222 -57601
2852 -21222 -57601
2853 -21224 -57601
2854 -21235 -57601
2855 -21214 -57601
2856 -21219 -57601
2857 -21219 -57601
2858 -21224 -57601
2859 -21218 -57601
2860 -21224 -57601
2861 -21219 -57601
2862 -21220 -57601
2863 -21217 -57601
2864 -21222 -57601
2865 -21219 -57601
2866 -21216 -57601
2867 -21216 -57601
2868 -21220 -57601
2869 -21223 -57601
2870 -21217 -57601
2871 -21214 -57601
2872 -21219 -57601
2873 -21220 -57601
2874 -21224 -57601
2875 -21221 -57601
2876 -21218 -57601
2877 -21216 -57601
2878 -21224 -57601
2879 -21217 -57601
2880 -21215 -57601
2881 -21219 -57601
2882 -21205 -57601
2883 -21218 -57601
2884 -21214 -57601
2885 -21218 -57601
2886 -21219 -57601
2887 -21218 -57601
2888 -21218 -57601
2889 -21219 -57601
2890 -21221 -57601
2891 -21219 -57601
2892 -21219 -57601
2893 -21235 -57601
2894 -21219 -57601
2895 -21218 -57601
2896 -21221 -57601
2897 -21222 -57601
2898 -21229 -57601
2899 -21212 -57601
2900 -21217 -57601
2901 -21221 -57601
2902 -21226 -57601
2903 -21222 -57601
2904 -21220 -57601
2905 -21219 -57601
2906 -21218 -57601
2907 -21221 -57601
2908 -21220 -57601
2909 -21221 -57601
2910 -21216 -57601
2911 -21218 -57601
2912 -21223 -57601
2913 -21217 -57601
2914 -21219 -57601
2915 -21217 -57601
2916 -21221 -57601
2917 -21219 -57601
2918 -21223 -57601
2919 -21222 -57601
2920 -21221 -57601
2921 -21221 -57601
2922 -21221 -57601
2923 -21215 -57601
2924 -21216 -57601
2925 -21218 -57601
2926 -21213 -57601
2927 -21220 -57601
2928 -21221 -57601
2929 -21222 -57601
2930 -21219 -57601
2931 -21218 -57601
2932 -21222 -57601
2933 -21227 -57601
2934 -21225 -57601
2935 -21215 -57601
2936 -21221 -57601
2937 -21220 -57601
2938 -21218 -57601
2939 -21235 -57601
2940 -21217 -57601
2941 -21221 -57601
2942 -21218 -57601
2943 -21217 -57601
2944 -21220 -57601
2945 -21227 -57601
2946 -21227 -57601
2947 -21219 -57601
2948 -21220 -57601
2949 -21218 -57601
2950 -21219 -57601
2951 -21223 -57601
2952 -21218 -57601
2953 -21220 -57601
2954 -21219 -57601
2955 -21225 -57601
2956 -21217 -57601
2957 -21215 -57601
2958 -21219 -57601
2959 -21221 -57601
2960 -21219 -57601
2961 -21217 -57601
2962 -21222 -57601
2963 -21213 -57601
2964 -21216 -57601
2965 -21220 -57601
2966 -21219 -57601
2967 -21221 -57601
2968 -21224 -57601
2969 -21215 -57601
2970 -21215 -57601
2971 -21217 -57601
2972 -21219 -57601
2973 -21218 -57601
2974 -21218 -57601
2975 -21221 -57601
2976 -21217 -57601
2977 -21218 -57601
2978 -21222 -57601
2979 -21219 -57601
2980 -21219 -57601
2981 -21216 -57601
2982 -21216 -57601
2983 -21219 -57601
2984 -21219 -57601
2985 -21219 -57601
2986 -21279 -57601
2987 -21222 -57601
2988 -21221 -57601
2989 -21222 -57601
2990 -21219 -57601
2991 -21220 -57601
2992 -21219 -57601
2993 -21217 -57601
2994 -21215 -57601
2995 -21218 -57601
2996 -21217 -57601
2997 -21223 -57601
2998 -21220 -57601
2999 -21216 -57601
3000 -21223 -57601
3001 -21218 -57601
3002 -21225 -57601
3003 -21217 -57601
3004 -21224 -57601
3005 -21221 -57601
3006 -21223 -57601
3007 -21217 -57601
3008 -21220 -57601
3009 -21218 -57601
3010 -21219 -57601
3011 -21219 -57601
3012 -21218 -57601
3013 -21220 -57601
3014 -21217 -57601
3015 -21225 -57601
3016 -21220 -57601
3017 -21220 -57601
3018 -21219 -57601
3019 -21222 -57601
3020 -21223 -57601
3021 -21221 -57601
3022 -21218 -57601
3023 -21223 -57601
3024 -21224 -57601
3025 -21219 -57601
3026 -21224 -57601
3027 -21216 -57601
3028 -21218 -57601
3029 -21226 -57601
3030 -21217 -57601
3031 -21222 -57601
3032 -21220 -57601
3033 -21218 -57601
3034 -21212 -57601
3035 -21222 -57601
3036 -21220 -57601
3037 -21215 -57601
3038 -21217 -57601
3039 -21223 -57601
3040 -21223 -57601
3041 -21219 -57601
3042 -21221 -57601
3043 -21216 -57601
3044 -21216 -57601
3045 -21822 -57601
3046 -21220 -57601
3047 -21217 -57601
3048 -21220 -57601
3049 -21218 -57601
3050 -21218 -57601
3051 -21217 -57601
3052 -21221 -57601
3053 -21217 -57601
3054 -21221 -57601
3055 -21219 -57601
3056 -21222 -57601
3057 -21222 -57601
3058 -21219 -57601
3059 -21219 -57601
3060 -21222 -57601
3061 -21219 -57601
3062 -21217 -57601
3063 -21217 -57601
3064 -21220 -57601
3065 -21222 -57601
3066 -21216 -57601
3067 -21221 -57601
3068 -21219 -57601
3069 -21221 -57601
3070 -21217 -57601
3071 -21216 -57601
3072 -21219 -57601
3073 -21220 -57601
3074 -21218 -57601
3075 -21219 -57601
3076 -21220 -57601
3077 -21218 -57601
3078 -21216 -57601
3079 -21220 -57601
3080 -21219 -57601
3081 -21225 -57601
3082 -21223 -57601
3083 -21219 -57601
3084 -21225 -57601
3085 -21226 -57601
3086 -21221 -57601
3087 -21220 -57601
3088 -21219 -57601
3089 -21213 -57601
3090 -21220 -57601
3091 -21216 -57601
3092 -21217 -57601
3093 -21228 -57601
3094 -21216 -57601
3095 -21221 -57601
3096 -21221 -57601
3097 -21220 -57601
3098 -21220 -57601
3099 -21222 -57601
3100 -21217 -57601
3101 -21222 -57601
3102 -21218 -57601
3103 -21224 -57601
3104 -21220 -57601
3105 -21218 -57601
3106 -21219 -57601
3107 -21223 -57601
3108 -21221 -57601
3109 -21221 -57601
3110 -21218 -57601
3111 -21217 -57601
3112 -21217 -57601
3113 -21188 -57601
3114 -21223 -57601
3115 -21220 -57601
3116 -21218 -57601
3117 -21215 -57601
3118 -21225 -57601
3119 -21222 -57601
3120 -21218 -57601
3121 -21219 -57601
3122 -21220 -57601
3123 -21218 -57601
3124 -21221 -57601
3125 -21221 -57601
3126 -21228 -57601
3127 -21216 -57601
3128 -21219 -57601
3129 -21217 -57601
3130 -21221 -57601
3131 -21216 -57601
3132 -21218 -57601
3133 -21220 -57601
3134 -21216 -57601
3135 -21218 -57601
3136 -21218 -57601
3137 -21217 -57601
3138 -21221 -57601
3139 -21227 -57601
3140 -21218 -57601
3141 -21222 -57601
3142 -21214 -57601
3143 -21218 -57601
3144 -21218 -57601
3145 -21221 -57601
3146 -21224 -57601
3147 -21216 -57601
3148 -21216 -57601
3149 -21223 -57601
3150 -21220 -57601
3151 -21221 -57601
3152 -21222 -57601
3153 -21215 -57601
3154 -21220 -57601
3155 -21218 -57601
3156 -21223 -57601
3157 -21218 -57601
3158 -21221 -57601
3159 -21220 -57601
3160 -21222 -57601
3161 3329 -57601
3162 -21224 -57601
3163 -21223 -57601
3164 -21219 -57601
3165 -21218 -57601
3166 -21222 -57601
3167 -21199 -57601
3168 -21222 -57601
3169 -21222 -57601
3170 -21219 -57601
3171 -21222 -57601
3172 -21223 -57601
3173 -21222 -57601
3174 -21217 -57601
3175 -21220 -57601
3176 -21223 -57601
3177 -21217 -57601
3178 -21216 -57601
3179 -21215 -57601
3180 -21221 -57601
3181 -21217 -57601
3182 -21229 -57601
3183 -21217 -57601
3184 -21216 -57601
3185 -21219 -57601
3186 -21227 -57601
3187 -21217 -57601
3188 -21219 -57601
3189 -21222 -57601
3190 -21222 -57601
3191 -21219 -57601
3192 -21224 -57601
3193 -21215 -57601
3194 -21223 -57601
3195 -21223 -57601
3196 -21216 -57601
3197 -21225 -57601
3198 -21221 -57601
3199 -21219 -57601
3200 -21219 -57601
3201 -21157 -57601
3202 -21220 -57601
3203 -21214 -57601
3204 -21221 -57601
3205 -21219 -57601
3206 -21219 -57601
3207 -21223 -57601
3208 -21225 -57601
3209 -21221 -57601
3210 -21215 -57601
3211 -21217 -57601
3212 -21217 -57601
3213 -21219 -57601
3214 -21222 -57601
3215 -21221 -57601
3216 -21216 -57601
3217 -21214 -57601
3218 -21216 -57601
3219 -21217 -57601
3220 -21219 -57601
3221 -21222 -57601
3222 -21220 -57601
3223 -21223 -57601
3224 -21215 -57601
3225 -21222 -57601
3226 -21217 -57601
3227 -21222 -57601
3228 -21233 -57601
3229 -21214 -57601
3230 -21220 -57601
3231 -21218 -57601
3232 -21220 -57601
3233 -21214 -57601
3234 -21221 -57601
3235 -21218 -57601
3236 -21220 -57601
3237 -21220 -57601
3238 -21219 -57601
3239 -21218 -57601
3240 -21215 -57601
3241 -21223 -57601
3242 -21222 -57601
3243 -21227 -57601
3244 -21221 -57601
3245 -21221 -57601
3246 -21220 -57601
3247 -21217 -57601
3248 -21222 -57601
3249 -21220 -57601
3250 -21220 -57601
3251 -21213 -57601
3252 -21221 -57601
3253 -21222 -57601
3254 -21223 -57601
3255 -21221 -57601
3256 -21217 -57601
3257 -21217 -57601
3258 -21222 -57601
3259 -21225 -57601
3260 -21219 -57601
3261 -21225 -57601
3262 -21220 -57601
3263 -21225 -57601
3264 -21219 -57601
3265 -21218 -57601
3266 -21218 -57601
3267 -21216 -57601
3268 -21224 -57601
3269 -21216 -57601
3270 -21216 -57601
3271 -21225 -57601
3272 -21221 -57601
3273 -21218 -57601
3274 -21221 -57601
3275 -21225 -57601
3276 -21221 -57601
3277 -21217 -57601
3278 -21215 -57601
3279 -21215 -57601
3280 -21220 -57601
3281 -21218 -57601
3282 -21220 -57601
3283 -21216 -57601
3284 -21225 -57601
3285 -21221 -57601
3286 -21218 -57601
3287 -21219 -57601
3288 -21220 -57601
3289 -21214 -57601
3290 -21217 -57601
3291 -21220 -57601
3292 -21219 -57601
3293 -21224 -57601
3294 -21218 -57601
3295 -21221 -57601
3296 -21212 -57601
3297 -21218 -57601
3298 -21219 -57601
3299 -21228 -57601
3300 -21222 -57601
3301 -21219 -57601
3302 -21216 -57601
3303 -21218 -57601
3304 -21217 -57601
3305 -21219 -57601
3306 -21218 -57601
3307 -21219 -57601
3308 -21220 -57601
3309 -21216 -57601
3310 -21217 -57601
3311 -21220 -57601
3312 -21213 -57601
3313 -21218 -57601
3314 -21226 -57601
3315 -21219 -57601
3316 -21218 -57601
3317 -21220 -57601
3318 -21216 -57601
3319 -21218 -57601
3320 -21229 -57601
3321 -21216 -57601
3322 -21220 -57601
3323 -21220 -57601
3324 -21217 -57601
3325 -21218 -57601
3326 -21219 -57601
3327 -21219 -57601
3328 -21218 -57601
3329 -21217 -57601
3330 -21220 -57601
3331 -21218 -57601
3332 -21220 -57601
3333 -21219 -57601
3334 -21224 -57601
3335 -21230 -57601
3336 -21220 -57601
3337 -21221 -57601
3338 -21220 -57601
3339 -21220 -57601
3340 -21221 -57601
3341 -21218 -57601
3342 -21221 -57601
3343 -21218 -57601
3344 -21218 -57601
3345 -21223 -57601
3346 -21221 -57601
3347 -21224 -57601
3348 -21217 -57601
3349 -21212 -57601
3350 -21212 -57601
3351 -21220 -57601
3352 -21218 -57601
3353 -21219 -57601
3354 -21228 -57601
3355 3324 -57601
3356 -21220 -57601
3357 -21218 -57601
3358 -21217 -57601
3359 -21218 -57601
3360 -21221 -57601
3361 -21219 -57601
3362 -21219 -57601
3363 -21222 -57601
3364 -21219 -57601
3365 -21229 -57601
3366 -21219 -57601
3367 -21222 -57601
3368 -21218 -57601
3369 -21218 -57601
3370 -21219 -57601
3371 -21216 -57601
3372 -21218 -57601
3373 -21223 -57601
3374 -21221 -57601
3375 -21221 -57601
3376 -21215 -57601
3377 -21220 -57601
3378 -21213 -57601
3379 -21223 -57601
3380 -21220 -57601
3381 -21213 -57601
3382 -21223 -57601
3383 -21217 -57601
3384 -21215 -57601
3385 -21216 -57601
3386 -21218 -57601
3387 -21219 -57601
3388 -21219 -57601
3389 -21219 -57601
3390 -21218 -57601
3391 -21221 -57601
3392 -21219 -57601
3393 -21221 -57601
3394 -21214 -57601
3395 -21222 -57601
3396 -21215 -57601
3397 -21220 -57601
3398 -21228 -57601
3399 -21220 -57601
3400 -21220 -57601
3401 -21224 -57601
3402 -21219 -57601
3403 -21219 -57601
3404 -21212 -57601
3405 -21218 -57601
3406 -21216 -57601
3407 -21214 -57601
3408 -21219 -57601
3409 -21220 -57601
3410 -21226 -57601
3411 -21222 -57601
3412 -21224 -57601
3413 -21217 -57601
3414 -21218 -57601
3415 -21220 -57601
3416 -21223 -57601
3417 -21219 -57601
3418 -21216 -57601
3419 -21220 -57601
3420 -21219 -57601
3421 -21220 -57601
3422 -21220 -57601
3423 -21218 -57601
3424 -21214 -57601
3425 -21215 -57601
3426 -21216 -57601
3427 -21220 -57601
3428 -21216 -57601
3429 -21217 -57601
3430 -21219 -57601
3431 -21223 -57601
3432 -21217 -57601
3433 -21219 -57601
3434 -21218 -57601
3435 -21219 -57601
3436 -21225 -57601
3437 -21218 -57601
3438 -21222 -57601
3439 -21219 -57601
3440 -21221 -57601
3441 -21223 -57601
3442 -21217 -57601
3443 -21223 -57601
3444 -21217 -57601
3445 -21219 -57601
3446 -21218 -57601
3447 -21219 -57601
3448 -21222 -57601
3449 -21220 -57601
3450 -21222 -57601
3451 -21221 -57601
3452 -21217 -57601
3453 -21226 -57601
3454 -21219 -57601
3455 -21217 -57601
3456 -21217 -57601
3457 -21217 -57601
3458 -21219 -57601
3459 -21219 -57601
3460 -21216 -57601
3461 -21216 -57601
3462 -21218 -57601
3463 -21223 -57601
3464 -21223 -57601
3465 -21214 -57601
3466 -21221 -57601
3467 -21218 -57601
3468 -21221 -57601
3469 -21220 -57601
3470 -21218 -57601
3471 -21218 -57601
3472 -21215 -57601
3473 -21219 -57601
3474 -21218 -57601
3475 -21223 -57601
3476 -21223 -57601
3477 -21221 -57601
3478 -21231 -57601
3479 -21217 -57601
3480 -21222 -57601
3481 -21224 -57601
3482 -21213 -57601
3483 3304 -57601
3484 -21215 -57601
3485 -21238 -57601
3486 -21222 -57601
3487 -21215 -57601
3488 -21222 -57601
3489 -21217 -57601
3490 -21217 -57601
3491 -21219 -57601
3492 -21218 -57601
3493 -21218 -57601
3494 -21221 -57601
3495 -21217 -57601
3496 -21220 -57601
3497 -21218 -57601
3498 -21224 -57601
3499 -21219 -57601
3500 -21218 -57601
3501 -21214 -57601
3502 -21221 -57601
3503 -21222 -57601
3504 -21222 -57601
3505 -21215 -57601
3506 -21220 -57601
3507 -21220 -57601
3508 -21219 -57601
3509 -14208 -57601
3510 -21216 -57601
3511 -21219 -57601
3512 -21222 -57601
3513 -21219 -57601
3514 -21216 -57601
3515 -21225 -57601
3516 -21217 -57601
3517 -21221 -57601
3518 -21219 -57601
3519 -21220 -57601
3520 -21221 -57601
3521 -21218 -57601
3522 -21222 -57601
3523 -21220 -57601
3524 -21219 -57601
3525 -21216 -57601
3526 -21220 -57601
3527 -21219 -57601
3528 -21219 -57601
3529 -21222 -57601
3530 -7209 -57601
3531 -21217 -57601
3532 -21219 -57601
3533 -21215 -57601
3534 -21218 -57601
3535 -21219 -57601
3536 -21218 -57601
3537 -21219 -57601
3538 -21216 -57601
3539 -21220 -57601
3540 -21218 -57601
3541 -21219 -57601
3542 -21219 -57601
3543 -21220 -57601
3544 -21216 -57601
3545 -21223 -57601
3546 -21218 -57601
3547 -21221 -57601
3548 -3654 -57601
3549 -21222 -57601
3550 -21218 -57601
3551 -21219 -57601
3552 -21219 -57601
3553 -21221 -57601
3554 -21222 -57601
3555 -21216 -57601
3556 -21216 -57601
3557 -21216 -57601
3558 -21218 -57601
3559 -21221 -57601
3560 -21218 -57601
3561 -21225 -57601
3562 -21218 -57601
3563 -21227 -57601
3564 -21230 -57601
3565 -21219 -57601
3566 -21216 -57601
3567 -21217 -57601
3568 -21217 -57601
3569 -21221 -57601
3570 -21218 -57601
3571 -21218 -57601
3572 -21220 -57601
3573 -21220 -57601
3574 -21217 -57601
3575 -21221 -57601
3576 -21221 -57601
3577 -21218 -57601
3578 -21222 -57601
3579 -21231 -57601
3580 -21213 -57601
3581 -21221 -57601
3582 -21223 -57601
3583 -21216 -57601
3584 -21221 -57601
3585 -21220 -57601
3586 -21217 -57601
3587 -21218 -57601
3588 -21220 -57601
3589 -21220 -57601
3590 -21215 -57601
3591 -21226 -57601
3592 -10739 -57601
3593 -21221 -57601
3594 -21220 -57601
3595 -21220 -57601
3596 -21222 -57601
3597 -21222 -57601
3598 -21220 -57601
3599 -21227 -57601
3600 -21215 -57601
3601 -21219 -57601
3602 -21223 -57601
3603 -21213 -57601
3604 -21214 -57601
3605 -21217 -57601
3606 -21217 -57601
3607 -21218 -57601
3608 -21221 -57601
3609 -21216 -57601
3610 -21215 -57601
3611 -21217 -57601
3612 -21219 -57601
3613 -21220 -57601
3614 -21217 -57601
3615 -21221 -57601
3616 -21222 -57601
3617 -21229 -57601
3618 -21218 -57601
3619 -21222 -57601
3620 -21217 -57601
3621 -21218 -57601
3622 -21215 -57601
3623 -21214 -57601
3624 -21222 -57601
3625 -21216 -57601
3626 -21224 -57601
3627 -21222 -57601
3628 -21223 -57601
3629 -21218 -57601
3630 -21218 -57601
3631 -21220 -57601
3632 -21222 -57601
3633 -21216 -57601
3634 -21216 -57601
3635 -21222 -57601
3636 -21222 -57601
3637 -21219 -57601
3638 -21219 -57601
3639 -21216 -57601
3640 -21217 -57601
3641 -21222 -57601
3642 -21219 -57601
3643 -21217 -57601
3644 -21222 -57601
3645 -21221 -57601
3646 -21221 -57601
3647 -21221 -57601
3648 -21218 -57601
3649 -21221 -57601
3650 -21222 -57601
3651 -21222 -57601
3652 -21220 -57601
3653 -21222 -57601
3654 -21217 -57601
3655 -21219 -57601
3656 -21218 -57601
3657 -21223 -57601
3658 -21219 -57601
3659 -21223 -57601
3660 -21224 -57601
3661 -21222 -57601
3662 -21219 -57601
3663 -21225 -57601
3664 -21218 -57601
3665 -21222 -57601
3666 -21217 -57601
3667 -21217 -57601
3668 -21225 -57601
3669 -21224 -57601
3670 -21220 -57601
3671 -21220 -57601
3672 -21225 -57601
3673 -21219 -57601
3674 -21222 -57601
3675 -21215 -57601
3676 -21215 -57601
3677 -21219 -57601
3678 -21218 -57601
3679 -21220 -57601
3680 -21216 -57601
3681 -21218 -57601
3682 -21222 -57601
3683 -21225 -57601
3684 -21225 -57601
3685 -21224 -57601
3686 -21222 -57601
3687 -21221 -57601
3688 -21218 -57601
3689 -21215 -57601
3690 -21218 -57601
3691 -21216 -57601
3692 -21217 -57601
3693 -21218 -57601
3694 -21212 -57601
3695 -21221 -57601
3696 -21219 -57601
3697 -21216 -57601
3698 -21218 -57601
3699 -21222 -57601
3700 -21219 -57601
3701 -21225 -57601
3702 -21221 -57601
3703 -21215 -57601
3704 -21224 -57601
3705 -21213 -57601
3706 -21221 -57601
3707 -21221 -57601
3708 -21217 -57601
3709 -21222 -57601
3710 -21221 -57601
3711 -21220 -57601
3712 -21220 -57601
3713 -21218 -57601
3714 -21221 -57601
3715 -21222 -57601
3716 -21222 -57601
3717 -21217 -57601
3718 -21219 -57601
3719 -21223 -57601
3720 -21224 -57601
3721 -21223 -57601
3722 -21223 -57601
3723 -21221 -57601
3724 -21232 -57601
3725 -21222 -57601
3726 -21218 -57601
3727 -21221 -57601
3728 -21219 -57601
3729 -21219 -57601
3730 -21222 -57601
3731 -21215 -57601
3732 -21215 -57601
3733 -21221 -57601
3734 -21215 -57601
3735 -21227 -57601
3736 -21218 -57601
3737 -21217 -57601
3738 -21217 -57601
3739 -21218 -57601
3740 -21217 -57601
3741 -21219 -57601
3742 -21218 -57601
3743 -21215 -57601
3744 -21220 -57601
3745 -21214 -57601
3746 -21219 -57601
3747 -21220 -57601
3748 -21218 -57601
3749 -21222 -57601
3750 -21222 -57601
3751 -21225 -57601
3752 -21219 -57601
3753 -21222 -57601
3754 -21219 -57601
3755 -21222 -57601
3756 -21221 -57601
3757 -21218 -57601
3758 -21220 -57601
3759 -21217 -57601
3760 -21222 -57601
3761 -21220 -57601
3762 -21221 -57601
3763 -21217 -57601
3764 -21222 -57601
3765 -21218 -57601
3766 -21228 -57601
3767 -21220 -57601
3768 -21217 -57601
3769 -21221 -57601
3770 -21224 -57601
3771 -21219 -57601
3772 -21222 -57601
3773 -21261 -57601
3774 -21216 -57601
3775 -21216 -57601
3776 -21225 -57601
3777 -21219 -57601
3778 -21220 -57601
3779 -21216 -57601
3780 -21222 -57601
3781 6899 -57601
3782 -21219 -57601
3783 -21214 -57601
3784 -21220 -57601
3785 -21221 -57601
3786 -21216 -57601
3787 -21221 -57601
3788 -21217 -57601
3789 -21221 -57601
3790 -21226 -57601
3791 -21216 -57601
3792 -21221 -57601
3793 -21221 -57601
3794 -21219 -57601
3795 -21216 -57601
3796 -21223 -57601
3797 -21220 -57601
3798 -21224 -57601
3799 -21221 -57601
3800 -21215 -57601
3801 -21217 -57601
3802 -21223 -57601
3803 -21219 -57601
3804 -21220 -57601
3805 -21221 -57601
3806 -21223 -57601
3807 -21223 -57601
3808 -21218 -57601
3809 -21216 -57601
3810 -21220 -57601
3811 -21220 -57601
3812 -21223 -57601
3813 -21224 -57601
3814 -21221 -57601
3815 3385 -57601
3816 -21218 -57601
3817 -21225 -57601
3818 -21222 -57601
3819 -21222 -57601
3820 -21220 -57601
3821 -21217 -57601
3822 -21215 -57601
3823 -21222 -57601
3824 -21218 -57601
3825 -21221 -57601
3826 -21222 -57601
3827 -21233 -57601
3828 -21223 -57601
3829 -21223 -57601
3830 -21231 -57601
3831 -21222 -57601
3832 -21220 -57601
3833 -21234 -57601
3834 -21222 -57601
3835 -21219 -57601
3836 -21216 -57601
3837 -21217 -57601
3838 -21220 -57601
3839 -21219 -57601
3840 -21218 -57601
3841 -21214 -57601
3842 -21224 -57601
3843 -21219 -57601
3844 -21218 -57601
3845 -21227 -57601
3846 -21218 -57601
3847 -21216 -57601
3848 -21216 -57601
3849 -21234 -57601
3850 -21216 -57601
3851 -21221 -57601
3852 -21223 -57601
3853 -21216 -57601
3854 -21217 -57601
3855 -21219 -57601
3856 -21222 -57601
3857 -21219 -57601
3858 -21224 -57601
3859 -21221 -57601
3860 -21223 -57601
3861 -21221 -57601
3862 -21222 -57601
3863 -21219 -57601
3864 -21223 -57601
3865 -21222 -57601
3866 -21223 -57601
3867 -21217 -57601
3868 -21225 -57601
3869 -21220 -57601
3870 -21219 -57601
3871 -21223 -57601
3872 -21223 -57601
3873 -21220 -57601
3874 -21214 -57601
3875 -21221 -57601
3876 -21217 -57601
3877 -21221 -57601
3878 -21218 -57601
3879 -21216 -57601
3880 -21223 -57601
3881 -21222 -57601
3882 -21221 -57601
3883 -21222 -57601
3884 -21224 -57601
3885 -21212 -57601
3886 -21222 -57601
3887 -21215 -57601
3888 -21218 -57601
3889 -21218 -57601
3890 -21218 -57601
3891 -21219 -57601
3892 -21216 -57601
3893 -21219 -57601
3894 -21226 -57601
3895 -21221 -57601
3896 -21217 -57601
3897 -21223 -57601
3898 -21219 -57601
3899 -21217 -57601
3900 -21220 -57601
3901 -21223 -57601
3902 -21219 -57601
3903 -21215 -57601
3904 -21219 -57601
3905 -21223 -57601
3906 -21218 -57601
3907 -21221 -57601
3908 -21218 -57601
3909 -21218 -57601
3910 -21218 -57601
3911 -21220 -57601
3912 -21219 -57601
3913 -21192 -57601
3914 -21218 -57601
3915 -21216 -57601
3916 -21216 -57601
3917 -21218 -57601
3918 -21220 -57601
3919 -21223 -57601
3920 -21221 -57601
3921 -21219 -57601
3922 -21215 -57601
3923 -21220 -57601
3924 -21214 -57601
3925 -21223 -57601
3926 -21217 -57601
3927 -21220 -57601
3928 -21218 -57601
3929 -21221 -57601
3930 -21218 -57601
3931 -21221 -57601
3932 -21212 -57601
3933 -21220 -57601
3934 -21224 -57601
3935 -21224 -57601
3936 -21227 -57601
3937 -21220 -57601
3938 -21222 -57601
3939 -21218 -57601
3940 -21219 -57601
3941 -21224 -57601
3942 -21221 -57601
3943 -21222 -57601
3944 -21217 -57601
3945 -21223 -57601
3946 -21219 -57601
3947 -21219 -57601
3948 -21218 -57601
3949 -21215 -57601
3950 -21227 -57601
3951 -21218 -57601
3952 -21219 -57601
3953 -21221 -57601
3954 -21221 -57601
3955 -21218 -57601
3956 -21218 -57601
3957 -21221 -57601
3958 -21222 -57601
3959 -21220 -57601
3960 -21222 -57601
3961 -21220 -57601
3962 -21226 -57601
3963 -21221 -57601
3964 -21223 -57601
3965 -21220 -57601
3966 -21222 -57601
3967 -21218 -57601
3968 -21219 -57601
3969 -21222 -57601
3970 -21221 -57601
3971 -21227 -57601
3972 -21216 -57601
3973 -21217 -57601
3974 -21220 -57601
3975 -21223 -57601
3976 -21218 -57601
3977 -21219 -57601
3978 -21219 -57601
3979 -21219 -57601
3980 -21221 -57601
3981 -21221 -57601
3982 -21223 -57601
3983 -21217 -57601
3984 -21224 -57601
3985 -21221 -57601
3986 -21217 -57601
3987 -21216 -57601
3988 -21219 -57601
3989 -21217 -57601
3990 -21216 -57601
3991 -21217 -57601
3992 -21219 -57601
3993 -21217 -57601
3994 -21218 -57601
3995 -21219 -57601
3996 -21217 -57601
3997 -21221 -57601
3998 -21216 -57601
3999 -21220 -57601
4000 -21222 -57601
4001 -21222 -57601
4002 -21216 -57601
4003 -21218 -57601
4004 -21220 -57601
4005 -21221 -57601
4006 -21220 -57601
4007 -21221 -57601
4008 -21214 -57601
4009 -21222 -57601
4010 -21220 -57601
4011 -21220 -57601
4012 -21222 -57601
4013 -21214 -57601
4014 -21217 -57601
4015 -21221 -57601
4016 -21226 -57601
4017 -21221 -57601
4018 -21223 -57601
4019 -21217 -57601
4020 -21221 -57601
4021 -21214 -57601
4022 -21215 -57601
4023 -21216 -57601
4024 -21222 -57601
4025 -21216 -57601
4026 -21225 -57601
4027 -21223 -57601
4028 -21220 -57601
4029 -21218 -57601
4030 -21223 -57601
4031 -21218 -57601
4032 -21218 -57601
4033 -21218 -57601
4034 -21220 -57601
4035 -21218 -57601
4036 -21215 -57601
4037 -21220 -57601
4038 -21220 -57601
4039 -21219 -57601
4040 -21215 -57601
4041 -21221 -57601
4042 -21221 -57601
4043 -21218 -57601
4044 -21222 -57601
4045 -21217 -57601
4046 -21222 -57601
4047 -21217 -57601
4048 -21227 -57601
4049 -21220 -57601
