0 -21218 -57601
1 -21214 -57601
2 -21215 -57601
3 -21219 -57601
4 -21218 -57601
5 -21214 -57601
6 -21221 -57601
7 -21220 -57601
8 -21218 -57601
9 -21219 -57601
10 -21216 -57601
11 -21223 -57601
12 -21218 -57601
13 -21213 -57601
14 -21219 -57601
15 -21214 -57601
16 -21223 -57601
17 -21216 -57601
18 -21216 -57601
19 -21215 -57601
20 -21219 -57601
21 -21217 -57601
22 -21217 -57601
23 -21217 -57601
24 -21218 -57601
25 -21222 -57601
26 -21221 -57601
27 -21213 -57601
28 -21216 -57601
29 -21221 -57601
30 -21226 -57601
31 -21217 -57601
32 -21217 -57601
33 -21220 -57601
34 -21216 -57601
35 -21219 -57601
36 -21213 -57601
37 -21215 -57601
38 -21216 -57601
39 -21215 -57601
40 -21219 -57601
41 -21216 -57601
42 -21219 -57601
43 -21214 -57601
44 -21214 -57601
45 -21216 -57601
46 -21215 -57601
47 -21219 -57601
48 -21212 -57601
49 -21215 -57601
50 -21217 -57601
51 -21217 -57601
52 -21222 -57601
53 -21220 -57601
54 -21221 -57601
55 -21220 -57601
56 -21214 -57601
57 -21215 -57601
58 -21218 -57601
59 -21213 -57601
60 -21216 -57601
61 -21218 -57601
62 -21217 -57601
63 -21216 -57601
64 -21220 -57601
65 -21217 -57601
66 -21223 -57601
67 -21218 -57601
68 -21215 -57601
69 -21217 -57601
70 -21222 -57601
71 -21219 -57601
72 -21226 -57601
73 -21214 -57601
74 -21221 -57601
75 -21213 -57601
76 -21220 -57601
77 -21218 -57601
78 -21217 -57601
79 -21215 -57601
80 -21214 -57601
81 -21220 -57601
82 -21226 -57601
83 -21217 -57601
84 -21218 -57601
85 -21224 -57601
86 -21218 -57601
87 -21215 -57601
88 -21216 -57601
89 -21219 -57601
90 -21223 -57601
91 -21217 -57601
92 -21216 -57601
93 -21216 -57601
94 -21218 -57601
95 -21216 -57601
96 -21218 -57601
97 -21217 -57601
98 -21219 -57601
99 -21217 -57601
100 -21217 -57601
101 -21220 -57601
102 -21221 -57601
103 -21220 -57601
104 -21219 -57601
105 -21217 -57601
106 -21232 -57601
107 -21217 -57601
108 -21220 -57601
109 -21216 -57601
110 -21216 -57601
111 -21215 -57601
112 -21218 -57601
113 -21216 -57601
114 -21222 -57601
115 -21219 -57601
116 -21212 -57601
117 -21218 -57601
118 -21220 -57601
119 -21214 -57601
120 -21219 -57601
121 -21213 -57601
122 -21217 -57601
123 -21219 -57601
124 -21220 -57601
125 -21213 -57601
126 -21221 -57601
127 -21214 -57601
128 -21214 -57601
129 -21214 -57601
130 -21215 -57601
131 -21212 -57601
132 -21217 -57601
133 -21218 -57601
134 -21214 -57601
135 -21212 -57601
136 -21217 -57601
137 -21215 -57601
138 -21219 -57601
139 -21219 -57601
140 -21219 -57601
141 -21213 -57601
142 -21210 -57601
143 -21216 -57601
144 -21218 -57601
145 -21219 -57601
146 -21217 -57601
147 -21220 -57601
148 -21219 -57601
149 -21224 -57601
150 -21217 -57601
151 -21221 -57601
152 -21219 -57601
153 -21213 -57601
154 -21214 -57601
155 -21217 -57601
156 -21216 -57601
157 -21218 -57601
158 -21217 -57601
159 -21220 -57601
160 -21224 -57601
161 -21216 -57601
162 -21213 -57601
163 -21262 -57601
164 -21209 -57601
165 -21218 -57601
166 -21211 -57601
167 -21215 -57601
168 -21218 -57601
169 -21221 -57601
170 -21223 -57601
171 -21207 -57601
172 -21214 -57601
173 -21218 -57601
174 -21217 -57601
175 -21219 -57601
176 -21219 -57601
177 -21220 -57601
178 -21218 -57601
179 -21211 -57601
180 -21223 -57601
181 -21215 -57601
182 -21223 -57601
183 -21216 -57601
184 -21220 -57601
185 -21219 -57601
186 -21221 -57601
187 -21223 -57601
188 -21215 -57601
189 -21214 -57601
190 -21219 -57601
191 -21221 -57601
192 -21217 -57601
193 -21222 -57601
194 -21218 -57601
195 -21216 -57601
196 -21215 -57601
197 -21217 -57601
198 -21219 -57601
199 -21223 -57601
200 -21219 -57601
201 -21215 -57601
202 -21217 -57601
203 -21215 -57601
204 -21216 -57601
205 -21217 -57601
206 -21219 -57601
207 -21216 -57601
208 -21215 -57601
209 -21217 -57601
210 -21217 -57601
211 -21213 -57601
212 -21217 -57601
213 -21207 -57601
214 -21216 -57601
215 -21218 -57601
216 -21218 -57601
217 -21214 -57601
218 -21214 -57601
219 -21219 -57601
220 -21216 -57601
221 -21218 -57601
222 -21219 -57601
223 -21217 -57601
224 -21217 -57601
225 -21219 -57601
226 -21220 -57601
227 -21213 -57601
228 -21219 -57601
229 -21221 -57601
230 -21221 -57601
231 -21214 -57601
232 -21215 -57601
233 -21217 -57601
234 -21223 -57601
235 -21219 -57601
236 -21220 -57601
237 -21216 -57601
238 -21218 -57601
239 -21219 -57601
240 -21221 -57601
241 -21226 -57601
242 -21218 -57601
243 -21242 -57601
244 -21213 -57601
245 -21217 -57601
246 -21218 -57601
247 -21218 -57601
248 -21214 -57601
249 -21217 -57601
250 -21217 -57601
251 -21216 -57601
252 -21220 -57601
253 -21219 -57601
254 -21215 -57601
255 -21213 -57601
256 -21214 -57601
257 -21219 -57601
258 -21216 -57601
259 -21218 -57601
260 -21219 -57601
261 -21215 -57601
262 -21219 -57601
263 -21215 -57601
264 -21216 -57601
265 -21218 -57601
266 -21215 -57601
267 -21222 -57601
268 -21218 -57601
269 -21215 -57601
270 -21215 -57601
271 -21220 -57601
272 -21217 -57601
273 -21217 -57601
274 -21218 -57601
275 -21219 -57601
276 -21216 -57601
277 -21218 -57601
278 -21213 -57601
279 -21218 -57601
280 -21214 -57601
281 -21216 -57601
282 -21213 -57601
283 -21221 -57601
284 -21214 -57601
285 -21219 -57601
286 -21220 -57601
287 -21216 -57601
288 -21211 -57601
289 -21220 -57601
290 -21220 -57601
291 -21217 -57601
292 -21215 -57601
293 -21218 -57601
294 -21212 -57601
295 -21216 -57601
296 -21219 -57601
297 -21215 -57601
298 -21220 -57601
299 -21219 -57601
300 -21215 -57601
301 -21228 -57601
302 -21219 -57601
303 -21220 -57601
304 -21215 -57601
305 -21215 -57601
306 -21215 -57601
307 -21216 -57601
308 -21216 -57601
309 -21216 -57601
310 -21218 -57601
311 -21213 -57601
312 -21218 -57601
313 -21214 -57601
314 -21219 -57601
315 -21222 -57601
316 -21209 -57601
317 -21218 -57601
318 -21219 -57601
319 -21221 -57601
320 -21213 -57601
321 -21216 -57601
322 -21219 -57601
323 -21214 -57601
324 -21216 -57601
325 -21216 -57601
326 -21216 -57601
327 -21215 -57601
328 -21214 -57601
329 -21213 -57601
330 -21217 -57601
331 -21216 -57601
332 -21216 -57601
333 -21220 -57601
334 -21216 -57601
335 -21217 -57601
336 -21217 -57601
337 -21218 -57601
338 -21216 -57601
339 -21211 -57601
340 -21214 -57601
341 -21216 -57601
342 -21219 -57601
343 -21216 -57601
344 -21216 -57601
345 -21219 -57601
346 -21218 -57601
347 -21215 -57601
348 -21215 -57601
349 -21222 -57601
350 -21220 -57601
351 -21219 -57601
352 -21221 -57601
353 -21219 -57601
354 -21217 -57601
355 -21219 -57601
356 -21216 -57601
357 -21219 -57601
358 -21216 -57601
359 -21219 -57601
360 -21218 -57601
361 -21215 -57601
362 -21222 -57601
363 -21217 -57601
364 -21215 -57601
365 -21217 -57601
366 -21214 -57601
367 -21218 -57601
368 -21218 -57601
369 -21220 -57601
370 -21218 -57601
371 -21219 -57601
372 -21216 -57601
373 -21217 -57601
374 -21218 -57601
375 -21236 -57601
376 -21213 -57601
377 -21220 -57601
378 -21219 -57601
379 -21211 -57601
380 -21218 -57601
381 -21217 -57601
382 -21220 -57601
383 -21217 -57601
384 -21218 -57601
385 -21215 -57601
386 -21214 -57601
387 -21216 -57601
388 -21217 -57601
389 -21219 -57601
390 -21220 -57601
391 -21219 -57601
392 -21213 -57601
393 -21221 -57601
394 -21218 -57601
395 -21223 -57601
396 -21218 -57601
397 -21218 -57601
398 -21217 -57601
399 -21214 -57601
400 -21218 -57601
401 -21219 -57601
402 -21218 -57601
403 -21215 -57601
404 -21219 -57601
405 -21220 -57601
406 -21218 -57601
407 -21216 -57601
408 -21220 -57601
409 -21212 -57601
410 -21224 -57601
411 -21208 -57601
412 -21221 -57601
413 -21212 -57601
414 -21217 -57601
415 -21216 -57601
416 -21216 -57601
417 -21220 -57601
418 -21213 -57601
419 -21214 -57601
420 -21219 -57601
421 -21219 -57601
422 -21213 -57601
423 -21219 -57601
424 -21220 -57601
425 -21222 -57601
426 -21216 -57601
427 -21215 -57601
428 -21216 -57601
429 -21219 -57601
430 -21220 -57601
431 -21218 -57601
432 -21213 -57601
433 -21219 -57601
434 -21215 -57601
435 -21215 -57601
436 -21215 -57601
437 -21217 -57601
438 -21219 -57601
439 -21220 -57601
440 -21217 -57601
441 -21226 -57601
442 -21201 -57601
443 -21215 -57601
444 -21216 -57601
445 -21221 -57601
446 -21219 -57601
447 -21217 -57601
448 -21217 -57601
449 -21214 -57601
450 -21214 -57601
451 -21215 -57601
452 -21220 -57601
453 -21210 -57601
454 -21223 -57601
455 -21216 -57601
456 -21219 -57601
457 -21213 -57601
458 -21224 -57601
459 -21222 -57601
460 -21228 -57601
461 -21217 -57601
462 -21219 -57601
463 -21215 -57601
464 -21214 -57601
465 -21218 -57601
466 -21215 -57601
467 -21220 -57601
468 -21228 -57601
469 -10687 -57601
470 -21220 -57601
471 -21218 -57601
472 -21213 -57601
473 -21219 -57601
474 -21219 -57601
475 -21220 -57601
476 -21217 -57601
477 -21220 -57601
478 -21217 -57601
479 -21221 -57601
480 -21216 -57601
481 -21213 -57601
482 -21216 -57601
483 -21215 -57601
484 -21222 -57601
485 -21216 -57601
486 -21217 -57601
487 -21218 -57601
488 -21220 -57601
489 -21217 -57601
490 -21219 -57601
491 -21218 -57601
492 -21223 -57601
493 -21222 -57601
494 -21200 -57601
495 -21219 -57601
496 -21217 -57601
497 -21224 -57601
498 -21215 -57601
499 -21217 -57601
500 -21222 -57601
501 -21213 -57601
502 -21224 -57601
503 -21215 -57601
504 -186 -57601
505 -21218 -57601
506 -21220 -57601
507 -21219 -57601
508 -21223 -57601
509 -21213 -57601
510 -21222 -57601
511 -21216 -57601
512 -21219 -57601
513 -21220 -57601
514 -21216 -57601
515 -21217 -57601
516 -21221 -57601
517 -21220 -57601
518 -21221 -57601
519 -21219 -57601
520 -21210 -57601
521 -21221 -57601
522 -21222 -57601
523 -21223 -57601
524 -21217 -57601
525 -21215 -57601
526 -21218 -57601
527 -21218 -57601
528 -21215 -57601
529 -21217 -57601
530 -21213 -57601
531 -21219 -57601
532 -21219 -57601
533 -21223 -57601
534 -21212 -57601
535 -21221 -57601
536 -21214 -57601
537 -21215 -57601
538 -21220 -57601
539 -21222 -57601
540 -21230 -57601
541 -21220 -57601
542 -21219 -57601
543 -21216 -57601
544 -21219 -57601
545 -21214 -57601
546 -21217 -57601
547 -21217 -57601
548 -21223 -57601
549 -21219 -57601
550 -21215 -57601
551 -21215 -57601
552 -21213 -57601
553 -21219 -57601
554 -21220 -57601
555 -21216 -57601
556 -21220 -57601
557 -21220 -57601
558 -21218 -57601
559 -21216 -57601
560 -21219 -57601
561 -21215 -57601
562 -21215 -57601
563 -21216 -57601
564 -21215 -57601
565 -21215 -57601
566 -21221 -57601
567 -21222 -57601
568 -21221 -57601
569 -21219 -57601
570 -21217 -57601
571 -21217 -57601
572 -21215 -57601
573 -21214 -57601
574 -21216 -57601
575 -21218 -57601
576 -21214 -57601
577 -21215 -57601
578 -21215 -57601
579 -21218 -57601
580 -21219 -57601
581 -21214 -57601
582 -21212 -57601
583 -21221 -57601
584 -21221 -57601
585 -21220 -57601
586 -21756 -57601
587 -21218 -57601
588 -21212 -57601
589 -21209 -57601
590 -21217 -57601
591 -21217 -57601
592 -21223 -57601
593 -21214 -57601
594 -21220 -57601
595 -21220 -57601
596 -21215 -57601
597 -21214 -57601
598 -21216 -57601
599 -21223 -57601
600 -21219 -57601
601 -21219 -57601
602 -21217 -57601
603 -21220 -57601
604 -21215 -57601
605 -21214 -57601
606 -21216 -57601
607 -21222 -57601
608 -21215 -57601
609 -21218 -57601
610 -21219 -57601
611 -21216 -57601
612 -21220 -57601
613 -21220 -57601
614 -21217 -57601
615 -21223 -57601
616 -21212 -57601
617 -21222 -57601
618 -21217 -57601
619 -21219 -57601
620 -21221 -57601
621 -21216 -57601
622 -21220 -57601
623 -21220 -57601
624 -21210 -57601
625 -21219 -57601
626 -21208 -57601
627 -21218 -57601
628 -21218 -57601
629 -21222 -57601
630 -21218 -57601
631 -21217 -57601
632 -21212 -57601
633 -21215 -57601
634 -21219 -57601
635 -21217 -57601
636 -21218 -57601
637 -21219 -57601
638 -21216 -57601
639 -21214 -57601
640 -21211 -57601
641 -21214 -57601
642 -21214 -57601
643 -21212 -57601
644 -21214 -57601
645 -21216 -57601
646 -21218 -57601
647 -21202 -57601
648 -21212 -57601
649 -21222 -57601
650 -21217 -57601
651 -21216 -57601
652 -21219 -57601
653 -21222 -57601
654 -21216 -57601
655 -21219 -57601
656 -21213 -57601
657 -21217 -57601
658 -21221 -57601
659 -21219 -57601
660 -21219 -57601
661 -21215 -57601
662 -21218 -57601
663 -21218 -57601
664 -21214 -57601
665 -21217 -57601
666 -21219 -57601
667 -21216 -57601
668 -21219 -57601
669 -21216 -57601
670 -21223 -57601
671 -21222 -57601
672 -21217 -57601
673 -21215 -57601
674 -21220 -57601
675 -21220 -57601
676 -21215 -57601
677 -21220 -57601
678 -21215 -57601
679 -21216 -57601
680 -21216 -57601
681 -21215 -57601
682 -21215 -57601
683 -21221 -57601
684 -21218 -57601
685 -21218 -57601
686 -21214 -57601
687 -21214 -57601
688 -21243 -57601
689 -21214 -57601
690 -21215 -57601
691 -21224 -57601
692 -21214 -57601
693 -21218 -57601
694 -21213 -57601
695 -21215 -57601
696 -21221 -57601
697 -21213 -57601
698 3316 -57601
699 -21215 -57601
700 -21226 -57601
701 -21212 -57601
702 -21218 -57601
703 -21218 -57601
704 -21220 -57601
705 -21217 -57601
706 -21217 -57601
707 -21216 -57601
708 -21222 -57601
709 -21218 -57601
710 -21217 -57601
711 -21222 -57601
712 -21216 -57601
713 -21220 -57601
714 -21215 -57601
715 -21216 -57601
716 -21218 -57601
717 -21217 -57601
718 -21216 -57601
719 -21219 -57601
720 -21216 -57601
721 -21216 -57601
722 -21216 -57601
723 -21218 -57601
724 -21219 -57601
725 -21217 -57601
726 -21222 -57601
727 -21221 -57601
728 -21216 -57601
729 -21219 -57601
730 -21214 -57601
731 -21214 -57601
732 -21215 -57601
733 -21215 -57601
734 -21214 -57601
735 -21217 -57601
736 -21217 -57601
737 -21219 -57601
738 -21215 -57601
739 -21217 -57601
740 -21221 -57601
741 -21218 -57601
742 -21215 -57601
743 -21217 -57601
744 -21219 -57601
745 -21214 -57601
746 -21219 -57601
747 -21203 -57601
748 -21222 -57601
749 -21216 -57601
750 -21216 -57601
751 -21217 -57601
752 -21222 -57601
753 -21215 -57601
754 -21217 -57601
755 -21217 -57601
756 -21218 -57601
757 -21221 -57601
758 -21218 -57601
759 -21219 -57601
760 -21214 -57601
761 -21216 -57601
762 -21220 -57601
763 -21214 -57601
764 -21214 -57601
765 -21215 -57601
766 -21217 -57601
767 -21225 -57601
768 -21222 -57601
769 -21214 -57601
770 -21215 -57601
771 -21221 -57601
772 -21215 -57601
773 -21219 -57601
774 -21218 -57601
775 -21217 -57601
776 -21220 -57601
777 -21216 -57601
778 -21206 -57601
779 -21220 -57601
780 -21218 -57601
781 -21221 -57601
782 -21219 -57601
783 -21222 -57601
784 -21212 -57601
785 -21216 -57601
786 -21221 -57601
787 -21213 -57601
788 -21220 -57601
789 -21219 -57601
790 -21216 -57601
791 -21218 -57601
792 -21215 -57601
793 -21221 -57601
794 -21217 -57601
795 -21216 -57601
796 -21218 -57601
797 -21221 -57601
798 -21217 -57601
799 -21219 -57601
800 -21216 -57601
801 -21217 -57601
802 -21222 -57601
803 -21218 -57601
804 -21215 -57601
805 -21216 -57601
806 -21217 -57601
807 -21218 -57601
808 -21217 -57601
809 -21217 -57601
810 -21217 -57601
811 -21215 -57601
812 -21218 -57601
813 -21218 -57601
814 -21216 -57601
815 -21217 -57601
816 -21217 -57601
817 -21213 -57601
818 -21218 -57601
819 -21215 -57601
820 -21215 -57601
821 -21218 -57601
822 -21215 -57601
823 -21220 -57601
824 -21220 -57601
825 -21221 -57601
826 -21216 -57601
827 -21218 -57601
828 -21214 -57601
829 -21215 -57601
830 -21216 -57601
831 -21216 -57601
832 -21214 -57601
833 -21219 -57601
834 -21220 -57601
835 -21219 -57601
836 -21216 -57601
837 -21208 -57601
838 -21217 -57601
839 -21220 -57601
840 -21219 -57601
841 -21215 -57601
842 -21217 -57601
843 -21219 -57601
844 -21214 -57601
845 -21214 -57601
846 -21213 -57601
847 -21219 -57601
848 -21216 -57601
849 -21219 -57601
850 -21216 -57601
851 -21214 -57601
852 -21215 -57601
853 -21217 -57601
854 -21218 -57601
855 -21221 -57601
856 -21217 -57601
857 -21215 -57601
858 -21212 -57601
859 -21213 -57601
860 -21216 -57601
861 -21218 -57601
862 -21216 -57601
863 -21214 -57601
864 -21215 -57601
865 -21220 -57601
866 -21216 -57601
867 -21222 -57601
868 -21225 -57601
869 -21218 -57601
870 -21217 -57601
871 -21217 -57601
872 -21214 -57601
873 -21222 -57601
874 -21215 -57601
875 -21211 -57601
876 -21219 -57601
877 -21220 -57601
878 -21218 -57601
879 -21213 -57601
880 -21215 -57601
881 -21222 -57601
882 -21224 -57601
883 -21215 -57601
884 -21222 -57601
885 -21214 -57601
886 -21223 -57601
887 -21222 -57601
888 -21216 -57601
889 -21216 -57601
890 -21219 -57601
891 -21219 -57601
892 -21217 -57601
893 -21217 -57601
894 -21217 -57601
895 -21221 -57601
896 -21221 -57601
897 -21216 -57601
898 -21218 -57601
899 -21216 -57601
900 -21219 -57601
901 -21215 -57601
902 -21216 -57601
903 -21217 -57601
904 -21214 -57601
905 -21220 -57601
906 -21218 -57601
907 -21215 -57601
908 -21217 -57601
909 -21216 -57601
910 -21215 -57601
911 -21216 -57601
912 -21215 -57601
913 -21215 -57601
914 -21217 -57601
915 -21217 -57601
916 -21218 -57601
917 -21214 -57601
918 -21221 -57601
919 -21216 -57601
920 -21223 -57601
921 -21222 -57601
922 -21221 -57601
923 -21212 -57601
924 -21215 -57601
925 -21214 -57601
926 -21224 -57601
927 -21216 -57601
928 -21220 -57601
929 -21217 -57601
930 -21216 -57601
931 -21214 -57601
932 -21214 -57601
933 -21217 -57601
934 -21213 -57601
935 -21217 -57601
936 -21212 -57601
937 -21217 -57601
938 -21219 -57601
939 -21224 -57601
940 -21229 -57601
941 -21217 -57601
942 -21218 -57601
943 -21221 -57601
944 -21222 -57601
945 -21219 -57601
946 -21213 -57601
947 -21222 -57601
948 -21218 -57601
949 -21216 -57601
950 -21217 -57601
951 -21217 -57601
952 -21212 -57601
953 -21215 -57601
954 -21220 -57601
955 -21215 -57601
956 -21218 -57601
957 -21223 -57601
958 -21217 -57601
959 -21218 -57601
960 -21220 -57601
961 -21217 -57601
962 -21216 -57601
963 -21217 -57601
964 -21219 -57601
965 -21221 -57601
966 -21217 -57601
967 -21215 -57601
968 -21211 -57601
969 -21218 -57601
970 -21216 -57601
971 -21218 -57601
972 -21211 -57601
973 -21214 -57601
974 -21216 -57601
975 -21216 -57601
976 -21215 -57601
977 -21213 -57601
978 -21214 -57601
979 -15964 -57601
980 -21220 -57601
981 -21218 -57601
982 -21214 -57601
983 -21216 -57601
984 -21223 -57601
985 -21213 -57601
986 -21218 -57601
987 -21211 -57601
988 -21216 -57601
989 -21216 -57601
990 -21218 -57601
991 -21219 -57601
992 -21218 -57601
993 -21221 -57601
994 -21213 -57601
995 -21221 -57601
996 -21223 -57601
997 -21218 -57601
998 -21214 -57601
999 -21222 -57601
1000 -21218 -57601
1001 -21219 -57601
1002 -21217 -57601
1003 -21215 -57601
1004 -21216 -57601
1005 -21213 -57601
1006 -21213 -57601
1007 -21215 -57601
1008 -21221 -57601
1009 -21219 -57601
1010 -21216 -57601
1011 -21217 -57601
1012 -21219 -57601
1013 -21215 -57601
1014 -21214 -57601
1015 -21215 -57601
1016 -21221 -57601
1017 -21214 -57601
1018 -21213 -57601
1019 -21217 -57601
1020 -21217 -57601
1021 -21210 -57601
1022 -21219 -57601
1023 -21216 -57601
1024 -21215 -57601
1025 -21212 -57601
1026 -21219 -57601
1027 -21215 -57601
1028 -21229 -57601
1029 -21219 -57601
1030 -21219 -57601
1031 -21219 -57601
1032 -21215 -57601
1033 -21209 -57601
1034 -21219 -57601
1035 -21213 -57601
1036 -21217 -57601
1037 -21218 -57601
1038 -21217 -57601
1039 -21217 -57601
1040 -21216 -57601
1041 -21220 -57601
1042 -21217 -57601
1043 -21218 -57601
1044 -21220 -57601
1045 -21213 -57601
1046 -21223 -57601
1047 -21220 -57601
1048 -21219 -57601
1049 -21213 -57601
1050 -21216 -57601
1051 -21214 -57601
1052 -21218 -57601
1053 -21216 -57601
1054 -21218 -57601
1055 -21229 -57601
1056 -21215 -57601
1057 -21220 -57601
1058 -21223 -57601
1059 -21221 -57601
1060 -21218 -57601
1061 -21221 -57601
1062 -21214 -57601
1063 -21219 -57601
1064 -21219 -57601
1065 -21215 -57601
1066 -21219 -57601
1067 -21217 -57601
1068 -21222 -57601
1069 -21212 -57601
1070 -21218 -57601
1071 -21225 -57601
1072 -21216 -57601
1073 -21225 -57601
1074 -21215 -57601
1075 -21214 -57601
1076 -21216 -57601
1077 -21215 -57601
1078 -21218 -57601
1079 -21214 -57601
1080 -21224 -57601
1081 -21220 -57601
1082 -21214 -57601
1083 -21222 -57601
1084 -21217 -57601
1085 -21211 -57601
1086 -21219 -57601
1087 -21221 -57601
1088 -21218 -57601
1089 -21218 -57601
1090 -21213 -57601
1091 -21213 -57601
1092 -21220 -57601
1093 -21222 -57601
1094 -21223 -57601
1095 -21238 -57601
1096 -21213 -57601
1097 -21216 -57601
1098 -21212 -57601
1099 -21217 -57601
1100 -21217 -57601
1101 -21218 -57601
1102 -21213 -57601
1103 -21211 -57601
1104 -21217 -57601
1105 -21215 -57601
1106 -21217 -57601
1107 -21221 -57601
1108 -21214 -57601
1109 -21216 -57601
1110 -21213 -57601
1111 -21230 -57601
1112 -21217 -57601
1113 -203 -57601
1114 -21220 -57601
1115 -21219 -57601
1116 -21214 -57601
1117 -21221 -57601
1118 -21223 -57601
1119 -21215 -57601
1120 -21218 -57601
1121 -21222 -57601
1122 -21218 -57601
1123 -21221 -57601
1124 -21217 -57601
1125 -21218 -57601
1126 -21218 -57601
1127 -21219 -57601
1128 -21215 -57601
1129 -21219 -57601
1130 -21220 -57601
1131 -21226 -57601
1132 -21216 -57601
1133 -21221 -57601
1134 -21220 -57601
1135 -21217 -57601
1136 -21216 -57601
1137 -21217 -57601
1138 -21218 -57601
1139 -21224 -57601
1140 -21217 -57601
1141 -21219 -57601
1142 -21221 -57601
1143 -21216 -57601
1144 -21219 -57601
1145 -21212 -57601
1146 -21218 -57601
1147 -21216 -57601
1148 -21216 -57601
1149 -21217 -57601
1150 -21223 -57601
1151 -21217 -57601
1152 -21212 -57601
1153 -21218 -57601
1154 -21216 -57601
1155 -21222 -57601
1156 -21215 -57601
1157 -21218 -57601
1158 -21219 -57601
1159 -21221 -57601
1160 -21219 -57601
1161 -21214 -57601
1162 -21220 -57601
1163 -21213 -57601
1164 -21218 -57601
1165 -21212 -57601
1166 -21221 -57601
1167 -21214 -57601
1168 -21221 -57601
1169 -21234 -57601
1170 -21221 -57601
1171 -21215 -57601
1172 -21219 -57601
1173 -21221 -57601
1174 -21220 -57601
1175 -21218 -57601
1176 -21214 -57601
1177 -21219 -57601
1178 -21216 -57601
1179 -21228 -57601
1180 -21217 -57601
1181 -21219 -57601
1182 -21217 -57601
1183 -21218 -57601
1184 -21217 -57601
1185 -21218 -57601
1186 -21216 -57601
1187 -21215 -57601
1188 -21219 -57601
1189 -21223 -57601
1190 -21225 -57601
1191 -21219 -57601
1192 -21218 -57601
1193 -21216 -57601
1194 -21217 -57601
1195 -21218 -57601
1196 -21217 -57601
1197 -21213 -57601
1198 -21216 -57601
1199 -21219 -57601
1200 -21196 -57601
1201 -21219 -57601
1202 -21221 -57601
1203 -21215 -57601
1204 -21218 -57601
1205 -21217 -57601
1206 -21218 -57601
1207 -21218 -57601
1208 -21216 -57601
1209 -21215 -57601
1210 -21220 -57601
1211 -21222 -57601
1212 -21224 -57601
1213 -21218 -57601
1214 -21219 -57601
1215 -21217 -57601
1216 -21211 -57601
1217 -21217 -57601
1218 -21220 -57601
1219 -21214 -57601
1220 -21212 -57601
1221 -21216 -57601
1222 -21221 -57601
1223 -21216 -57601
1224 -21219 -57601
1225 -21214 -57601
1226 -21217 -57601
1227 -21228 -57601
1228 -21219 -57601
1229 -21214 -57601
1230 -21220 -57601
1231 -21218 -57601
1232 -21213 -57601
1233 -21218 -57601
1234 -21219 -57601
1235 -21215 -57601
1236 -21226 -57601
1237 -21215 -57601
1238 -21218 -57601
1239 -21221 -57601
1240 -21222 -57601
1241 -21216 -57601
1242 -21219 -57601
1243 -21220 -57601
1244 -21218 -57601
1245 -21217 -57601
1246 -21224 -57601
1247 -21216 -57601
1248 -21218 -57601
1249 -21214 -57601
1250 -21218 -57601
1251 -21227 -57601
1252 -21205 -57601
1253 -21218 -57601
1254 -21213 -57601
1255 -21217 -57601
1256 -21216 -57601
1257 -21215 -57601
1258 -21215 -57601
1259 -21216 -57601
1260 -21215 -57601
1261 -21218 -57601
1262 -21213 -57601
1263 -21218 -57601
1264 -21216 -57601
1265 -21219 -57601
1266 -21217 -57601
1267 -21217 -57601
1268 -21213 -57601
1269 -21218 -57601
1270 -21224 -57601
1271 -21217 -57601
1272 -21218 -57601
1273 -21217 -57601
1274 -21219 -57601
1275 -21221 -57601
1276 -21224 -57601
1277 -21215 -57601
1278 -21217 -57601
1279 -21220 -57601
1280 -21218 -57601
1281 -21214 -57601
1282 -21217 -57601
1283 -21216 -57601
1284 -21224 -57601
1285 -21243 -57601
1286 -21215 -57601
1287 -21219 -57601
1288 -21218 -57601
1289 -21216 -57601
1290 -21218 -57601
1291 -21216 -57601
1292 -21215 -57601
1293 -21215 -57601
1294 -21215 -57601
1295 -21213 -57601
1296 -21221 -57601
1297 -21216 -57601
1298 -21221 -57601
1299 -21214 -57601
1300 -21220 -57601
1301 -21216 -57601
1302 -21216 -57601
1303 -21217 -57601
1304 -21218 -57601
1305 -21219 -57601
1306 -21216 -57601
1307 -21220 -57601
1308 -21219 -57601
1309 -21221 -57601
1310 -21218 -57601
1311 -21214 -57601
1312 -21217 -57601
1313 -21218 -57601
1314 -21216 -57601
1315 -21217 -57601
1316 -21221 -57601
1317 -21215 -57601
1318 -21214 -57601
1319 -21224 -57601
1320 -21216 -57601
1321 -21216 -57601
1322 -21216 -57601
1323 -21220 -57601
1324 -21218 -57601
1325 -21216 -57601
1326 -21221 -57601
1327 -21215 -57601
1328 -21215 -57601
1329 -21222 -57601
1330 -21217 -57601
1331 -21223 -57601
1332 -21219 -57601
1333 -21222 -57601
1334 -21211 -57601
1335 -21222 -57601
1336 -21222 -57601
1337 -21218 -57601
1338 -21218 -57601
1339 -21218 -57601
1340 -21215 -57601
1341 -21213 -57601
1342 -21216 -57601
1343 -21215 -57601
1344 -21217 -57601
1345 -21221 -57601
1346 -21215 -57601
1347 -21218 -57601
1348 -21218 -57601
1349 -21217 -57601
1350 -21212 -57601
1351 -21214 -57601
1352 -21220 -57601
1353 -21218 -57601
1354 -21217 -57601
1355 -21218 -57601
1356 -21218 -57601
1357 -21213 -57601
1358 -21219 -57601
1359 -21234 -57601
1360 -21216 -57601
1361 -21214 -57601
1362 -21221 -57601
1363 -21229 -57601
1364 -21219 -57601
1365 -21214 -57601
1366 -21219 -57601
1367 -21217 -57601
1368 -21219 -57601
1369 -21215 -57601
1370 -21223 -57601
1371 -21226 -57601
1372 -21211 -57601
1373 -21213 -57601
1374 -21226 -57601
1375 -21217 -57601
1376 -21225 -57601
1377 -21214 -57601
1378 -21217 -57601
1379 -21216 -57601
1380 -21218 -57601
1381 -21215 -57601
1382 -21221 -57601
1383 -21222 -57601
1384 -21226 -57601
1385 -21282 -57601
1386 -21218 -57601
1387 -21218 -57601
1388 -21219 -57601
1389 -21215 -57601
1390 -21215 -57601
1391 -21221 -57601
1392 -21217 -57601
1393 -21218 -57601
1394 -21214 -57601
1395 -21216 -57601
1396 -21215 -57601
1397 -21216 -57601
1398 -21215 -57601
1399 -21218 -57601
1400 -21216 -57601
1401 -21224 -57601
1402 -21214 -57601
1403 -21212 -57601
1404 -21220 -57601
1405 -21217 -57601
1406 -21218 -57601
1407 -21214 -57601
1408 -21215 -57601
1409 -21226 -57601
1410 -21216 -57601
1411 -21215 -57601
1412 -21217 -57601
1413 -21222 -57601
1414 -21215 -57601
1415 -21223 -57601
1416 -21215 -57601
1417 -21219 -57601
1418 -21214 -57601
1419 -21218 -57601
1420 -21218 -57601
1421 -21220 -57601
1422 -21214 -57601
1423 -21215 -57601
1424 -21217 -57601
1425 -21215 -57601
1426 -21221 -57601
1427 -21218 -57601
1428 -21212 -57601
1429 -21220 -57601
1430 -21217 -57601
1431 -21218 -57601
1432 -21217 -57601
1433 -21218 -57601
1434 -21214 -57601
1435 -21220 -57601
1436 -21220 -57601
1437 -21217 -57601
1438 -21215 -57601
1439 -21214 -57601
1440 -21220 -57601
1441 -21214 -57601
1442 -21219 -57601
1443 -21216 -57601
1444 -21223 -57601
1445 -21217 -57601
1446 -21222 -57601
1447 -21219 -57601
1448 -21216 -57601
1449 -21219 -57601
1450 -21219 -57601
1451 -21215 -57601
1452 -21219 -57601
1453 -21216 -57601
1454 -21218 -57601
1455 -21213 -57601
1456 -21219 -57601
1457 -21213 -57601
1458 -21214 -57601
1459 -21215 -57601
1460 -21217 -57601
1461 -21217 -57601
1462 -21223 -57601
1463 -21218 -57601
1464 -21215 -57601
1465 -21218 -57601
1466 -21217 -57601
1467 -21219 -57601
1468 -21215 -57601
1469 -21217 -57601
1470 -21220 -57601
1471 -21214 -57601
1472 -21218 -57601
1473 -21214 -57601
1474 -21213 -57601
1475 -21220 -57601
1476 -21218 -57601
1477 -21219 -57601
1478 -21224 -57601
1479 -21218 -57601
1480 -21216 -57601
1481 -21220 -57601
1482 -21219 -57601
1483 -21223 -57601
1484 -21217 -57601
1485 -21221 -57601
1486 -21223 -57601
1487 -21225 -57601
1488 -21213 -57601
1489 -21217 -57601
1490 -21219 -57601
1491 -21212 -57601
1492 -21230 -57601
1493 -21224 -57601
1494 -21215 -57601
1495 -21218 -57601
1496 -21215 -57601
1497 -21222 -57601
1498 -21218 -57601
1499 -21213 -57601
1500 -21216 -57601
1501 -21212 -57601
1502 -21218 -57601
1503 -21217 -57601
1504 -21218 -57601
1505 -21217 -57601
1506 -21223 -57601
1507 -21214 -57601
1508 -21220 -57601
1509 -21222 -57601
1510 -21217 -57601
1511 -21216 -57601
1512 -21218 -57601
1513 -21218 -57601
1514 -21218 -57601
1515 -21218 -57601
1516 -21219 -57601
1517 -21224 -57601
1518 -21217 -57601
1519 -21213 -57601
1520 -21218 -57601
1521 -21218 -57601
1522 -21216 -57601
1523 -21218 -57601
1524 -21216 -57601
1525 -21218 -57601
1526 -21213 -57601
1527 -21220 -57601
1528 -21218 -57601
1529 -21216 -57601
1530 -21223 -57601
1531 -21215 -57601
1532 -21220 -57601
1533 -21218 -57601
1534 -21224 -57601
1535 -21214 -57601
1536 -21217 -57601
1537 -21217 -57601
1538 -21215 -57601
1539 -21218 -57601
1540 -21217 -57601
1541 -21217 -57601
1542 -21218 -57601
1543 -21212 -57601
1544 -21216 -57601
1545 -21214 -57601
1546 -21219 -57601
1547 -21227 -57601
1548 -21215 -57601
1549 -21217 -57601
1550 -21227 -57601
1551 -21216 -57601
1552 -21220 -57601
1553 -21219 -57601
1554 -21216 -57601
1555 -21216 -57601
1556 -21219 -57601
1557 -21218 -57601
1558 -21216 -57601
1559 -21218 -57601
1560 -21221 -57601
1561 -21217 -57601
1562 -21219 -57601
1563 -21215 -57601
1564 -21221 -57601
1565 -21215 -57601
1566 -21220 -57601
1567 -21220 -57601
1568 -21219 -57601
1569 -21221 -57601
1570 -21216 -57601
1571 -21218 -57601
1572 -21211 -57601
1573 -21215 -57601
1574 -21218 -57601
1575 -21219 -57601
1576 -21216 -57601
1577 -21215 -57601
1578 -21220 -57601
1579 -21220 -57601
1580 -21212 -57601
1581 -21220 -57601
1582 -21221 -57601
1583 -21215 -57601
1584 -21220 -57601
1585 -21217 -57601
1586 -21220 -57601
1587 -21215 -57601
1588 -21217 -57601
1589 -21215 -57601
1590 -21211 -57601
1591 -21217 -57601
1592 -21211 -57601
1593 -21220 -57601
1594 -21217 -57601
1595 -21219 -57601
1596 -21216 -57601
1597 -21216 -57601
1598 -21218 -57601
1599 -21217 -57601
1600 -21220 -57601
1601 -21217 -57601
1602 -21221 -57601
1603 -21217 -57601
1604 -21221 -57601
1605 -21216 -57601
1606 -21218 -57601
1607 -21221 -57601
1608 -21217 -57601
1609 -21215 -57601
1610 -21213 -57601
1611 -21278 -57601
1612 -21221 -57601
1613 -21218 -57601
1614 -21212 -57601
1615 -21216 -57601
1616 -21217 -57601
1617 -21221 -57601
1618 -21216 -57601
1619 -21217 -57601
1620 -21220 -57601
1621 -21215 -57601
1622 -21218 -57601
1623 -21218 -57601
1624 -21220 -57601
1625 -21218 -57601
1626 -21216 -57601
1627 -21216 -57601
1628 -21216 -57601
1629 -21218 -57601
1630 -21181 -57601
1631 -21215 -57601
1632 -21217 -57601
1633 -21219 -57601
1634 -21213 -57601
1635 -21215 -57601
1636 -21219 -57601
1637 -21221 -57601
1638 -21216 -57601
1639 -21217 -57601
1640 -21216 -57601
1641 -21218 -57601
1642 -21220 -57601
1643 -21217 -57601
1644 -21218 -57601
1645 -21216 -57601
1646 -21227 -57601
1647 -21214 -57601
1648 -21221 -57601
1649 -21209 -57601
1650 -21217 -57601
1651 -21215 -57601
1652 -21225 -57601
1653 -21220 -57601
1654 -21226 -57601
1655 -21212 -57601
1656 -21216 -57601
1657 -21215 -57601
1658 -21219 -57601
1659 -21220 -57601
1660 -21213 -57601
1661 -21216 -57601
1662 -21219 -57601
1663 -21214 -57601
1664 -21214 -57601
1665 -21213 -57601
1666 -21215 -57601
1667 -21220 -57601
1668 -21219 -57601
1669 -21218 -57601
1670 -21214 -57601
1671 -21215 -57601
1672 -21218 -57601
1673 -21228 -57601
1674 -21214 -57601
1675 -21220 -57601
1676 -21215 -57601
1677 -21217 -57601
1678 -21218 -57601
1679 -21218 -57601
1680 -21219 -57601
1681 -21216 -57601
1682 -21228 -57601
1683 -21212 -57601
1684 -21215 -57601
1685 -21215 -57601
1686 -21217 -57601
1687 -21215 -57601
1688 -21214 -57601
1689 -21213 -57601
1690 -21220 -57601
1691 -21221 -57601
1692 -21216 -57601
1693 -21220 -57601
1694 -21221 -57601
1695 -21217 -57601
1696 -21223 -57601
1697 -21217 -57601
1698 -21217 -57601
1699 -21214 -57601
1700 -21225 -57601
1701 -21217 -57601
1702 -21213 -57601
1703 -21216 -57601
1704 -21215 -57601
1705 -21215 -57601
1706 -21222 -57601
1707 -21215 -57601
1708 -21214 -57601
1709 -21214 -57601
1710 -21219 -57601
1711 -21215 -57601
1712 -21218 -57601
1713 -21219 -57601
1714 -21214 -57601
1715 -21208 -57601
1716 -21217 -57601
1717 -21215 -57601
1718 -21217 -57601
1719 -21214 -57601
1720 -21219 -57601
1721 -21221 -57601
1722 -21216 -57601
1723 -21216 -57601
1724 -21220 -57601
1725 -21218 -57601
1726 -21215 -57601
1727 -21220 -57601
1728 -21221 -57601
1729 -21215 -57601
1730 -21215 -57601
1731 -21216 -57601
1732 -21223 -57601
1733 -21217 -57601
1734 -21215 -57601
1735 -21202 -57601
1736 -21215 -57601
1737 -21218 -57601
1738 -21218 -57601
1739 -21218 -57601
1740 -21216 -57601
1741 -21221 -57601
1742 -21215 -57601
1743 -21223 -57601
1744 -21215 -57601
1745 -21215 -57601
1746 -21216 -57601
1747 -21215 -57601
1748 -21218 -57601
1749 -21221 -57601
1750 -21215 -57601
1751 -21215 -57601
1752 -21223 -57601
1753 -21216 -57601
1754 -21214 -57601
1755 -21221 -57601
1756 -21216 -57601
1757 -21214 -57601
1758 -21216 -57601
1759 -21213 -57601
1760 -21217 -57601
1761 -21218 -57601
1762 -21218 -57601
1763 -21220 -57601
1764 -21219 -57601
1765 -21216 -57601
1766 -21212 -57601
1767 -21216 -57601
1768 -21218 -57601
1769 -21218 -57601
1770 -21214 -57601
1771 -21214 -57601
1772 -21219 -57601
1773 -21216 -57601
1774 -21217 -57601
1775 -21215 -57601
1776 -21217 -57601
1777 -21219 -57601
1778 -21216 -57601
1779 -21218 -57601
1780 -21219 -57601
1781 -21217 -57601
1782 -21218 -57601
1783 -21215 -57601
1784 -21220 -57601
1785 -21217 -57601
1786 -21216 -57601
1787 -21216 -57601
1788 -21215 -57601
1789 -21213 -57601
1790 -21211 -57601
1791 -21215 -57601
1792 -21218 -57601
1793 -21215 -57601
1794 -21216 -57601
1795 -21219 -57601
1796 -21218 -57601
1797 -21216 -57601
1798 -21219 -57601
1799 -21220 -57601
1800 -21212 -57601
1801 -21218 -57601
1802 -21213 -57601
1803 -21214 -57601
1804 -21212 -57601
1805 -21214 -57601
1806 -21215 -57601
1807 -21222 -57601
1808 -21216 -57601
1809 -21214 -57601
1810 -21217 -57601
1811 -21216 -57601
1812 -21215 -57601
1813 -21224 -57601
1814 -21218 -57601
1815 -21221 -57601
1816 -21215 -57601
1817 -21219 -57601
1818 -21218 -57601
1819 -21211 -57601
1820 -21216 -57601
1821 -21218 -57601
1822 -21221 -57601
1823 -21224 -57601
1824 -21219 -57601
1825 -21218 -57601
1826 -21226 -57601
1827 -21215 -57601
1828 -21218 -57601
1829 -21217 -57601
1830 -21218 -57601
1831 -21215 -57601
1832 -21225 -57601
1833 -21216 -57601
1834 -21215 -57601
1835 -21214 -57601
1836 -21219 -57601
1837 -21209 -57601
1838 -21216 -57601
1839 -21219 -57601
1840 -21216 -57601
1841 -21220 -57601
1842 -21214 -57601
1843 -21219 -57601
1844 -21217 -57601
1845 -21212 -57601
1846 -21224 -57601
1847 -21225 -57601
1848 -28187 -57601
1849 -21215 -57601
1850 -21218 -57601
1851 -21222 -57601
1852 -21215 -57601
1853 -21220 -57601
1854 -21214 -57601
1855 -21216 -57601
1856 -21222 -57601
1857 -21213 -57601
1858 -21223 -57601
1859 -21218 -57601
1860 -21217 -57601
1861 -21218 -57601
1862 -21218 -57601
1863 -21218 -57601
1864 -21216 -57601
1865 -21212 -57601
1866 -21219 -57601
1867 -21218 -57601
1868 -21216 -57601
1869 -21221 -57601
1870 -21221 -57601
1871 -21217 -57601
1872 -21218 -57601
1873 -21217 -57601
1874 -21218 -57601
1875 -21219 -57601
1876 -21219 -57601
1877 -21225 -57601
1878 -21215 -57601
1879 -21217 -57601
1880 -21218 -57601
1881 -21213 -57601
1882 -21220 -57601
1883 -21218 -57601
1884 -21216 -57601
1885 -21213 -57601
1886 -21215 -57601
1887 -21215 -57601
1888 -21215 -57601
1889 -21215 -57601
1890 -21216 -57601
1891 -21218 -57601
1892 -21219 -57601
1893 -21217 -57601
1894 -21219 -57601
1895 -21215 -57601
1896 -21218 -57601
1897 -21215 -57601
1898 -21207 -57601
1899 -21215 -57601
1900 -21218 -57601
1901 -21216 -57601
1902 -21218 -57601
1903 -21218 -57601
1904 -21217 -57601
1905 -21221 -57601
1906 -21219 -57601
1907 -21211 -57601
1908 -21217 -57601
1909 -21216 -57601
1910 -21217 -57601
1911 -21214 -57601
1912 -21215 -57601
1913 -21216 -57601
1914 -21220 -57601
1915 -21220 -57601
1916 -21225 -57601
1917 -21215 -57601
1918 -21220 -57601
1919 -21218 -57601
1920 -21218 -57601
1921 -21212 -57601
1922 -21219 -57601
1923 -21214 -57601
1924 -21216 -57601
1925 -21213 -57601
1926 -21215 -57601
1927 -21220 -57601
1928 -21217 -57601
1929 -21219 -57601
1930 -21215 -57601
1931 -21220 -57601
1932 -21216 -57601
1933 -21218 -57601
1934 -21219 -57601
1935 -21220 -57601
1936 -21217 -57601
1937 -21218 -57601
1938 -21213 -57601
1939 -21222 -57601
1940 -21212 -57601
1941 -21216 -57601
1942 -21219 -57601
1943 -21219 -57601
1944 -21210 -57601
1945 -21213 -57601
1946 -21217 -57601
1947 -21216 -57601
1948 -21213 -57601
1949 -21216 -57601
1950 -21216 -57601
1951 -21219 -57601
1952 -21217 -57601
1953 -21220 -57601
1954 -21217 -57601
1955 -21217 -57601
1956 -21218 -57601
1957 -21218 -57601
1958 -21216 -57601
1959 -21220 -57601
1960 -21219 -57601
1961 -21221 -57601
1962 -21212 -57601
1963 -21216 -57601
1964 -21219 -57601
1965 -21217 -57601
1966 -21215 -57601
1967 -21218 -57601
1968 -21212 -57601
1969 -21218 -57601
1970 -21214 -57601
1971 -21215 -57601
1972 -21219 -57601
1973 -21215 -57601
1974 -21214 -57601
1975 -21212 -57601
1976 -21214 -57601
1977 -21218 -57601
1978 -21219 -57601
1979 -21218 -57601
1980 -21221 -57601
1981 -21217 -57601
1982 -21212 -57601
1983 -21216 -57601
1984 -21217 -57601
1985 -21215 -57601
1986 -21218 -57601
1987 -21216 -57601
1988 -21220 -57601
1989 -21215 -57601
1990 -21214 -57601
1991 -21217 -57601
1992 -21212 -57601
1993 -21219 -57601
1994 -21213 -57601
1995 -21222 -57601
1996 -21215 -57601
1997 -21217 -57601
1998 -21215 -57601
1999 -21217 -57601
2000 -21218 -57601
2001 -21219 -57601
2002 -21217 -57601
2003 -21219 -57601
2004 -21216 -57601
2005 -21217 -57601
2006 -21217 -57601
2007 -21221 -57601
2008 -21228 -57601
2009 -21217 -57601
2010 -21216 -57601
2011 -21219 -57601
2012 -21218 -57601
2013 -21222 -57601
2014 -21214 -57601
2015 -21213 -57601
2016 -21220 -57601
2017 -21219 -57601
2018 -21222 -57601
2019 -21215 -57601
2020 -21217 -57601
2021 -21220 -57601
2022 -21218 -57601
2023 -21217 -57601
2024 -21219 -57601
2025 -21214 -57601
2026 -21218 -57601
2027 -21218 -57601
2028 -21218 -57601
2029 -21219 -57601
2030 -21222 -57601
2031 -21212 -57601
2032 -21213 -57601
2033 -21219 -57601
2034 -21216 -57601
2035 -21216 -57601
2036 -21218 -57601
2037 -21211 -57601
2038 -21218 -57601
2039 -21214 -57601
2040 -21217 -57601
2041 -21217 -57601
2042 -21215 -57601
2043 -21220 -57601
2044 -21215 -57601
2045 -21216 -57601
2046 -21215 -57601
2047 -21214 -57601
2048 -21217 -57601
2049 -21215 -57601
2050 -21213 -57601
2051 -21213 -57601
2052 -21217 -57601
2053 -21216 -57601
2054 -21216 -57601
2055 -21223 -57601
2056 -21215 -57601
2057 -21220 -57601
2058 -21214 -57601
2059 -21220 -57601
2060 -21217 -57601
2061 -21198 -57601
