0 0.0568022
1 0.0821672
2 0.103751
3 0.1454
4 0.137727
5 0.157848
6 0.145042
7 0.172007
8 0.172118
9 0.173305
10 0.161768
11 0.17198
12 0.200298
13 0.182634
14 0.169634
15 0.169799
16 0.199442
17 0.227126
18 0.239105
19 0.225525
20 0.252491
21 0.237587
22 0.235434
23 0.261158
24 0.256107
25 0.259281
26 0.260937
27 0.287737
28 0.252187
29 0.221689
30 0.0177196
31 0.026607
32 0.0446579
33 0.0508956
34 0.0531313
35 0.0513373
36 0.067456
37 0.0613287
38 0.0754602
39 0.06442
40 0.0648064
41 0.081974
42 0.0734178
43 0.0643924
44 0.0561122
45 0.0542905
46 0.0590378
47 0.0701057
48 0.0644752
49 0.0704645
50 0.0706577
51 0.0634263
52 0.067042
53 0.0607767
54 0.065938
55 0.0602247
56 0.0587342
57 0.0546769
58 0.056195
59 0.0407938
