0 0.0573114
1 0.0816951
2 0.10116
3 0.142469
4 0.134133
5 0.156793
6 0.145396
7 0.169438
8 0.171518
9 0.169899
10 0.15969
11 0.172068
12 0.197848
13 0.181177
14 0.169676
15 0.171726
16 0.195738
17 0.220598
18 0.242619
19 0.231281
20 0.252039
21 0.237656
22 0.240434
23 0.255294
24 0.257834
25 0.254194
26 0.259201
27 0.287449
28 0.251029
29 0.223777
30 0.0176674
31 0.0248146
32 0.043968
33 0.0508923
34 0.0534332
35 0.0513529
36 0.0646072
37 0.0611005
38 0.0749194
39 0.0649638
40 0.0637157
41 0.0822449
42 0.0724825
43 0.0655879
44 0.0556472
45 0.0537006
46 0.0612639
47 0.0714127
48 0.0667915
49 0.0698376
50 0.0692729
51 0.0611599
52 0.0673413
53 0.0626904
54 0.0662566
55 0.0605507
56 0.0592134
57 0.0549191
58 0.0576086
59 0.0406098
