0 0.0588608
1 0.0808854
2 0.105443
3 0.142637
4 0.136305
5 0.158632
6 0.14561
7 0.172205
8 0.170691
9 0.167607
10 0.162349
11 0.172508
12 0.197919
13 0.181593
14 0.16813
15 0.173251
16 0.195
17 0.222614
18 0.241665
19 0.23068
20 0.25543
21 0.237012
22 0.235085
23 0.258679
24 0.258734
25 0.258596
26 0.258569
27 0.286843
28 0.252099
29 0.222944
30 0.016133
31 0.0263469
32 0.0436087
33 0.0506566
34 0.0531068
35 0.0498857
36 0.063954
37 0.0590535
38 0.0717452
39 0.0638714
40 0.0643394
41 0.0815737
42 0.0721581
43 0.0657985
44 0.0578697
45 0.0542631
46 0.0607604
47 0.0700933
48 0.0660463
49 0.0703411
50 0.0691298
51 0.0623572
52 0.0681386
53 0.0623021
54 0.0638438
55 0.0593288
56 0.0606227
57 0.0565757
58 0.0563555
59 0.0395066
