0 0.0572631
1 0.0817353
2 0.102846
3 0.14531
4 0.136677
5 0.158271
6 0.141803
7 0.172515
8 0.173675
9 0.173434
10 0.160738
11 0.17087
12 0.200155
13 0.182018
14 0.17029
15 0.171233
16 0.196165
17 0.225401
18 0.242232
19 0.231132
20 0.253525
21 0.237371
22 0.236331
23 0.255362
24 0.254468
25 0.258313
26 0.262472
27 0.293401
28 0.255193
29 0.225304
30 0.0165889
31 0.0244239
32 0.0426571
33 0.0498876
34 0.0528378
35 0.0512176
36 0.0655817
37 0.0586898
38 0.0739487
39 0.0616642
40 0.0647353
41 0.0824366
42 0.0728847
43 0.0657268
44 0.0574324
45 0.0546756
46 0.0601649
47 0.0696926
48 0.0671535
49 0.0713612
50 0.0723527
51 0.065219
52 0.0705148
53 0.0631877
54 0.0652432
55 0.058714
56 0.05898
57 0.0570213
58 0.0588833
59 0.0417382
