0 0.0586504
1 0.0826494
2 0.104535
3 0.144864
4 0.133673
5 0.15933
6 0.146357
7 0.175288
8 0.174376
9 0.173879
10 0.162024
11 0.17334
12 0.198748
13 0.183039
14 0.170065
15 0.169402
16 0.194852
17 0.220177
18 0.238912
19 0.228882
20 0.255243
21 0.244301
22 0.240197
23 0.258974
24 0.255741
25 0.25516
26 0.258725
27 0.288527
28 0.24944
29 0.219141
30 0.018279
31 0.0265688
32 0.0450551
33 0.0504021
34 0.0528476
35 0.0522258
36 0.0649507
37 0.0603498
38 0.0750642
39 0.0623394
40 0.0667744
41 0.082152
42 0.0735721
43 0.0665257
44 0.0584846
45 0.054091
46 0.0588162
47 0.0705463
48 0.0662356
49 0.0714167
50 0.0712509
51 0.0638316
52 0.067106
53 0.0597695
54 0.0636658
55 0.0590649
56 0.0574484
57 0.0551272
58 0.0570339
59 0.0416149
