0 0.0246878
1 0.0325201
2 0.0424017
3 0.0622864
4 0.0588764
5 0.0699567
6 0.0633069
7 0.0775785
8 0.0788583
9 0.0791013
10 0.0754402
11 0.0815231
12 0.0945797
13 0.0838072
14 0.0843012
15 0.0855081
16 0.0951467
17 0.109426
18 0.116052
19 0.111216
20 0.126881
21 0.119373
22 0.124613
23 0.13592
24 0.135807
25 0.140813
26 0.147551
27 0.172085
28 0.153707
29 0.145089
30 0.0107239
31 0.0142473
32 0.0197308
33 0.0219096
34 0.0226871
35 0.0205569
36 0.0252142
37 0.0231407
38 0.0288348
39 0.0257245
40 0.0266236
41 0.0327712
42 0.031532
43 0.0283083
44 0.0263239
45 0.0232946
46 0.0257893
47 0.0299201
48 0.0280005
49 0.0296285
50 0.0311837
51 0.0271744
52 0.0308921
53 0.0276279
54 0.0283083
55 0.0273201
56 0.0274335
57 0.0268099
58 0.0278871
59 0.0202734
