0 0.0347105
1 0.0501661
2 0.0609472
3 0.0826686
4 0.07875
5 0.0937282
6 0.0849959
7 0.0997951
8 0.0983033
9 0.0983629
10 0.095598
11 0.102023
12 0.116961
13 0.109363
14 0.1062
15 0.103475
16 0.118433
17 0.133949
18 0.145844
19 0.13554
20 0.154198
21 0.147037
22 0.149424
23 0.163706
24 0.164721
25 0.167565
26 0.169952
27 0.195612
28 0.173274
29 0.163547
30 0.0123526
31 0.01649
32 0.0261174
33 0.0268335
34 0.0297973
35 0.0292801
36 0.035904
37 0.0334971
38 0.0407774
39 0.0356653
40 0.0348696
41 0.044696
42 0.0400215
43 0.0365206
44 0.0322439
45 0.0304338
46 0.0332385
47 0.0394048
48 0.0372765
49 0.0403795
50 0.0407177
51 0.0352873
52 0.0395043
53 0.0357448
54 0.0385097
55 0.0357249
56 0.0346906
57 0.0330993
58 0.0365206
59 0.0270523
