0 0.0579566
1 0.0877852
2 0.102947
3 0.145954
4 0.137523
5 0.159416
6 0.138798
7 0.167068
8 0.16891
9 0.172524
10 0.165155
11 0.173232
12 0.203061
13 0.180459
14 0.170823
15 0.177342
16 0.19633
17 0.219711
18 0.240966
19 0.231189
20 0.250602
21 0.238628
22 0.23877
23 0.259459
24 0.257333
25 0.252657
26 0.251311
27 0.289996
28 0.252657
29 0.220703
30 0.0169335
31 0.0275613
32 0.045345
33 0.0530679
34 0.058736
35 0.0536347
36 0.0651127
37 0.063979
38 0.07404
39 0.0667422
40 0.066388
41 0.0857305
42 0.0747485
43 0.0664588
44 0.0560436
45 0.0500921
46 0.0599405
47 0.0698597
48 0.0631997
49 0.0705682
50 0.0674508
51 0.0605073
52 0.0642624
53 0.0624203
54 0.0633414
55 0.0614992
56 0.0578149
57 0.0546266
58 0.0557602
59 0.0393227
