0 0.0431912
1 0.0585785
2 0.0731642
3 0.10485
4 0.100009
5 0.115365
6 0.104096
7 0.12467
8 0.124466
9 0.125157
10 0.120631
11 0.126745
12 0.146218
13 0.132843
14 0.125676
15 0.130485
16 0.147696
17 0.168066
18 0.184144
19 0.172042
20 0.192239
21 0.180561
22 0.184569
23 0.199783
24 0.200569
25 0.199139
26 0.206777
27 0.234
28 0.206479
29 0.189001
30 0.0130925
31 0.0197724
32 0.0310417
33 0.0357884
34 0.0380202
35 0.0354898
36 0.0459103
37 0.0431284
38 0.0511599
39 0.0454231
40 0.0435685
41 0.0564095
42 0.0512071
43 0.047042
44 0.0407236
45 0.0394348
46 0.0425468
47 0.049431
48 0.0463976
49 0.0504684
50 0.0515686
51 0.0460204
52 0.0498082
53 0.0448101
54 0.0458946
55 0.0432856
56 0.0426883
57 0.0414152
58 0.0432227
59 0.0322834
