0 0.0576791
1 0.0845046
2 0.104045
3 0.141927
4 0.138498
5 0.158982
6 0.144241
7 0.177494
8 0.165667
9 0.172523
10 0.159325
11 0.167809
12 0.197035
13 0.188721
14 0.176723
15 0.169609
16 0.194292
17 0.216318
18 0.243401
19 0.231745
20 0.2536
21 0.237487
22 0.238773
23 0.262684
24 0.26637
25 0.250343
26 0.252143
27 0.29011
28 0.251028
29 0.220946
30 0.0187693
31 0.0276826
32 0.0425094
33 0.0522797
34 0.0521083
35 0.0473089
36 0.0623072
37 0.0579362
38 0.0746486
39 0.0627357
40 0.0632499
41 0.0793624
42 0.0719061
43 0.0636784
44 0.0531368
45 0.0564793
46 0.0617072
47 0.0728488
48 0.0669352
49 0.0679637
50 0.0700206
51 0.0643641
52 0.0707062
53 0.0613644
54 0.0662496
55 0.0627357
56 0.0602503
57 0.0580219
58 0.0548509
59 0.0399383
