0 0.056713
1 0.0796131
2 0.102155
3 0.143243
4 0.137125
5 0.155919
6 0.143463
7 0.167989
8 0.172233
9 0.171599
10 0.160521
11 0.174769
12 0.200479
13 0.177221
14 0.168541
15 0.172647
16 0.197062
17 0.222167
18 0.244654
19 0.232997
20 0.252012
21 0.237489
22 0.240134
23 0.257771
24 0.261491
25 0.255759
26 0.261795
27 0.287506
28 0.250937
29 0.218447
30 0.0170304
31 0.0265101
32 0.0462687
33 0.0512842
34 0.0537368
35 0.0522762
36 0.0664407
37 0.0627756
38 0.0736056
39 0.0635472
40 0.0664683
41 0.0850143
42 0.0750661
43 0.0657518
44 0.0566303
45 0.0523589
46 0.0590553
47 0.0688933
48 0.0666336
49 0.0716766
50 0.0727789
51 0.0639054
52 0.0683146
53 0.061756
54 0.0649802
55 0.0609843
56 0.0601301
57 0.0576224
58 0.0570988
59 0.042328
