0 0.0578487
1 0.0809173
2 0.104003
3 0.143356
4 0.13561
5 0.155338
6 0.144099
7 0.169462
8 0.171673
9 0.172534
10 0.16278
11 0.175116
12 0.19707
13 0.179739
14 0.166138
15 0.171403
16 0.198657
17 0.225657
18 0.241621
19 0.230534
20 0.255307
21 0.241149
22 0.241098
23 0.259594
24 0.258193
25 0.254329
26 0.263239
27 0.290526
28 0.254632
29 0.224459
30 0.0179048
31 0.0278275
32 0.0451078
33 0.0527524
34 0.0557899
35 0.0523474
36 0.066337
37 0.0606332
38 0.0745385
39 0.0638057
40 0.065257
41 0.0813899
42 0.0726315
43 0.0669952
44 0.0561274
45 0.0537143
46 0.0592156
47 0.0687165
48 0.0641264
49 0.0696277
50 0.0700327
51 0.0616626
52 0.0672821
53 0.0613251
54 0.063232
55 0.0609875
56 0.0594519
57 0.0554356
58 0.0563806
59 0.0406359
