0 0.0345255
1 0.0453327
2 0.0608663
3 0.0823367
4 0.0775238
5 0.0941526
6 0.084037
7 0.0989654
8 0.0989654
9 0.0997147
10 0.0944408
11 0.103259
12 0.117323
13 0.107208
14 0.103432
15 0.102625
16 0.117122
17 0.134154
18 0.144557
19 0.139629
20 0.160581
21 0.149053
22 0.153895
23 0.166287
24 0.166604
25 0.167181
26 0.173406
27 0.197671
28 0.174587
29 0.15842
30 0.012277
31 0.0170322
32 0.0248134
33 0.0293957
34 0.0309231
35 0.0293092
36 0.0352748
37 0.0327387
38 0.0403182
39 0.0362835
40 0.0356206
41 0.0459091
42 0.0408369
43 0.0375803
44 0.0327387
45 0.0330845
46 0.0345831
47 0.0396841
48 0.0359665
49 0.0408657
50 0.0410386
51 0.0365428
52 0.0406064
53 0.0355053
54 0.0372057
55 0.0340644
56 0.0341508
57 0.0334015
58 0.0362835
59 0.0273783
