0 0.0569151
1 0.0808306
2 0.108639
3 0.145625
4 0.139229
5 0.158324
6 0.149703
7 0.174546
8 0.17399
9 0.171023
10 0.161568
11 0.171858
12 0.201149
13 0.182147
14 0.165647
15 0.169633
16 0.192158
17 0.220986
18 0.243882
19 0.224694
20 0.255098
21 0.244809
22 0.242955
23 0.266778
24 0.257138
25 0.25482
26 0.26789
27 0.290879
28 0.255284
29 0.223211
30 0.0160363
31 0.0231739
32 0.0427327
33 0.0538561
34 0.0543196
35 0.050241
36 0.0685947
37 0.0615499
38 0.0763812
39 0.0641453
40 0.0638673
41 0.0847238
42 0.080089
43 0.064238
44 0.0571932
45 0.0550612
46 0.0617353
47 0.0714683
48 0.0672043
49 0.0679459
50 0.0710048
51 0.0620133
52 0.0669262
53 0.0594179
54 0.0649796
55 0.0596033
56 0.0613645
57 0.0583055
58 0.0565443
59 0.0419911
