0 0.057645
1 0.0824406
2 0.10382
3 0.143255
4 0.138215
5 0.159022
6 0.143981
7 0.173213
8 0.171791
9 0.173152
10 0.164526
11 0.174249
12 0.196138
13 0.181159
14 0.169612
15 0.17394
16 0.195907
17 0.220099
18 0.24069
19 0.229297
20 0.248929
21 0.235388
22 0.236408
23 0.256922
24 0.256288
25 0.255422
26 0.260817
27 0.287514
28 0.250985
29 0.22486
30 0.0176382
31 0.0262487
32 0.0448763
33 0.0500703
34 0.0532239
35 0.0512761
36 0.0655753
37 0.0597474
38 0.0730727
39 0.0638285
40 0.0651579
41 0.082116
42 0.0718824
43 0.0634575
44 0.0565939
45 0.0538577
46 0.0579697
47 0.0695945
48 0.0664564
49 0.0703365
50 0.0705375
51 0.0623599
52 0.068095
53 0.0616797
54 0.0640913
55 0.0586035
56 0.0584643
57 0.0565166
58 0.0571194
59 0.0410889
