0 0.0586809
1 0.0737148
2 0.100873
3 0.137245
4 0.129486
5 0.157129
6 0.155189
7 0.174588
8 0.178468
9 0.167798
10 0.160039
11 0.163919
12 0.187197
13 0.173618
14 0.162949
15 0.178952
16 0.203686
17 0.220175
18 0.236178
19 0.230844
20 0.252182
21 0.235209
22 0.258972
23 0.264306
24 0.245393
25 0.268186
26 0.265276
27 0.283705
28 0.243453
29 0.229389
30 0.0169738
31 0.0247333
32 0.0460718
33 0.0586809
34 0.0630456
35 0.0518914
36 0.0698351
37 0.0683802
38 0.0678952
39 0.0645005
40 0.0669253
41 0.0906887
42 0.085354
43 0.0683802
44 0.0538312
45 0.0581959
46 0.0557711
47 0.0601358
48 0.0635306
49 0.071775
50 0.07129
51 0.0703201
52 0.0630456
53 0.0528613
54 0.0586809
55 0.0548012
56 0.056741
57 0.056741
58 0.0548012
59 0.0455868
