0 0.0569038
1 0.0806055
2 0.100172
3 0.143072
4 0.13586
5 0.156215
6 0.143145
7 0.170662
8 0.171228
9 0.168545
10 0.158848
11 0.169358
12 0.199877
13 0.18127
14 0.171327
15 0.173812
16 0.19781
17 0.221216
18 0.238346
19 0.225277
20 0.248929
21 0.238223
22 0.245804
23 0.260645
24 0.25587
25 0.255772
26 0.257347
27 0.2873
28 0.25272
29 0.224415
30 0.0184839
31 0.0267536
32 0.0441792
33 0.0520059
34 0.0540241
35 0.0523505
36 0.0668472
37 0.0624169
38 0.0760276
39 0.0646567
40 0.0647059
41 0.0824514
42 0.0719911
43 0.0659119
44 0.0579375
45 0.0548117
46 0.0596357
47 0.0700714
48 0.066601
49 0.0694068
50 0.0706128
51 0.0619739
52 0.0682747
53 0.0619739
54 0.064189
55 0.0603741
56 0.0586266
57 0.0555009
58 0.0572976
59 0.0418902
