0.5 0 1
1.5 38 1
2.5 22165 0.999699
3.5 25699 0.824068
4.5 16972 0.620434
5.5 12660 0.485951
6.5 10471 0.385636
7.5 8134 0.302666
8.5 6332 0.238213
9.5 4895 0.18804
10.5 3952 0.149253
11.5 3160 0.117938
12.5 2639 0.0928987
13.5 2083 0.0719878
14.5 1691 0.0554825
15.5 1327 0.0420833
16.5 1056 0.0315684
17.5 820 0.0232009
18.5 624 0.0167034
19.5 458 0.0117589
20.5 337 0.00812982
21.5 241 0.0054595
22.5 179 0.00354986
23.5 99 0.0021315
24.5 57 0.00134705
25.5 32 0.00089539
26.5 41 0.000641828
27.5 21 0.000316952
28.5 8 0.000150552
29.5 5 8.71619e-05
30.5 1 4.75428e-05
31.5 2 3.9619e-05
32.5 1 2.37714e-05
33.5 2 1.58476e-05
