0.5 0 1
1.5 1 1
2.5 468 0.99999
3.5 25295 0.995468
4.5 16962 0.751056
5.5 12557 0.58716
6.5 10380 0.465829
7.5 8186 0.365532
8.5 6185 0.286435
9.5 4962 0.226672
10.5 3951 0.178727
11.5 3129 0.140551
12.5 2535 0.110317
13.5 2038 0.0858222
14.5 1633 0.0661301
15.5 1274 0.0503512
16.5 1057 0.0380412
17.5 810 0.027828
18.5 602 0.0200014
19.5 472 0.0141845
20.5 308 0.00962384
21.5 230 0.00664779
22.5 173 0.00442542
23.5 123 0.00275381
24.5 58 0.00156532
25.5 42 0.0010049
26.5 21 0.000599074
27.5 15 0.000396162
28.5 9 0.000251225
29.5 7 0.000164262
30.5 4 9.66249e-05
31.5 1 5.79749e-05
32.5 1 4.83124e-05
33.5 2 3.865e-05
34.5 2 1.9325e-05
