0.5 6 1
1.5 41555 0.999968
2.5 26199 0.779686
3.5 29850 0.640805
4.5 19854 0.48257
5.5 14705 0.377324
6.5 12199 0.299373
7.5 9386 0.234707
8.5 7370 0.184952
9.5 5722 0.145883
10.5 4641 0.115551
11.5 3743 0.0909491
12.5 2933 0.0711075
13.5 2472 0.0555597
14.5 1921 0.0424556
15.5 1531 0.0322724
16.5 1226 0.0241566
17.5 919 0.0176576
18.5 711 0.012786
19.5 519 0.00901698
20.5 404 0.00626577
21.5 291 0.00412417
22.5 187 0.00258158
23.5 123 0.0015903
24.5 65 0.000938275
25.5 38 0.000593711
26.5 32 0.000392273
27.5 19 0.000222642
28.5 9 0.000121923
29.5 5 7.42139e-05
30.5 3 4.77089e-05
31.5 4 3.18059e-05
32.5 2 1.0602e-05
