0 1 1
1 455.878 394.441
2 450.564 408.793
3 436.755 401.821
4 435.722 396.898
5 342.689 312.807
6 440.05 402.274
7 450.5 401.98
8 450.453 397.788
9 481.826 400.699
10 441.633 386.747
11 431.963 388.377
12 453.431 395.677
13 451.069 406.999
14 450.25 387.105
15 456.141 403.999
16 450.835 395.898
17 452.681 405.23
18 456.708 392.497
19 496.309 439.254
20 434.244 389.872
21 437.897 399.334
22 440.612 400.485
23 456.946 390.407
24 581.068 471.628
25 465.734 409.98
26 452.322 411.432
27 482.469 408.987
28 480.999 400.501
29 459.816 413.826
30 429.101 410.49
31 444.277 405.995
32 457.734 410.794
33 457.996 393.233
34 471.389 396.462
35 435.471 393.474
36 452.89 403.363
37 462.358 419.493
38 460.256 399.849
39 463.611 402.388
40 462.269 404.94
41 466.79 400.34
42 509.727 410.016
43 449.51 400.475
44 449.36 386.507
45 454.577 399.955
46 569.856 462.731
47 561.184 461.638
48 468.948 392.856
49 468.893 403
50 452.692 404.956
51 466.275 419.942
52 451.776 411.97
53 455.93 390.602
54 459.051 401.462
55 464.144 402.955
56 466.973 392.301
57 446.09 400.98
58 446.654 409.412
59 433.821 396.197
60 454.877 404.9
61 454.814 405.851
62 445.281 397.303
63 442.863 429
64 451.504 391.359
65 437.263 406.999
66 454.329 395.847
67 558.709 446.748
68 448.531 396.753
69 458.402 413.775
70 443.382 400.41
71 460.165 406.431
72 468.727 404.791
73 451.91 400.41
74 575.263 448.703
75 455.671 395.082
76 452.186 398.475
77 452.134 402.79
78 448.301 405.204
79 443.288 387.461
80 453.486 389.584
81 466.961 377.811
82 445.453 387.384
83 462.478 392.714
84 445.505 411.366
85 449.233 399.975
86 457.126 386.957
87 457.891 388.896
88 560.321 448.437
89 452.161 389.851
90 438.974 391.995
91 447.811 402.452
92 442.466 387.431
93 450.314 405.98
94 466.572 409.338
95 457.337 403.202
96 458.5 387.301
97 456.982 381.665
98 448.411 403.475
99 440.227 403.239
100 453.305 368.152
101 454.123 401.79
102 457.454 393.195
103 459.083 422.5
104 445.632 398.429
105 456.754 395.234
106 464.467 393.074
107 447.83 383.719
108 445.771 402.497
109 476.962 422.486
110 450.511 401.995
111 452.378 384.667
112 461.493 418.881
113 458.205 387.497
114 367.374 324.902
115 469.914 397.715
116 447.91 390.108
117 446.029 403.876
118 462.56 406.411
119 457.897 394.897
120 437.44 384.427
121 480.498 389.954
122 445.528 384.87
123 440.908 402.995
124 446.482 405.956
125 461.298 401.475
126 437.543 388.844
127 451.836 391.014
128 452.579 392.11
129 453.89 399.088
130 430.86 402.995
131 427.528 395.497
132 449.84 392.439
133 464.002 396.938
134 441.069 378.574
135 474.468 413.97
136 443.98 389.783
137 554.874 484.138
138 447.734 399.92
139 464.493 397.271
140 441.292 391.816
141 431.11 389.537
142 458.815 393.484
143 441.714 402.641
144 451.402 403.274
145 458.421 397.198
146 483.425 438.178
147 456.684 385.484
148 427.434 377.5
149 445.853 400.2
150 460.505 401.447
151 452.316 412.999
152 446.027 383.967
153 442.45 397.069
154 432.344 384.579
155 600.645 464.789
156 449.929 392.384
157 447.292 404.999
158 464.478 405.307
159 451.863 402.462
160 473.424 408.935
161 448.865 390.607
162 459.848 402.999
163 456.611 389.995
164 450.463 388.196
165 458.041 404.336
166 440.766 393.492
167 428.742 384.87
168 445.713 385.227
169 463.478 389.15
170 445.006 407.94
171 460.439 405.569
172 458.166 393.385
173 458.961 384.383
174 454.438 397.637
175 445.242 404.077
176 464.99 417.485
177 558.886 436.688
178 433.564 395.968
179 450.946 395.97
180 459.996 400.117
181 484.485 435.546
182 433.22 438.333
183 462.999 408.167
184 450.813 398.485
185 440.926 404.492
186 434.068 395.492
187 455.417 407.448
188 460.795 396.235
189 432.014 383.578
190 452.4 390.062
191 446.748 396.235
192 437.438 382.717
193 424.118 395.447
194 439.625 413.957
195 445.087 399.849
196 427.981 386.374
197 429.866 403.969
198 577.412 472.853
199 454.454 407.989
200 460.869 416.464
201 448.776 382.492
202 460.817 400.41
203 620.523 509.525
204 462.742 402.462
205 430.6 401.876
206 456.684 400.2
207 446.96 386.533
208 450.329 381.185
209 427.759 402.995
210 446.739 399.279
211 439.709 392.384
212 444.155 398.409
213 439.067 388.01
214 450.307 398.462
215 450.4 377.471
216 461.044 398.92
217 443.824 398.92
218 432.689 385.427
219 454.731 389.629
220 533.996 440.944
221 438.509 388.426
222 449.032 386.383
223 452.414 409.338
224 561.092 458.944
225 452.871 405.389
226 467.819 385.625
227 455.038 407.475
228 451.866 393.385
229 451.003 394.018
230 445.78 398.955
231 452.866 406.497
232 465.158 403.12
233 436.796 400.447
234 435.752 385.147
235 456.467 404.275
236 436.188 391.631
237 573.934 494.465
238 449.889 401.98
239 448.25 387.789
240 445.325 394.543
241 464.968 389.33
242 447.972 403.791
243 451.597 397.492
244 448.715 401.49
245 459.947 390.712
246 455.546 419.45
247 457.237 395.544
248 467.75 416.464
249 456.493 387.627
250 459.439 415.247
251 453.268 404.633
252 472.488 412.463
253 464.87 390.331
254 365.981 347.793
255 463.241 394.408
256 463.271 394.5
257 448.118 385.58
258 436.291 399.939
259 448.096 389.783
260 453.453 372.486
261 453.802 401.756
262 458.423 398.116
263 455.469 404.497
264 443.93 398.638
265 424.405 390.918
266 458.886 408.999
267 454.421 413.476
268 427.729 385.406
269 452.122 386.626
270 464.422 406.475
271 461.323 398.334
272 456.482 407.365
273 457.734 387.747
274 422.697 407.823
275 450.12 396.969
276 458.589 397.848
277 458.169 398.939
278 452.414 395.995
279 440.837 406.475
280 521.966 442.654
281 440.822 396.485
282 470.932 395.919
283 436.742 397.945
284 448.849 401.335
285 438.445 387.535
286 486.193 389.806
287 438.999 426.371
288 453.268 395.462
289 461.402 426.803
290 426.486 398.955
291 434.779 396.361
292 543.889 448.641
293 451.868 384.427
294 447.634 397.593
295 459.467 398.989
296 447.634 397.447
297 494.002 441.817
298 443.272 391.385
299 457.237 409.431
300 458.891 402.876
301 463.09 402
302 469.28 422.45
303 445.354 394.387
304 437.167 395.113
305 459.402 412.497
306 448.399 405.9
307 453.682 391.937
308 439.638 399.68
309 454.329 402.43
310 459.356 397.115
311 465.487 394.786
312 454.227 413.989
313 458.667 407.999
314 433.35 397.198
315 457.424 407.431
316 447.321 402.503
317 444.522 401.79
318 471.468 392.491
319 463.611 392.995
320 469.404 382.183
321 446.677 396.819
322 467.423 407.389
323 434.21 393.989
324 448.596 392.194
325 459.787 395.27
326 463.735 425
327 469.359 413.361
328 443.178 400.899
329 445.771 400.98
330 451.856 404.94
331 452.011 406.989
332 449.946 402.162
333 450.207 395.113
334 448.126 393.817
335 449.68 388.358
336 470.792 388.224
337 444.359 405.5
338 628.77 498.899
339 466.478 403.497
340 452.115 413.432
341 464.564 400.875
342 506.196 460.618
343 455.58 397.848
344 447.539 401.955
345 456.414 404.03
346 464.276 413.485
347 596.697 477.326
348 436.17 393.968
349 435.339 401.999
350 449.466 398.5
351 435.431 397.335
352 451.723 389.064
353 459.848 412.463
354 466.973 411.514
355 463.271 412.956
356 452.473 410.995
357 441.821 390.2
358 453.365 396.086
359 450.067 385.845
360 466.846 401.871
361 441.288 410.485
362 464.304 412.65
363 464.144 412.992
364 434.458 390.231
365 466.99 391.75
366 453.417 399.279
367 474.62 399.237
368 434.627 376.776
369 535.044 440.014
370 454.922 388.428
371 443.107 408.463
372 453.238 408
373 458.301 397.678
374 465.033 395.787
375 444.118 393.36
376 442.916 395.938
377 442.999 401.475
378 469.224 409.463
379 458.996 406.984
380 450.4 401.451
381 438.488 396.02
382 455.996 406.411
383 568.867 457.275
384 447.324 398.898
385 462.913 393.54
386 460.054 402.989
387 444.118 367.008
388 440.227 393.954
389 459.204 400.025
390 445.928 381.185
391 460.999 383.262
392 577.451 460.071
393 562.414 436.077
394 447.992 400.98
395 432.441 396.485
396 447.848 394.611
397 459.489 439.46
398 487.51 381.686
399 463.326 391.713
400 465.566 401.899
401 441.348 391.385
402 476.179 387.484
403 453.841 394.066
404 480.916 445.844
405 450.988 397.021
406 441.448 394.269
407 447.392 393.98
408 459.32 413.367
409 465.961 418.989
410 452.791 403.683
411 433.35 410.922
412 450.314 399.41
413 446.576 384.427
414 404.163 362.647
415 454.414 404.877
416 460.595 413.28
417 458.891 392.588
418 460.33 410.938
419 601.825 477.886
420 465.132 407.308
421 453.991 399.41
422 451.868 383.719
423 460.422 389.299
424 448.885 392.316
425 452.94 411
426 462.688 407.448
427 455.977 398.198
428 458.792 409.956
429 575.222 460.808
430 417.273 380.894
431 454.242 405.969
432 552.85 434.051
433 441.235 436.587
434 439.044 400.999
435 444.292 405.307
436 460.999 412.432
437 430.153 399.5
438 453.946 400.92
439 440.4 389.261
440 455.733 412.485
441 450.779 401.92
442 467.478 393.98
443 443.621 412.826
444 452.996 419.815
445 448.016 405.989
446 450.333 411.995
447 456.164 407.124
448 435.465 398.475
449 440.672 393.799
450 457.126 408.995
451 457.471 421.924
452 470.162 421.414
453 546.114 443.014
454 581.211 477.59
455 441.769 403.757
456 459.265 413.989
457 453.606 391.437
458 441.591 411.169
459 450.042 410.999
460 437.264 391.461
461 435.827 392.492
462 475.996 410.77
463 472.277 402.189
464 444.176 404.475
465 463.562 397.98
466 451.486 397.446
467 495.733 386.937
468 455.246 405.5
469 451.049 402.98
470 421.16 389.497
471 458.735 398.955
472 433.157 394.441
473 460.265 407.956
474 453.643 402
475 452.982 403.817
476 452.601 386.725
477 450.759 401.485
478 463.755 396.429
479 464.455 386.43
480 457.471 403.492
481 440.822 407.823
482 448.491 402.274
483 458.803 404.851
484 461.303 398.447
485 446.839 387.727
486 458.792 393.154
487 472.932 417.781
488 458.263 395.474
489 453.892 407.76
490 443.497 381.327
491 560.164 448.199
492 463.17 391.911
493 449.555 400.462
494 463.853 406.431
495 438.828 392.497
496 444.155 387.67
497 448.232 398.679
498 579.505 453.354
499 444.749 405.931
500 465.097 401.935
501 459.042 384.48
502 435.431 395.5
503 448.832 390.267
504 473.384 414.941
505 455.328 391.535
506 457.884 406.364
507 441.912 399.462
508 446.766 398.497
509 469.979 408.956
510 466.482 400.955
511 448.196 431.179
512 461.476 397.386
513 461.567 400.955
514 442.284 390
515 451.311 398.989
516 440.605 384.999
517 446.994 390.872
518 451.003 409.412
519 466.983 416.368
520 455.201 377.77
521 448.554 402.955
522 450.413 397.819
523 457.786 395.999
524 446.945 380.042
525 459.394 400.939
526 463.757 410.606
527 440.375 400.989
528 460.844 421.729
529 436.742 375.497
530 463.093 399.447
531 551.176 442.294
532 622.286 487.479
533 454.192 404.475
534 447.093 401.681
535 463.439 398.921
536 454.138 400.869
537 447.191 392.428
538 471.983 408.475
539 555.899 462.376
540 439.625 408.497
541 454.841 390.108
542 457.467 397.999
543 452.407 397.969
544 455.961 408.969
545 460.739 408.034
546 465.332 405.497
547 607.86 500.775
548 434.161 392.461
549 450.067 409.409
550 449.353 376.867
551 453.841 399.485
552 462.892 395.333
553 449.353 388.191
554 444.456 400.5
555 457.912 404.475
556 466.804 393.301
557 583.357 489.314
558 449.177 410.431
559 456.25 406.5
560 454.41 398.955
561 455.982 398.271
562 446.469 400.43
563 621.916 527.855
564 527.89 453.555
565 440.045 408.338
566 446.631 396.447
567 441.615 388.106
568 460.973 400.899
569 439.067 395.386
570 459.356 417.392
571 437.894 385.264
572 458.598 403
573 456.911 381.366
574 449.533 393.785
575 448.509 400.869
576 441.112 393.919
577 440.704 391.816
578 461.74 410.485
579 470.847 422.697
580 450.889 388.729
581 588.681 479.216
582 440.66 411.497
583 461.983 390.909
584 447.929 401.305
585 444.88 405.956
586 431.635 399.334
587 452.354 395.492
588 449.466 408.338
589 459.816 398.023
590 465.132 411.607
591 442.103 405.204
592 454.269 396.148
593 450.4 393.738
594 452.911 409.39
595 454.957 410.97
596 562.146 456.795
597 434.782 387.988
598 444.909 389.937
599 567.613 458.263
600 455.249 394.954
601 433.508 388.664
602 467.384 401.222
603 452.161 385.328
604 463.853 411.922
605 454.93 400.976
606 461.621 409.365
607 462.961 394.27
608 450.641 403.85
609 430.349 391.5
610 462.495 413
611 329.594 302.974
612 430.205 401.849
613 429.65 388.906
614 452.692 418.981
615 443.649 395.5
616 467.483 406.556
617 445.99 418.605
618 443.398 385.188
619 444.659 394.497
620 467.423 404.6
621 427.163 393.474
622 440.014 392.714
623 450.716 391.231
624 430.102 390.461
625 453.892 399.272
626 449.453 392.966
627 627.395 476.424
628 477.933 408.793
629 446.5 393.934
630 441.581 400.639
631 457.347 407.5
632 439.99 376.102
633 551.543 464.193
634 458.803 397.485
635 451.212 409.852
636 447.296 401.849
637 451.905 408.463
638 461.99 387.969
639 456.316 403.43
640 476.921 405.167
641 469.616 446.002
642 439.989 400.92
643 451.947 403.286
644 457.424 399.755
645 459.493 389.602
646 436.894 395.386
647 443.404 395.272
648 448.749 390.323
649 468.871 392.751
650 452.195 413.492
651 450.643 390.995
652 461.21 401.899
653 461.74 398.278
654 444.931 391.918
655 464.381 400.756
656 457.754 401.273
657 451.972 374.956
658 460.901 403.822
659 468.359 401.756
660 455.478 393.474
661 416.611 373.999
662 440.227 398.636
663 450.794 403.306
664 443.887 396.636
665 468.914 411.169
666 448.937 393.919
667 470.914 399.969
668 454.313 375.766
669 462.303 403.695
670 448.531 402.5
671 458.205 401.821
672 462.467 414.492
673 609.603 472.85
674 454.731 399.969
675 470.821 405.448
676 449.51 399.595
677 447.711 402.475
678 461.269 403.448
679 431.889 410.177
680 450.955 404.275
681 451.868 396.333
682 446.385 395.939
683 465.158 413.432
684 445.282 384.78
685 468.051 398.754
686 458.996 396.496
687 454.682 389.06
688 443.351 390.151
689 443.712 399.088
690 541.332 422.319
691 444.463 400.262
692 447.997 410.431
693 450.75 380.894
694 459.983 397.972
695 448.174 405.555
696 394.173 372.991
697 439.493 411.5
698 430.558 407.922
699 435.668 391.193
700 457.417 402.552
701 467.101 395.443
702 446.352 386.844
703 462.498 397.429
704 433.207 379.355
705 695.974 557.125
706 449.233 407.276
707 444.747 388.671
708 432.586 377.997
709 475.523 425.958
710 449.326 396.148
711 445.548 390.331
712 545.791 451.664
713 468.386 406.032
714 434.373 400.92
715 465.435 404.851
716 447.972 397.788
717 474.579 392.331
718 441.647 381.779
719 463.303 405.078
720 459.086 395.019
721 467.959 400.756
722 453.698 411.941
723 472.848 405.723
724 434.58 404.758
725 451.414 407.389
726 437.832 389.908
727 458.166 402.809
728 456.93 394.995
729 454.438 397.083
730 429.986 397.271
731 552.956 461.285
732 443.026 394.59
733 446.829 394.818
734 449.863 400.849
735 435.633 402.955
736 452.244 404
737 445.945 378.14
738 443.848 396.919
739 475.321 406.921
740 425.072 395.938
741 452.49 397.492
742 447.117 400.719
743 460.747 405.463
744 445.524 410.299
745 456.377 401.79
746 564.275 498.959
747 435.899 392.938
748 430.964 381.916
749 443.712 398.271
750 437.589 392.139
751 476.5 396.274
752 468.932 395.98
753 435.81 407.365
754 456.605 396.114
755 470.973 396.496
756 452.725 406.497
757 497.514 380.358
758 455.2 401.238
759 447.786 391.855
760 453.954 396.863
761 450.684 407.492
762 470.906 413.171
763 560.44 457.799
764 449.099 414.413
765 429.753 387.71
766 461.402 398.995
767 452.725 393.817
768 466.504 406.308
769 432.982 377.702
770 457.329 391.796
771 575.783 489.8
772 451.478 437.909
773 451.781 389.962
774 448.219 409.989
775 431.861 390.446
776 448.096 395.462
777 464.684 394.954
778 461.025 411.475
779 448.937 404.697
780 469.335 436.944
781 607.617 491.469
782 522.414 407.88
783 453.12 388.461
784 447.58 417.282
785 431.663 392.817
786 501.159 393.968
787 457.301 396.636
788 446.631 397.462
789 437.286 399.922
790 459.686 390.672
791 439.443 403.939
792 466.5 406.103
793 454.401 410.648
794 452.941 399.789
795 429.753 393.154
796 448.016 423.903
797 446.668 396.969
798 454.728 413.775
799 445.316 407.956
800 453.41 398.158
801 442.596 391.382
802 437.349 394.208
803 537.435 413.217
804 455.246 402.989
805 501.473 459.594
806 449.099 389.497
807 474.384 396.474
808 441.737 400.22
809 448.658 388.428
810 446.058 416.97
811 446.654 388.994
812 453.196 396.429
813 447.466 393.5
814 456.493 406.759
815 447.124 399.939
816 521.776 419.027
817 566.117 438.064
818 454.367 378.352
819 453.996 400.396
820 462.619 396.5
821 438.725 405.823
822 481.182 417.413
823 638.057 548.109
824 539.944 430.957
825 445.165 395.919
826 450.438 399.639
827 461.426 405.431
828 439.398 396.27
829 464.381 393.328
830 461.609 411.464
831 453.559 397.637
832 466.482 402.41
833 463.562 404.5
834 444.527 392.999
835 439.36 392.912
836 461.844 390.533
837 467.5 400.752
838 438.178 397.92
839 426.876 387.979
840 456.042 410.463
841 449.938 402.5
842 461.75 410.956
843 449.4 386.871
844 458.564 402.306
845 443.709 396.497
846 452.665 394.446
847 466.653 408.431
848 464.241 403.274
849 446.715 393.385
850 464.956 402.239
851 462.325 417.903
852 437.832 393.675
853 442.863 399.395
854 457.164 395.955
855 674.2 570.624
856 472.914 402.955
857 454.973 391.535
858 476.962 398.116
859 458.263 387.407
860 444.263 382.368
861 444.927 400.43
862 433.895 387.918
863 426.345 365.602
864 449.715 394.715
865 370.169 344.546
866 426.486 389.968
867 449.791 398.898
868 449.308 399.995
869 448.999 398.304
870 454.992 393.268
871 435.515 384.783
872 442.436 427.378
873 447.761 400.849
874 450.955 389.06
875 462.498 394.018
876 449.065 399.497
877 956.882 726.939
878 523.032 449.223
879 379.774 339.853
880 461.723 408.922
881 465.759 386.588
882 455.487 384.531
883 456.014 395.333
884 431.625 398.955
885 434.222 384.624
886 450.662 398.498
887 571.398 447.634
888 442.819 403.448
889 449.189 400.98
890 450.662 392.331
891 441.462 396.274
892 491.145 451.686
893 445.505 405.851
894 464.789 410
895 449.64 384.587
896 435.621 391.784
897 455.961 414.764
898 366.541 332.806
899 446.783 385.428
900 444.292 399.272
901 457.712 393.873
902 558.211 453.114
903 444.263 405.354
904 467.819 382.577
905 448.464 396.429
906 452.42 403.497
907 459.565 384.445
908 450.022 384.48
909 459.38 403.9
910 455.498 383.406
911 434.337 393.589
912 458.589 404.099
913 462.153 404.228
914 440.908 388.844
915 448.558 400.98
916 445.81 396.197
917 461.487 393.714
918 430.318 448.999
919 447.03 404.364
920 443.17 403.41
921 466.983 412.902
922 454.266 404.822
923 507.769 462.895
924 456.316 382.052
925 439.761 393.44
926 448.399 411.989
927 445.299 378.259
928 431.875 395.447
929 415.652 377.38
930 451.331 417.66
931 467.478 404.633
932 446.184 390.446
933 447.265 381.895
934 455.683 385.658
935 464.431 402.927
936 441.262 400.021
937 465.527 403.463
938 462.206 397.334
939 444.627 389.995
940 456.344 402.721
941 447.539 395.333
942 487.494 406.956
943 460.487 400.447
944 448.929 397.92
945 435.515 386.383
946 402.467 365.995
947 599.335 479.24
948 463.379 405.921
949 467.455 387.841
950 467.91 409.448
951 448.861 392.331
952 457.606 397.021
953 448.885 390.63
954 443.824 401.497
955 441.912 399.475
956 451.234 397.754
957 438.221 407.233
958 457.55 377.776
959 583.191 456.121
960 467.99 402.274
961 460.209 388.299
962 469.962 409.605
963 441.348 377.915
964 448.776 387.535
965 452.199 402.552
966 591.735 468.279
967 447.486 412.412
968 465.957 401.756
969 674.507 539.109
970 447.972 391.816
971 544.247 453.784
972 442.192 396.636
973 453.073 412.279
974 469.404 395.332
975 558.423 482.767
976 450.679 401.238
977 448.782 399.195
978 451.561 407.166
979 455.5 393.154
980 444.376 387.999
981 455.671 420.362
982 298.097 308.5
983 472.176 404.336
984 456.981 407.497
985 460.672 395.818
986 448.676 414.957
987 451.781 391.492
988 446.945 393.44
989 444.611 404.411
990 460.516 393.233
991 458.589 408.497
992 448.596 386.407
993 455.753 404.981
994 456.344 397.447
995 445.713 405.699
996 446.427 417.798
997 440.418 399.719
998 445.909 388.461
999 458.699 420.5
1000 450.18 394.112
1001 366.156 336.702
1002 450.438 390
1003 445.12 391.492
1004 434.58 390.461
1005 463.87 393.017
1006 475.247 400.156
1007 444.55 394.018
1008 448.303 397.198
1009 436.629 400.492
1010 452.438 384.005
1011 453.727 399.92
1012 457.843 398.638
1013 449.72 387.598
1014 485.232 441.469
1015 429.151 408.485
1016 470.5 400.45
1017 562.352 448.763
1018 446.482 399.492
1019 448.128 401.969
1020 458.472 431.136
1021 447.409 397.021
1022 462.601 413.763
1023 443.988 414.826
1024 447.884 401.026
1025 423.925 390.98
1026 440.643 400.92
1027 437.169 402.921
1028 442.05 394.98
1029 455.379 393.914
1030 454.438 409.999
1031 461.268 396.068
1032 451.68 402.363
1033 451.198 389.815
1034 459.261 409.492
1035 437.794 403.388
1036 469.914 408.475
1037 436.835 399.237
1038 458.319 408.901
1039 439.352 392.714
1040 458.735 420.476
1041 443.709 410.463
1042 466.44 421.464
1043 445.78 382.528
1044 470.728 406.411
1045 566.66 451.561
1046 443.371 406.364
1047 448.531 393.914
1048 568.894 461.261
1049 446.243 387.959
1050 433.096 383.936
1051 413.519 386.008
1052 480.949 434.997
1053 449.887 416.368
1054 458.51 406.98
1055 452.08 407.823
1056 445.78 393.017
1057 431.56 379.936
1058 464.845 399
1059 466.487 396.27
1060 457.471 402.346
1061 465.284 427.925
1062 461.522 398.547
1063 442.741 397.788
1064 470.981 395.999
1065 452.195 396.545
1066 454.487 388.711
1067 520.774 450.044
1068 556.841 450.719
1069 438.631 402.119
1070 455.454 410.463
1071 451.722 400.681
1072 458.419 411.562
1073 587.588 478.582
1074 455.609 391.492
1075 442.929 401.98
1076 550.672 464.629
1077 450.033 387.814
1078 445.853 395.019
1079 463.961 404.43
1080 454.944 399.595
1081 464.487 401.024
1082 456.982 408.647
1083 472.046 439.19
1084 573.547 468.894
1085 449.119 393.954
1086 463.001 408.5
1087 455.478 399.5
1088 482.586 413.134
1089 454.414 404.03
1090 482.195 406.458
1091 445.652 394.847
1092 441.837 385.188
1093 464.968 388.871
1094 431.437 397.972
1095 448.852 411.607
1096 454.081 405.685
1097 433.669 391.3
1098 441.547 385.056
1099 434.967 396.711
1100 480.31 401.502
1101 473.212 435.61
1102 440.466 429.535
1103 449.94 410.449
1104 462.325 410.475
1105 444.77 400.719
1106 471.847 404.995
1107 451.889 405.82
1108 448.885 395.874
1109 450.307 402.497
1110 463.093 404.411
1111 451.069 406.956
1112 463.43 386.057
1113 452.558 389.845
1114 448.232 381.895
1115 436.188 427.94
1116 449.189 398.748
1117 451.96 391.014
1118 439.925 391.673
1119 443.193 385.781
1120 455.683 404.999
1121 464.689 396.497
1122 433.908 400.899
1123 457.53 396.98
1124 461.487 401.813
1125 443.455 405.364
1126 457.613 392.384
1127 460.302 399.939
1128 397.647 344.195
1129 435.345 392.36
1130 567.173 452.029
1131 443.155 383.829
1132 439.252 404.989
1133 458.755 403.239
1134 454.115 397.115
1135 416.411 393.751
1136 453.514 403.721
1137 462.798 399.789
1138 454.313 391.853
1139 457.487 398.152
1140 457.237 388.358
1141 448.303 396.919
1142 463.467 394.676
1143 430.679 404.554
1144 445.524 394.816
1145 461.851 396.805
1146 472.229 404.163
1147 550.068 455.671
1148 456.3 390.013
1149 470.245 435.717
1150 458.019 396.333
1151 438.886 386.445
1152 455.498 390.585
1153 443.026 399.719
1154 442.845 383.119
1155 447.997 389.497
1156 467.498 392.194
1157 457.143 412.923
1158 452.89 402.346
1159 444.931 393.111
1160 458.899 404.388
1161 444.981 392.5
1162 459.947 383.624
1163 460.99 391.088
1164 440.84 385.188
1165 460.375 404.455
1166 426.615 393.785
1167 448.25 405.94
1168 467.277 397.678
1169 452.671 410.853
1170 455.194 400.756
1171 448.453 386.192
1172 461.467 395.474
1173 423.254 422.989
1174 439.372 391.193
1175 559.725 453.149
1176 555.419 445.853
1177 449.019 419.995
1178 455.582 415.485
1179 448.778 404.336
1180 436.587 430.393
1181 453.222 397.235
1182 440.745 382.382
1183 558.484 441.061
1184 465.003 411.727
1185 441.843 397.972
1186 463.331 397.334
1187 465.931 400.447
1188 438.297 389.937
1189 464.801 409.475
1190 438.671 378.65
1191 452.199 409.082
1192 441.876 374.231
1193 473.793 397.492
1194 438.777 390.384
1195 465.983 398.875
1196 459.167 389.769
1197 448.062 394.847
1198 436.688 391.437
1199 468.996 398.429
1200 454.478 414.476
1201 451.597 407.989
1202 454.472 400.5
1203 467.871 402.757
1204 467.487 398.409
1205 647.704 548.078
1206 559.577 444.359
1207 514.526 419.594
1208 443.466 426.943
1209 470.761 436.605
1210 452.405 410.956
1211 438.268 399.989
1212 455.947 397.969
1213 459.265 407.901
1214 468.423 409.995
1215 442.647 385.52
1216 458.277 382.225
1217 532.105 429.034
1218 451.466 385.746
1219 440.908 399.92
1220 452.486 386.104
1221 443.178 385.59
1222 463.999 392.737
1223 445.407 400.995
1224 723.374 581.028
1225 444.23 390.937
1226 436.755 394.897
1227 451.868 415.5
1228 453.081 397.848
1229 470.755 415.497
1230 463.478 408.558
1231 469.383 430.393
1232 454.41 398.236
1233 466.468 382.247
1234 456.27 390.988
1235 510.931 448.416
1236 455.027 408.725
1237 475.214 411.366
1238 449.462 401.305
1239 444.981 390.712
1240 460.931 400.2
1241 448.788 401.074
1242 458.886 394.233
1243 465.856 444.799
1244 462.852 395.302
1245 625.421 528.763
1246 449.778 393.714
1247 432.608 406.497
1248 444.675 423.758
1249 448.307 391.846
1250 484.426 456.099
1251 601.228 483.897
1252 437.034 406.645
1253 458.886 405.877
1254 455.947 407.5
1255 451.069 403.999
1256 458.983 392.36
1257 438.836 397.546
1258 458.721 398.848
1259 438.924 398.334
1260 471.729 408.463
1261 381.051 341.491
1262 456.999 389.261
1263 457.948 414.981
1264 442.674 387.298
1265 549.854 441.554
1266 446.934 410.688
1267 454.603 399.159
1268 565.713 464.687
1269 451.567 403.9
1270 446.355 406.969
1271 453.196 402.363
1272 455.42 409.365
1273 454.996 387.329
1274 451.664 402.452
1275 461.493 401.939
1276 443.748 419.5
1277 466.804 394.408
1278 427.995 383.842
1279 443.709 383.479
1280 447.124 396.447
1281 450.18 397.475
1282 453.784 404.463
1283 455.027 404.995
1284 466.535 411.853
1285 463.09 413.763
1286 452.665 416.941
1287 457.498 391.964
1288 445.881 388.664
1289 449.397 401.989
1290 468.498 395.97
1291 440.346 388.484
1292 446.211 411.825
1293 426.338 398.198
1294 454.163 390.999
1295 442.596 400.272
1296 470.846 413.432
1297 438.086 389.107
1298 593.789 482.004
1299 446.211 406.5
1300 469.423 402.98
1301 441.153 395.443
1302 473.308 404.497
1303 457.563 402.815
1304 333.611 323.252
1305 446.888 400.41
1306 450.617 391.5
1307 468.893 404.506
1308 454.454 419.995
1309 452.253 407.969
1310 447.215 399.995
1311 422.469 387.484
1312 451.717 435.141
1313 451.557 399.237
1314 464.207 410.999
1315 462.869 391.428
1316 461.99 393.206
1317 636.748 506.488
1318 429.057 394.862
1319 438.76 391.539
1320 442.746 436.033
1321 455.498 401.978
1322 445.295 410
1323 436.436 406.878
1324 452.604 400.989
1325 455.609 407.94
1326 458.786 396.27
1327 577.261 492.256
1328 445.664 407.365
1329 461.74 404.5
1330 459.167 398.158
1331 435.393 390.784
1332 470.948 410.5
1333 453.643 405
1334 448.885 403.363
1335 567.796 469.843
1336 450.267 399.639
1337 448.393 395.97
1338 440.766 396.328
1339 450.988 396.848
1340 450.773 406.98
1341 454.487 390.853
1342 385.699 340.592
1343 459.206 405.5
1344 549.257 482.703
1345 450.006 404.24
1346 540.109 426.279
1347 463.651 390.231
1348 448.493 391.267
1349 453.235 398.429
1350 431.21 397.361
1351 426.127 396.938
1352 457.947 383.124
1353 455.911 389.012
1354 442.837 400.869
1355 570.684 450.566
1356 577.723 461.136
1357 451.308 394.386
1358 457.948 430.516
1359 446.637 394.543
1360 444.277 398.5
1361 454.56 398.547
1362 448.648 401.876
1363 572.294 457.242
1364 461.478 401.502
1365 451.311 392.232
1366 437.637 389.908
1367 465.957 407.431
1368 445.705 398.462
1369 468.244 393.633
1370 447.982 378.89
1371 452.234 401.475
1372 466.332 394.269
1373 451.105 405.475
1374 460.795 386.953
1375 553.661 466.952
1376 456.125 390.267
1377 469.493 406.431
1378 437.36 404.956
1379 448.749 393.967
1380 444.522 389.461
1381 458.519 393.469
1382 443.833 394
1383 524.079 462.05
1384 453.87 403.9
1385 459.617 402.201
1386 455.164 393.858
1387 441.908 393.24
1388 433.322 394.429
1389 433.32 385.504
1390 455.2 400.789
1391 464.983 402.448
1392 461.519 418.766
1393 423.178 422.327
1394 471.847 420.733
1395 449.715 406.999
1396 450.307 404.463
1397 454.719 397.874
1398 446.576 408.824
1399 445.81 402.462
1400 447.941 396.114
1401 447.321 401.485
1402 434.914 401.999
1403 455.961 400.43
1404 473.487 402.921
1405 487.738 403.969
1406 469.973 399.687
1407 455.328 397.391
1408 455.118 413
1409 448.219 403.721
1410 460.787 393.995
1411 458.792 397.361
1412 445.78 395.474
1413 457.165 396.616
1414 496.07 410.475
1415 451.161 382.747
1416 443.452 384.983
1417 445.996 387.627
1418 438.944 414.818
1419 464.403 391.872
1420 472.36 396.386
1421 458.815 417.999
1422 456.982 395.847
1423 459.493 391.75
1424 574.121 454.227
1425 457.467 393.233
1426 550.618 438.602
1427 467.616 409.995
1428 456.732 393.332
1429 464.439 398.07
1430 491.53 453.449
1431 452.665 405.956
1432 468.359 402.598
1433 456.961 394.155
1434 439.276 402.876
1435 425.012 396.068
1436 458.973 383.906
1437 459.513 404.822
1438 442.343 406.5
1439 457.939 408.969
1440 443.699 409.497
1441 454.785 403.928
1442 461.454 402.969
1443 456.47 411.981
1444 467.57 421.343
1445 449.397 400.335
1446 450.23 338.904
1447 442.96 399.875
1448 463.498 386.846
1449 454.41 415.312
1450 452.453 389.06
1451 571.702 453.482
1452 463.966 416.432
1453 451.866 397.92
1454 453.808 403.921
1455 463.983 409.937
1456 454.478 402
1457 453.42 398.999
1458 453.467 406.851
1459 467.983 388.628
1460 466.035 401.955
1461 460.849 415.449
1462 456.237 395.146
1463 444.455 393.474
1464 467.572 401.999
1465 448.247 383.906
1466 459.439 394.818
1467 461.269 409.94
1468 495.354 413.775
1469 447.672 400.55
1470 453.017 391.954
1471 480.181 402.448
1472 446.839 401.026
1473 449.226 396.429
1474 443.541 395.325
1475 447.672 400.939
1476 452.473 387.995
1477 435.81 401.989
1478 445.982 405.851
1479 558.048 449.9
1480 446.231 395.861
1481 454.257 404.94
1482 444.922 402.492
1483 445.87 405.204
1484 469.437 405.877
1485 446.888 398.429
1486 440.908 383.988
1487 440.15 390.968
1488 424.674 384.843
1489 446.626 399.41
1490 454.328 397.271
1491 456.526 406.389
1492 453.111 407.898
1493 452.725 403.454
1494 456.27 400.875
1495 480.337 410.989
1496 449.159 405.759
1497 438.835 376.704
1498 454.467 387.959
1499 452.42 404.24
1500 443.159 396.848
1501 465.358 394.968
1502 583.809 455.005
1503 456.732 387.879
1504 531.321 413.745
1505 436.635 408.76
1506 450.001 392.999
1507 453.311 398.362
1508 442.349 390.845
1509 455.58 394.995
1510 449.437 397.678
1511 434.806 391.539
1512 446.985 411.497
1513 448.297 389.783
1514 451.402 404.969
1515 455.401 394.493
1516 448.639 400.501
1517 456.269 395.919
1518 448.062 372.516
1519 458.271 404.203
1520 442.83 394.408
1521 469.728 407.497
1522 452.071 399.995
1523 454.753 393.751
1524 446.773 396.677
1525 593.97 478.493
1526 442.176 399.939
1527 453.025 411.795
1528 419.7 382.666
1529 447.389 400.999
1530 450.564 395.409
1531 452.199 384.87
1532 474.5 392.785
1533 436.436 398.718
1534 488.356 451.73
1535 455.704 403.553
1536 449.791 409.338
1537 446.982 431.451
1538 557.652 443.199
1539 458.419 391.382
1540 446.355 383.988
1541 435.668 385.785
1542 455.522 416.923
1543 429.802 397.955
1544 342.555 327.998
1545 441.962 413.13
1546 442.916 405.98
1547 447.761 399.304
1548 461.303 410.497
1549 444.352 384.055
1550 540.255 454.957
1551 465.217 406.411
1552 446.815 398.462
1553 452.717 398.875
1554 457.843 384.052
1555 446.994 404.818
1556 461.621 413.485
1557 469.334 413.449
1558 458.33 396.485
1559 438.189 395.113
1560 443.288 397.999
1561 428.684 397.198
1562 460.648 406.685
1563 465.566 406.921
1564 453.407 392.11
1565 456.369 402.388
1566 453.667 388.433
1567 438.442 408.081
1568 449.64 401.398
1569 432.579 387.484
1570 455.993 406.98
1571 439.818 406.989
1572 446.93 384.843
1573 448.096 401.999
1574 430.43 399.462
1575 454.242 410.989
1576 449.887 405.448
1577 449.36 400.305
1578 430.999 395.995
1579 442.502 395.742
1580 461.817 395.788
1581 448.765 400.492
1582 450.378 384.263
1583 451.252 388.536
1584 478.294 442.881
1585 456.868 392.156
1586 463.898 400.497
1587 473.468 407.934
1588 453.299 405.404
1589 442.486 383.719
1590 461.044 406.497
1591 457.973 393.968
1592 469.791 416.5
1593 449.972 393.268
1594 443.229 406.792
1595 436.353 378.868
1596 469.174 395.156
1597 464.403 395.388
1598 586.668 489.678
1599 443.116 384.484
1600 459.961 407.033
1601 449.326 397.334
1602 448.036 416.368
1603 456.815 383.442
1604 454.299 405.66
1605 446.829 400.16
1606 462.568 379.303
1607 440.84 392.491
1608 437.862 386.383
1609 452.327 406.292
1610 431.881 393.954
1611 455.89 386.255
1612 455.609 422.476
1613 448.324 405.995
1614 458.949 397.497
1615 439.36 404.336
1616 460.739 407.242
1617 456.645 391.231
1618 455.945 394.847
1619 445.741 409.39
1620 462.861 401.092
1621 532.615 466.509
1622 438.38 403.939
1623 462 401.79
1624 441.448 395.196
1625 466.846 404.388
1626 455.467 422.137
1627 462.99 426.401
1628 450.555 413.609
1629 455.333 401.969
1630 458.238 399.272
1631 424.118 397.48
1632 465.966 397.864
1633 562.146 446.482
1634 430.198 375.257
1635 456.161 402.497
1636 442.779 394.996
1637 438.268 387.582
1638 449.462 406.241
1639 462.844 403.463
1640 634.619 521.014
1641 474.868 410.449
1642 450.25 396.681
1643 455.815 416.419
1644 488.983 447.384
1645 438.862 403.599
1646 453.42 390.853
1647 451.051 400.025
1648 439.905 391.587
1649 424.735 373.716
1650 452.473 405.204
1651 464.758 410.5
1652 441.305 400.719
1653 427.925 378.301
1654 441.099 386.581
1655 570.116 445.528
1656 431.697 386.747
1657 468.948 398
1658 454.236 396
1659 427.083 412.608
1660 414.88 378.967
1661 450.198 409.463
1662 439.067 399.462
1663 457.948 396.086
1664 450.267 396.863
1665 453.467 407.308
1666 433.705 392.153
1667 451.464 387.19
1668 450.198 391.193
1669 574.362 470.981
1670 450.996 390.63
1671 439.354 388.896
1672 448.937 395.999
1673 455.961 403.492
1674 450.972 394.915
1675 447.462 397.972
1676 437.932 394.112
1677 448.937 407.956
1678 444.23 402.119
1679 471.99 398.093
1680 570.111 478.413
1681 468.914 388.85
1682 452.378 425.714
1683 449.446 395.995
1684 451.989 401.597
1685 465.893 398.547
1686 465.893 394.33
1687 562.31 446.637
1688 560.28 440.5
1689 495.258 454.299
1690 458.816 409.338
1691 434.341 393.989
1692 548.336 445.417
1693 464.091 387.229
1694 540.269 429.488
1695 454.804 397.386
1696 431.553 387.445
1697 454.227 396.545
1698 440.451 380.755
1699 450.858 403.492
1700 448.464 385.58
1701 472.996 393.914
1702 436.899 397.485
1703 470.999 406.169
1704 439.834 408.463
1705 464.956 407.98
1706 471.821 402.475
1707 459.474 396.545
1708 434.54 401.305
1709 458.999 373.561
1710 434.511 393.017
1711 440.908 394.543
1712 469.973 454.032
1713 388.798 354.275
1714 450.564 400.969
1715 454.423 385.668
1716 453.498 400.756
1717 447.191 391.872
1718 460.209 411.853
1719 440.944 396.5
1720 451.972 383.75
1721 440.71 382.406
1722 440.454 397.98
1723 467.455 413.879
1724 440.895 404.492
1725 451.034 389.266
1726 452.784 397.874
1727 460.149 418.414
1728 457.124 402.224
1729 448.715 400.756
1730 457.845 399.279
1731 505.498 435.725
1732 459.38 394.859
1733 448.353 387.431
1734 443.922 405.759
1735 444.176 400.756
1736 456.125 394
1737 448.353 402.821
1738 437.794 399.497
1739 467.359 392.632
1740 454.608 414.999
1741 438.309 395.361
1742 448.849 404.791
1743 456.26 416.923
1744 464.845 406.032
1745 449.412 395.361
1746 453.189 412.432
1747 458.166 397.271
1748 441.452 388.5
1749 450.327 390.436
1750 515.096 469.086
1751 448.324 401.92
1752 458.51 392.588
1753 441.826 394.676
1754 446.592 405.983
1755 466.572 405.307
1756 441.099 393.469
1757 559.062 454.022
1758 434.341 393.968
1759 446.299 412.475
1760 448.036 404.999
1761 462.844 384.37
1762 446.626 407.463
1763 444.18 393.589
1764 452.665 389.407
1765 455.2 405.956
1766 443.712 405.389
1767 442.915 400.335
1768 443.026 383.226
1769 454.876 397.98
1770 440.612 389.968
1771 464.358 408.901
1772 451.003 414.989
1773 461.285 400.237
1774 440.908 403.448
1775 463.454 392.194
1776 457.04 402.43
1777 463.498 404.336
1778 466.961 386.937
1779 454.478 389.428
1780 444.072 392.467
1781 455.93 390.672
1782 451.311 395.677
1783 441.843 395.462
1784 439.289 432.125
1785 457.016 402.492
1786 467.333 410.497
1787 449.561 396.744
1788 428.535 395.474
1789 449.929 398.085
1790 439.252 399.43
1791 456.844 387.407
1792 444.351 400.16
1793 442.366 402.682
1794 448.464 413.463
1795 463.743 393.714
1796 462.963 409.5
1797 453.643 402.995
1798 464.99 390.381
1799 459.9 396.819
1800 441.348 392.497
1801 467.996 410.485
1802 432.879 385.785
1803 444.002 402.969
1804 448.637 420.899
1805 439.289 391.202
1806 477.765 458.705
1807 436.907 387.905
1808 457.237 398.216
1809 450.641 396.999
1810 459.947 439.187
1811 458.344 389.937
1812 462.273 388.995
1813 458.93 391.784
1814 444.587 389.198
1815 467.05 432.791
1816 468.846 401.388
1817 457.799 386.968
1818 464.448 419.493
1819 442.928 429.544
1820 441.398 409.492
1821 437.603 402.41
1822 452.186 394.752
1823 465.527 405.23
1824 442.929 397.475
1825 459.425 408.98
1826 448.062 409.412
1827 455.487 395.166
1828 448.885 393.534
1829 463.724 398.62
1830 447.296 400.2
1831 467.948 396.681
1832 466.819 390.733
1833 457.355 400.305
1834 455.321 399.82
1835 448.297 403.85
1836 442.674 394.938
1837 448.096 398.92
1838 450.722 406.989
1839 512.658 447.848
1840 566.238 464.373
1841 435.152 387.407
1842 439.149 405.463
1843 451.486 400.969
1844 452.261 405.601
1845 451.688 393.989
1846 472.44 409.878
1847 433.821 379.096
1848 452.115 403.553
1849 445.924 413.367
1850 448.714 384.48
1851 440.82 399.999
1852 465.207 389.688
1853 472.962 405.241
1854 450.067 399.875
1855 458.372 393.385
1856 449.833 406.337
1857 449.933 396.197
1858 452.964 406.969
1859 463.493 400.362
1860 449.077 394.408
1861 448.509 382.897
1862 470.761 395.818
1863 453.486 393.999
1864 449.812 405.031
1865 455.733 391.492
1866 462.13 395.078
1867 441.334 399.999
1868 442.025 390.428
1869 532.351 440.07
1870 447.352 427.083
1871 437.681 404.5
1872 429.052 395.818
1873 452.813 392.751
1874 438.907 383.898
1875 455.012 414.999
1876 464.241 395.874
1877 436.077 394
1878 439.687 398.718
1879 449.972 395.113
1880 524.016 447.312
1881 447.884 405.999
1882 459.402 386.915
1883 456.81 408.475
1884 466.358 409.97
1885 455.118 404.203
1886 452.871 405.448
1887 490.25 437.413
1888 458.044 390.845
1889 562.564 453.418
1890 437.681 395.677
1891 435.578 406.411
1892 443.452 386.725
1893 447.634 387.782
1894 453.418 401.813
1895 431.748 381.665
1896 444.625 387.995
1897 463.646 407.98
1898 437.708 389.977
1899 446.527 391.474
1900 445.12 397.069
1901 466.948 396.681
1902 428.405 382.842
1903 456.81 400.117
1904 550.63 458.665
1905 473.487 401.813
1906 461.547 401.335
1907 432.317 392.064
1908 447.884 395.919
1909 490.479 444.72
1910 439.873 408.338
1911 436.257 375.702
1912 453.943 403.388
1913 443.768 396.303
1914 444.909 378.81
1915 573.765 456.826
1916 468.44 402.41
1917 439.006 405.431
1918 550.431 444.972
1919 451.889 389.845
1920 457.996 394.066
1921 460.648 391.461
1922 455.895 399.304
1923 467.487 399.272
1924 568.962 463.828
1925 437.264 397.386
1926 467.973 401.551
1927 467.572 410.485
1928 437.44 391.5
1929 437.15 390.151
1930 445.056 387.595
1931 447.929 401.756
1932 436.886 381.261
1933 468.103 408.448
1934 458.439 381.143
1935 437.438 388.685
1936 467.134 393.675
1937 444.625 416.312
1938 458.899 387.105
1939 446.12 410.995
1940 465.274 405.995
1941 457.417 413.086
1942 464.789 394.98
1943 453.235 422.414
1944 449.4 388.106
1945 452.57 413.923
1946 444.351 376.617
1947 453.99 387.727
1948 446.074 389.937
1949 446.856 394.208
1950 440.357 404.307
1951 438.575 396.848
1952 457.712 406.98
1953 461.558 405.989
1954 561.569 448.196
1955 440.822 404.6
1956 429.688 388.536
1957 459.474 411.879
1958 458.041 406.792
1959 442.294 390.192
1960 442.558 407.969
1961 426.876 379.04
1962 453.784 375.233
1963 458.203 388.259
1964 442.929 403.306
1965 450.79 411.956
1966 448.714 406.98
1967 457.93 397.115
1968 444.277 401.969
1969 446.781 399.117
1970 429.779 398.393
1971 465.171 395.067
1972 462.963 401.485
1973 440.71 390.428
1974 450.361 401.447
1975 461.675 408.309
1976 453.814 387.727
1977 449.233 384.783
1978 446.094 398.866
1979 448.763 406.823
1980 452.473 409.463
1981 463.562 427.832
1982 462.999 392.439
1983 457.815 409.901
1984 458.564 392.461
1985 430.999 391.3
1986 442.452 396.068
1987 471.423 408.969
1988 448.076 404.03
1989 458.843 394.36
1990 454.788 400.719
1991 444.928 399.159
1992 457.237 398.198
1993 426.141 373.762
1994 457.843 393.154
1995 459.961 414.293
1996 455.333 395.361
1997 569.912 457.417
1998 441.153 397.637
1999 419.539 393.858
2000 458.127 399.939
2001 465.304 397.754
2002 456.487 398.748
2003 455.447 399.899
2004 447.093 397.475
2005 458.205 387.844
2006 459.207 409.922
2007 452.964 394.269
2008 462.902 409.956
2009 440.69 399.875
2010 438.995 401.999
2011 618.097 479.187
2012 455.815 406.984
2013 451.003 399.485
2014 450.936 406.475
2015 451.003 406.9
2016 509.099 386.814
2017 461.522 407.431
2018 439.577 389.15
2019 462.027 409.126
2020 451.183 402.921
2021 452.871 405.877
2022 471.5 409.243
2023 442.538 401.939
2024 449.972 382.651
2025 440.382 392.331
2026 444.203 407.969
2027 484.916 418.995
2028 549.745 440.094
2029 433.096 393.111
2030 465.5 393.195
2031 445.399 387.149
2032 533.37 454.227
2033 449.223 393.968
2034 455.454 383.719
2035 443.351 394.497
2036 447.554 391.846
2037 468.382 388.906
2038 596.483 500.29
2039 448.99 386.533
2040 461.996 394.269
2041 452.498 398.447
2042 442.583 398.98
2043 440.35 402.821
2044 454.644 401.335
2045 453.2 399.237
2046 560.824 457.051
2047 468.909 394.752
2048 563.25 446.318
2049 445.924 398
2050 433.795 386.669
2051 463.154 401.989
2052 448.411 390.461
2053 466.275 395.078
2054 444.587 393.429
2055 452.94 399
2056 441.972 393.919
2057 447.929 399.92
2058 451.298 384.445
2059 574.991 466.746
2060 445.978 391.995
2061 463.498 416.995
2062 452.548 405.685
2063 454.876 403.939
2064 461.493 412.989
2065 448.889 403.162
2066 440.58 396.429
2067 462.65 401.995
2068 455.733 397.98
2069 444.78 388.96
2070 438.445 403.363
2071 457.912 392.385
2072 444.88 400.849
2073 453.453 407.64
2074 449.453 385.52
2075 453.574 404.121
2076 460.901 426.493
2077 560.286 449.94
2078 453.643 402.462
2079 436.495 388.748
2080 470.334 407.823
2081 457.016 380.26
2082 452.195 390.446
2083 447.245 388.748
2084 440.949 398.362
2085 545.338 464.099
2086 564.5 446.207
2087 627.273 493.559
2088 429.101 396.969
2089 438.725 391.231
2090 459.38 397.334
2091 455.164 431.194
2092 435.165 401.451
2093 457.422 407.475
2094 453.728 400.497
2095 419.242 373.838
2096 476.235 423.48
2097 565.566 448.544
2098 592.756 463.422
2099 468.163 413.923
2100 469.996 396.863
2101 435.835 401.43
2102 454.728 398.492
2103 452.999 430.999
2104 441.955 397.386
2105 447.093 409.956
2106 422.478 389.474
2107 452.414 400.82
2108 459.33 404.163
2109 479.295 415.367
2110 443.238 396.303
2111 454.313 394.954
2112 436.916 406.823
2113 450.413 413.311
2114 462.961 415.307
2115 452.133 383.461
2116 472.99 401.627
2117 440.023 396.333
2118 443.922 399.334
2119 454.379 400.924
2120 448.596 411.902
2121 450.813 394.915
2122 634.495 522.207
2123 451.034 413.854
2124 443.887 404.485
2125 413.941 380.712
2126 449.197 436.91
2127 456.896 409.999
2128 472.932 404.506
2129 429.953 410.168
2130 455.005 407.485
2131 443.41 391.631
2132 466.092 400.976
2133 459.974 407.901
2134 456.973 399.899
2135 452.268 408.485
2136 461.99 395.078
2137 440.449 404.307
2138 447.03 389.299
2139 442.262 383.768
2140 455.328 393.859
2141 453.513 400.875
2142 452.604 417.413
2143 436.133 402.969
2144 460.439 386.626
2145 466.035 407.308
2146 462.091 398.462
2147 453.873 395.234
2148 453.5 360.788
2149 430.624 373.631
2150 452.783 401.074
2151 438.76 395.443
2152 444.437 386.298
2153 457.471 387.19
2154 460.521 398.236
2155 440.227 389.434
2156 452.601 401.969
2157 444.545 399.548
2158 461.727 411.412
2159 456.503 391.325
2160 469.728 415.719
2161 472.455 386.581
2162 442.741 390.749
2163 572.266 487.924
2164 476.406 436.776
2165 449.177 391.735
2166 451.597 403.162
2167 446.552 392.897
2168 434.617 400.462
2169 453.667 412.989
2170 457.664 400.995
2171 451.453 393.967
2172 424.37 384.957
2173 463.898 405.956
2174 451.646 408.995
2175 463.217 400.362
2176 447.06 395.989
2177 432.504 396.235
2178 472.694 398.5
2179 440.454 388.01
2180 474.479 401.417
2181 556.034 443.603
2182 462.273 393.989
2183 445.295 396.068
2184 449.48 396.636
2185 453 399.117
2186 441.516 405.078
2187 453.802 400.939
2188 586.857 470.006
2189 473.212 387.841
2190 449.353 408.125
2191 452.195 383.75
2192 449.769 393.999
2193 448.324 416.999
2194 428.019 397.98
2195 463.755 401.201
2196 451.723 393.714
2197 465.527 393.846
2198 451.362 401.821
2199 459.454 401.551
2200 471.694 402.399
2201 454.814 443.51
2202 434.187 386.192
2203 454.498 381.382
2204 462.731 409.688
2205 442.08 402.921
2206 459.086 393.675
2207 437.301 397
2208 435.362 392.751
2209 453.606 403.306
2210 454.874 397.475
2211 570.874 456.717
2212 625.417 503.369
2213 443.635 377.64
2214 437.699 383.812
2215 449.453 387.257
2216 458.685 385.227
2217 447.99 397.214
2218 455.48 417.998
2219 449.833 381.143
2220 441.588 394.408
2221 466.87 402.919
2222 596.926 486.814
2223 642.689 506.112
2224 457.815 404.875
2225 397.574 338.668
2226 461.851 406.921
2227 467.076 393.408
2228 445.387 384.371
2229 455.671 401.492
2230 463.064 415.995
2231 458.127 385.188
2232 433.39 396.592
2233 464.87 388.191
2234 445.006 394.076
2235 465.51 430.293
2236 432 392.54
2237 457.471 404.5
2238 440.809 395.497
2239 448.999 413.391
2240 478.362 420.497
2241 454.313 413.989
2242 461.952 433.733
2243 476.5 441.423
2244 451.079 380.508
2245 458.742 397.678
2246 460.424 395.968
2247 460.204 402.876
2248 451.557 405.851
2249 455.314 405.463
2250 450.404 419.476
2251 453.036 393.497
2252 464.498 396.681
2253 443.621 402.388
2254 452.57 397.235
2255 438.76 385.264
2256 465.996 435.346
2257 437.141 387.376
2258 464.381 413.989
2259 462.477 404.099
2260 574.317 454.623
2261 457.563 405.851
2262 460.265 418.497
2263 463.381 390.853
2264 470.963 404.877
2265 459.554 403.85
2266 443.375 400.2
2267 451.866 405.164
2268 450.078 396.753
2269 427.832 387.431
2270 466.099 403.388
2271 473.872 405.307
2272 465.304 405.635
2273 467.134 398.236
2274 460.33 413.311
2275 447.06 406.431
2276 462.303 432.569
2277 455.604 416.471
2278 457.563 409.647
2279 462.623 414.28
2280 452.566 409.448
2281 437.894 384
2282 459.021 396.333
2283 447.428 410.5
2284 455.038 392.237
2285 443.848 388.937
2286 456.202 401.161
2287 440.326 419.942
2288 475.014 409.94
2289 466.931 405.921
2290 441.622 397.848
2291 446.654 398.334
2292 439.11 434.456
2293 440.763 400.689
2294 559.707 455.704
2295 478.85 414.485
2296 446.844 394.155
2297 437.794 393.919
2298 443.452 399.548
2299 439.006 392.607
2300 450.593 400.82
2301 438.541 404.448
2302 435.5 381.975
2303 461.357 404.956
2304 454.515 380.841
2305 458.498 392.98
2306 450.939 417.5
2307 468.791 406.448
2308 449.866 428.41
2309 458.589 412.956
2310 438.924 395.21
2311 464.818 412.879
2312 468.135 403.822
2313 454.126 408.76
2314 457.081 413.367
2315 471.872 402.693
2316 479.249 437.045
2317 459.617 412.763
2318 456.125 403.921
2319 464.99 406.411
2320 438.418 398.62
2321 448.715 395.716
2322 458.615 408.881
2323 439.836 383.187
2324 439.45 392.607
2325 457.739 403.85
2326 443.52 407.989
2327 447.774 400.237
2328 457.996 396.114
2329 463.966 400.41
2330 438.156 400.237
2331 458.083 409.412
2332 449.36 401.79
2333 447.749 384.226
2334 481.494 411.727
2335 448.986 399.41
2336 446.299 392.954
2337 451.267 405.431
2338 546.749 473.519
2339 452.322 413.5
2340 438.639 377.105
2341 453.478 397.214
2342 456.197 402.5
2343 433.705 393.017
2344 458.676 395.677
2345 444.376 403.928
2346 503.931 414.999
2347 427.083 392.966
2348 467.478 387.782
2349 448.358 394.492
2350 450.719 389.261
2351 453.493 401.64
2352 456.47 396.999
2353 581.598 437.822
2354 430.219 387.497
2355 448.509 418.999
2356 417.457 385.968
2357 458.51 415.432
2358 487.704 439.46
2359 448.031 397.637
2360 452.364 397.462
2361 447.075 406.123
2362 463.681 418.493
2363 463.422 405.9
2364 579.034 496.874
2365 450.404 406.956
2366 438.38 394.968
2367 444.352 388.191
2368 456.605 407.76
2369 453.872 413.941
2370 452.813 399.82
2371 991.408 746.619
2372 436.971 389.672
2373 446.355 402.363
2374 469.692 403.485
2375 448.678 402.388
2376 579.823 470.379
2377 438.37 387.999
2378 462.601 400.45
2379 464.358 403.642
2380 441.928 391.193
2381 456.487 392.491
2382 463.431 402.899
2383 516.362 455.5
2384 448.885 402.475
2385 443.296 390.497
2386 437.99 399.199
2387 447.672 395.386
2388 429.688 387.149
2389 452.467 390.192
2390 460.33 398.594
2391 452.416 402.201
2392 438.744 389.672
2393 469.244 408.825
2394 450.207 400.117
2395 466.846 405.5
2396 442.583 388.062
2397 444.922 410.244
2398 465 406.103
2399 553.234 454.804
2400 447.186 397.485
2401 428.737 394.995
2402 467.692 404.995
2403 455.946 402.756
2404 455.42 398.362
2405 447.781 404.956
2406 449.863 385.895
2407 455.882 397.788
2408 426.567 390.231
2409 455.946 402.462
2410 457.563 388.33
2411 447.848 394.446
2412 441.797 399.92
2413 448.219 409.412
2414 449.202 398.497
2415 451.003 392.11
2416 452.513 397.361
2417 445.909 388.528
2418 450.486 389.266
2419 445.23 398.636
2420 447.124 405.999
2421 461.487 394.968
2422 466.44 401.335
2423 464.968 392.194
2424 447.409 387.358
2425 563.887 451.025
2426 433.061 389.908
2427 460.087 394.5
2428 441.745 399.81
2429 441.622 398.492
2430 440.068 396.114
2431 458.421 417.413
2432 461.242 409.492
2433 581.381 466.382
2434 615.451 533.865
2435 458.888 409.297
2436 426.45 381.665
2437 440.591 386.66
2438 460.608 393.919
2439 467.75 403.98
2440 446.061 393.98
2441 440.225 407.686
2442 441.951 392.999
2443 448.598 382.858
2444 438.509 394.995
2445 461.493 389.851
2446 468.478 399.492
2447 445.932 403.642
2448 436.17 391.989
2449 435.885 390.331
2450 448.324 394.915
2451 448.84 398.256
2452 444.313 408.497
2453 448.596 406.079
2454 442.999 386.298
2455 472.097 445.053
2456 452.891 403.969
2457 424.017 389.896
2458 456.881 407.823
2459 451.498 393.989
2460 450.6 394.915
2461 437.483 412
2462 456.125 406.94
2463 457.143 421.137
2464 443.919 395.485
2465 447.265 388.994
2466 470.225 434.161
2467 453.954 412.432
2468 463.326 407.485
2469 462.478 398.393
2470 444.65 396.485
2471 450.102 390.995
2472 443.655 396.27
2473 461.822 404.121
2474 453.602 385.428
2475 462.045 414.476
2476 455.753 407.033
2477 440.579 373.877
2478 480.441 399.687
2479 445.264 381.581
2480 441.769 391.918
2481 459.9 412.475
2482 449.754 406.956
2483 450.329 410.956
2484 452.783 398.116
2485 462.757 403.9
2486 439.511 393.44
2487 466.358 411.879
2488 452.42 392.817
2489 441.459 394.429
2490 537.433 433.117
2491 549.603 451.126
2492 462.984 401.026
2493 443.699 387.497
2494 456.141 402.939
2495 447.91 377.952
2496 453.378 400.025
2497 447.124 398.718
2498 459.373 415.497
2499 584.407 480.181
2500 438.594 384.579
2501 435.752 399.5
2502 433.279 395.999
2503 437.87 423.409
2504 432.005 401.969
2505 819.015 650.419
2506 485.283 432.465
2507 462.817 412.497
2508 480.35 446.725
2509 503.029 467.602
2510 432.666 389
2511 462.467 397.303
2512 452.891 407.76
2513 445.926 394.5
2514 430.058 397.271
2515 441.914 437.958
2516 430.488 390.263
2517 452.378 392.588
2518 440.908 402.641
2519 452.464 404.492
2520 456.329 390.331
2521 479.933 413.854
2522 468.484 412.463
2523 445.839 392.798
2524 439.703 388.628
2525 451.4 394.543
2526 453.89 398.638
2527 454.814 399.475
2528 457.347 393.233
2529 451.796 396.444
2530 335.178 294.856
2531 443.375 397.485
2532 548.167 441.288
2533 436.669 398.216
2534 451.641 395.847
2535 455.236 386.057
2536 447.884 398.304
2537 460.892 403.928
2538 473.455 395.156
2539 444.675 408.235
2540 442.456 395.302
2541 448.554 405.761
2542 436.026 402.693
2543 449.533 403.029
2544 445.979 390.954
2545 458.146 402.274
2546 455.684 421.999
2547 453 426.84
2548 457.467 395.302
2549 474.845 466.396
2550 474.177 395.742
2551 574.157 458.393
2552 450.267 424.6
2553 465.382 405.995
2554 464.17 408.5
2555 449.099 400.875
2556 458.735 398.92
2557 447.844 405.921
2558 460.435 410.995
2559 447.292 389.968
2560 451.471 396.819
2561 466.568 402.497
2562 460.302 412.181
2563 549.429 454.145
2564 445.734 385.52
2565 436.902 397.972
2566 475.996 405.411
2567 453.784 415.476
2568 443.116 399.485
2569 446.115 408.167
2570 458.467 391.911
2571 460.648 393.873
2572 451.557 428.971
2573 471.307 390.384
2574 447.634 398.875
2575 441.497 382.296
2576 459.603 410.5
2577 461.75 397.955
2578 447.96 399.75
2579 445.457 401.64
2580 460.023 418.828
2581 440.466 418.865
2582 430.783 401.989
2583 434.051 405.475
2584 462.825 399.117
2585 450.889 392.156
2586 449.64 389.783
2587 455.993 396.874
2588 457.967 410.431
2589 453.189 399.117
2590 471.996 406.389
2591 430.413 402.876
2592 472.983 413.728
2593 570.874 464.729
2594 435.433 400.485
2595 442.915 409.5
2596 475.058 418.989
2597 440.068 387.329
2598 458.487 413.995
2599 453.571 400.812
2600 443.294 379.62
2601 445.664 399.989
2602 552.433 444.864
2603 431.493 400.34
2604 453.149 416.855
2605 561.106 441.056
2606 446.844 406.763
2607 462.212 396.98
2608 456.237 397.788
2609 441.235 389.792
2610 432.867 386.189
2611 460.901 407.459
2612 466.983 392.467
2613 467.974 411.649
2614 451.776 404.121
2615 452.725 401.238
2616 464.99 388.766
2617 438.039 398.429
2618 452.866 412.129
2619 430.267 385.227
2620 458.786 409.956
2621 455.42 402.162
2622 466.382 393.738
2623 457.55 399.989
2624 451.68 392.798
2625 445.087 407.124
2626 460.402 402.979
2627 469.948 401.026
2628 469.808 409.126
2629 450.327 416.392
2630 445.387 403.492
2631 460.475 396.444
2632 457.254 419.5
2633 450.267 393.938
2634 450.42 385.492
2635 465.304 408.365
2636 458.493 385.58
2637 438.634 391.408
2638 464.274 389.321
2639 442.294 379.704
2640 472.44 387.814
2641 444.927 404.203
2642 453.417 398.98
2643 467.654 403.492
2644 568.197 451.796
2645 460.5 404.697
2646 458.428 394.33
2647 448.486 387.059
2648 460.322 387.995
2649 456.982 387.194
2650 440.874 407.989
2651 461.609 409.901
2652 442.518 397.593
2653 474.342 399.492
2654 445.827 402.497
2655 502.195 392.938
2656 467.538 412.412
2657 454.99 387.662
2658 451.183 403.921
2659 467.403 394.386
2660 438.634 398.334
2661 459.204 395.234
2662 435.586 396.235
2663 455.99 406.877
2664 445.595 400.719
2665 453.2 381.11
2666 442.308 401.41
2667 461.168 399.75
2668 461.519 406.463
2669 454.731 413.432
2670 453.873 397.999
2671 457 412.34
2672 475.849 402.201
2673 472.383 409.475
2674 439.11 383.953
2675 457.675 404.956
2676 442.84 395.156
2677 438.594 407.989
2678 458.498 395.332
2679 427.532 397.334
2680 453.111 398.492
2681 452.868 400.5
2682 471.948 396.898
2683 451.557 402.955
2684 435.971 393.332
2685 462.65 401.999
2686 444.729 404.163
2687 448.982 435.89
2688 456.842 417.855
2689 451.512 393.817
2690 457.355 405.485
2691 445.932 403.995
2692 467.493 402.497
2693 463.983 390.436
2694 469.862 414.995
2695 446.527 399.5
2696 443.649 406.431
2697 449.326 383.356
2698 457.454 409.5
2699 457.04 386.228
2700 437.908 387.318
2701 450.361 391.999
2702 451.796 398.393
2703 447.772 399.218
2704 441.348 389.979
2705 438.442 394.715
2706 452.94 392.316
2707 422.137 394.497
2708 507.488 414.995
2709 441.615 400.272
2710 452.49 408.39
2711 463.931 410.981
2712 461.5 411.339
2713 451.6 408.365
2714 456.896 399.362
2715 432.504 419.45
2716 476.248 404.203
2717 447.772 410.878
2718 473.098 414.476
2719 434.914 407.365
2720 454.644 395.97
2721 456.548 396.787
2722 436.434 388.106
2723 455.604 386.709
2724 447.761 393.195
2725 436.583 413.492
2726 439.671 409.297
2727 456.136 410.475
2728 441.153 402.485
2729 455.807 405.485
2730 466.572 425.96
2731 442.165 396.677
2732 450.889 384.813
2733 459.33 400.16
2734 452.071 401.305
2735 439.709 394.233
2736 446.936 404.506
2737 468.423 404.463
2738 455.753 406.5
2739 452.217 393.98
2740 456.438 398.808
2741 493.559 459.82
2742 439.067 384.427
2743 455.5 396.592
2744 437.396 399.899
2745 603.271 522.724
2746 451.947 406.995
2747 454.731 418.655
2748 462.273 400.2
2749 479.896 404.89
2750 467.766 427.806
2751 445.924 396.969
2752 446.195 394.155
2753 436.102 395.677
2754 573.449 462.976
2755 457.973 437.272
2756 446.115 402.239
2757 452.665 402.475
2758 448.749 402.999
2759 452.253 395.401
2760 436.629 416.321
2761 454.786 392.714
2762 465.207 408
2763 465.5 387.318
2764 445.073 400.55
2765 443.966 406.98
2766 450.5 402.989
2767 448.865 400.237
2768 443.517 398.492
2769 450.022 412.941
2770 440.709 394.5
2771 579.691 468.962
2772 452.029 395.938
2773 446.96 439.65
2774 442.382 399.362
2775 470.478 404.099
2776 457.038 405.9
2777 435.582 391.968
2778 457.478 395.272
2779 452.145 401.72
2780 462.027 394.446
2781 443.116 381.476
2782 460.256 405.275
2783 458.868 392.194
2784 459.755 429.983
2785 446.419 400.939
2786 465.274 408.687
2787 454.785 377.706
2788 426.643 391.014
2789 462.742 416.957
2790 455.124 434.01
2791 444.072 397.198
2792 450.511 390.3
2793 443.283 396.114
2794 452.316 402.485
2795 460.265 421.942
2796 448.464 393.462
2797 456.421 399.989
2798 460.648 409.989
2799 450.946 388.536
2800 443.621 398.754
2801 444.115 401.849
2802 442.513 414.34
2803 447.068 393.954
2804 564.973 460.422
2805 537.662 445.428
2806 435.187 379.303
2807 461.498 391.897
2808 458.356 414.34
2809 479.708 442.1
2810 477.237 405.307
2811 459.206 399.98
2812 438.397 399.47
2813 465.931 395.078
2814 468.615 405.463
2815 453.196 415.131
2816 455.792 399.719
2817 420.321 400.999
2818 451.889 395.234
2819 466.438 404.203
2820 449.019 384.102
2821 464.28 394.386
2822 453.643 405.389
2823 434.779 401.995
2824 447.462 398.362
2825 438.594 392.11
2826 469.574 393.268
2827 461.303 407.793
2828 451.905 412.17
2829 450.404 402.43
2830 449.495 403.485
2831 456.661 405.492
2832 447.392 407.969
2833 462.045 386.298
2834 432.185 392.912
2835 457.952 401.363
2836 465.048 405.931
2837 350.01 308.286
2838 450.936 402.821
2839 428.987 407.88
2840 445.078 400.237
2841 459.755 401.201
2842 623.903 504.906
2843 558.29 453.674
2844 439.372 400.475
2845 452.54 405.364
2846 465.472 421.393
2847 453.867 397.447
2848 580.696 470.58
2849 456.26 392.54
2850 438.486 386.298
2851 452.035 400.492
2852 403.27 372.484
2853 464.789 406.823
2854 427.487 389.5
2855 440.173 404.875
2856 454.414 394.611
2857 430.746 385.147
2858 464.612 393.154
2859 450.773 405.995
2860 451.723 409.448
2861 456.661 402.989
2862 456.401 398.921
2863 444.864 397.806
2864 441.153 402.79
2865 468.634 403.995
2866 429.087 383.895
2867 443.51 389.688
2868 430.548 396.989
2869 462.13 403.631
2870 473.578 403.921
2871 451.308 414.34
2872 453.542 413.449
2873 462.428 417.497
2874 450.936 399.43
2875 427.916 381.185
2876 439.445 407.276
2877 457.664 394.954
2878 453.93 383.586
2879 441.112 396.429
2880 466.999 400.995
2881 473.34 402.075
2882 446.399 388.059
2883 448.358 403.43
2884 443.621 401.995
2885 452.035 392.484
2886 561.819 496.546
2887 468.333 403.955
2888 553.949 442.195
2889 466.049 416.476
2890 436.894 397.989
2891 455.5 400.98
2892 453.081 393.914
2893 459.974 394.98
2894 455.342 413.391
2895 459.086 396.409
2896 437.349 391.535
2897 443.419 390.794
2898 439.345 393.484
2899 423.528 389.33
2900 451.688 405.431
2901 455.2 394.018
2902 432.902 390.784
2903 451.68 399.387
2904 450.314 402.492
2905 443.229 392.484
2906 445.834 377.46
2907 443.712 379.473
2908 460.5 388.85
2909 435.433 385.056
2910 463.422 404.364
2911 486.481 439.131
2912 449.397 405.644
2913 448.393 396.989
2914 465.44 396.25
2915 486.554 396.274
2916 450.779 413.485
2917 428.952 377.988
2918 535.418 437.836
2919 459.086 388.748
2920 495.229 445.043
2921 448.393 396.462
2922 452.08 400.09
2923 468.423 403.939
2924 428.654 389.5
2925 462.65 392.785
2926 461.376 397.678
2927 464.498 392.153
2928 434.051 401.995
2929 503.794 436.862
2930 442.548 390.062
2931 446.983 407.901
2932 437.138 399.024
2933 469.174 410.828
2934 455.201 383.249
2935 456.754 394.543
2936 467.907 396.898
2937 454.719 398.158
2938 450.267 392.798
2939 424.667 378.492
2940 468.305 397.303
2941 446.466 402.757
2942 453.873 403.43
2943 573.939 469.346
2944 437.63 393.332
2945 433.959 413.225
2946 451.466 380.497
2947 454.075 410.083
2948 456.64 422.284
2949 445.457 386.057
2950 458.419 405.999
2951 460.608 407.497
2952 443.351 384.895
2953 465.527 410.431
2954 435.393 388.994
2955 452.327 400.969
2956 458.868 394.74
2957 456.136 404.411
2958 443.98 388.988
2959 444.378 376.893
2960 470.136 402.552
2961 377.993 335.482
2962 448.358 393.111
2963 452.513 398.271
2964 441.535 394.818
2965 441.507 406.389
2966 435.628 395.462
2967 453.93 399.362
2968 326.533 288.562
2969 442.916 399.719
2970 458.166 401.597
2971 453.643 404.163
2972 567.093 425.546
2973 455.342 387.995
2974 465.527 403.485
2975 441.977 388.597
2976 466.653 399.485
2977 564.73 465.523
2978 446.883 400.55
2979 453.42 397.462
2980 438.684 390.784
2981 450.255 406.723
2982 454.062 414.492
2983 458.912 396.791
2984 431.116 393.897
2985 465.487 408.901
2986 294.51 293.794
2987 446.469 404.98
2988 464.789 405.5
2989 461.467 392.737
2990 561.605 451.012
2991 443.919 400.92
2992 449.253 400.789
2993 457.948 388.979
2994 463.947 387.318
2995 430.874 385.314
2996 407.413 392.11
2997 449.533 402.452
2998 486.996 409.243
2999 450.722 388.299
3000 555.819 442.918
3001 456.355 390.63
3002 453.943 391.461
3003 446.184 406.308
3004 406.784 338.472
3005 579.324 461.261
3006 449.119 406.508
3007 445.264 405.759
3008 449.715 415.88
3009 495.681 455.5
3010 448.937 390.192
3011 442.945 378.772
3012 438.7 393.268
3013 494.255 381.001
3014 424.139 393.751
3015 719.406 567.181
3016 563.525 445.978
3017 440.926 383.124
3018 453.744 403.5
3019 454.367 403.955
3020 431.773 396.545
3021 465.931 400.117
3022 453.311 394.938
3023 463.955 401.754
3024 460.023 397.186
3025 455.993 396.592
3026 433.805 397.115
3027 457.165 383.406
3028 330 301.151
3029 459.467 392.316
3030 451.905 385.461
3031 567.524 467.91
3032 443.296 405.98
3033 467.483 416.995
3034 440.643 402.757
3035 456.689 386.427
3036 568.276 441.462
3037 461.519 415.797
3038 467.455 392.11
3039 449.099 408.448
3040 427.57 395.938
3041 431.889 402.399
3042 436.477 390.263
3043 463.562 402.969
3044 430.874 391.428
3045 437.239 407.485
3046 467.384 425.999
3047 486.241 395.113
3048 449.453 394.859
3049 452.725 394.715
3050 440.5 392.897
3051 454.608 393.065
3052 454.686 396.409
3053 476.525 406.5
3054 445.116 386.988
3055 472.948 416.999
3056 476.426 447.03
3057 463.141 411.412
3058 468.094 406.411
3059 433.821 408.431
3060 459.722 411.492
3061 458.971 397.678
3062 451.193 409.412
3063 456.562 408.338
3064 424.394 393.484
3065 462.358 403.239
3066 456.881 407.98
3067 446.469 400.2
3068 446.385 395.98
3069 442.236 388.597
3070 455.99 427.893
3071 448.196 401.955
3072 444.18 404
3073 443.351 398.848
3074 460.351 403.599
3075 443.3 405.759
3076 549.925 459.704
3077 451.486 405.307
3078 654.966 566.733
3079 558.022 443.468
3080 441.814 385.19
3081 445.841 400.82
3082 449.856 410.995
3083 448.353 386.008
3084 442.396 383.78
3085 474.942 398.482
3086 455.48 398.271
3087 443.747 393.36
3088 462.206 393.36
3089 763.015 627.574
3090 450.307 382.492
3091 457.586 406.792
3092 454.56 400.789
3093 567.429 482.359
3094 451.234 400.82
3095 445.551 396.787
3096 445.982 398.236
3097 462.552 407
3098 445.589 395.156
3099 435.81 403.43
3100 450.4 397.485
3101 575.583 468.666
3102 566.444 453.264
3103 427.878 391.968
3104 449.077 398.334
3105 447.012 388.844
3106 467.423 410.94
3107 455.658 401.871
3108 444.415 405.337
3109 590.472 452.964
3110 427.617 402.899
3111 440.291 396.274
3112 446.211 397.618
3113 467.616 402.497
3114 448.982 410.497
3115 439.215 404.98
3116 452.909 414.21
3117 430.746 388.059
3118 469.376 401.118
3119 453.162 394.112
3120 454.753 405.275
3121 452.891 396.333
3122 449.56 400.752
3123 581.742 474.776
3124 470.914 407.877
3125 430.738 373.087
3126 446.999 397.157
3127 455.842 402.43
3128 460.149 412.989
3129 441.401 403.989
3130 440.55 386.747
3131 472.758 408.412
3132 586.491 482.004
3133 380.723 351.263
3134 452.029 378.095
3135 465.629 401.305
3136 456.896 407.922
3137 459.206 403.463
3138 468.135 397.157
3139 471.487 394.493
3140 475.336 400.719
3141 441.774 405.601
3142 441.269 401.871
3143 474.991 409.365
3144 439.943 402.98
3145 429.772 392.385
3146 446.592 384.667
3147 449.833 391.784
3148 456.72 384.843
3149 469.276 399.548
3150 436.291 405.723
3151 451.121 398.955
3152 462.892 402.98
3153 469.913 419.414
3154 448.303 395.919
3155 463.828 410.648
3156 451.212 405.204
3157 458.846 394.27
3158 457.498 399.334
3159 661.798 532.791
3160 457.812 384.745
3161 452.769 410.513
3162 451.947 384.518
3163 435.621 404.9
3164 445.628 397.361
3165 454.893 400.237
3166 458.564 397.969
3167 437.438 394.233
3168 460.272 395.272
3169 432.06 370.286
3170 439.818 394.33
3171 468.103 406.969
3172 446.637 398.447
3173 455.867 391.631
3174 448.986 389.299
3175 460.149 379.26
3176 443.603 394.818
3177 444.155 396.068
3178 437.352 397.972
3179 441.452 392.798
3180 473.246 395.635
3181 438.144 412.463
3182 455.614 397.969
3183 451.717 391.385
3184 439.443 378.291
3185 487.442 400.305
3186 423.056 392.491
3187 455.467 404.492
3188 447.324 400.025
3189 463.8 406.645
3190 452.813 398.498
3191 422.857 383.262
3192 450.13 398.638
3193 460.467 395.635
3194 474.933 403.969
3195 468.5 403.029
3196 446.122 406.763
3197 441.714 409.448
3198 456.548 397.955
3199 441.745 394.59
3200 446.482 400.995
3201 461.931 397.633
3202 438.144 386.451
3203 441.09 405.364
3204 530.715 463.31
3205 490.201 446.298
3206 450.91 397.55
3207 444.118 376.404
3208 454.022 397.334
3209 480.896 436.011
3210 541.315 450.656
3211 454.957 401.876
3212 464.207 389.792
3213 442.995 396.863
3214 444.463 391.489
3215 452.234 395.388
3216 544.514 447.728
3217 454.022 408.277
3218 722.184 555.755
3219 457.684 404.566
3220 451.989 383.367
3221 439.45 381.661
3222 565.141 451.159
3223 436.971 385.668
3224 439.499 392.897
3225 443.848 392.428
3226 439.978 396.592
3227 452.467 410.31
3228 461.025 401.201
3229 446.058 420.958
3230 450.408 396.677
3231 460.505 391.193
3232 454.401 414.764
3233 455.99 400.82
3234 428.194 391.954
3235 452.49 378.662
3236 441.153 410.981
3237 445.807 362.353
3238 469.692 393.074
3239 451.105 398.955
3240 441.069 387.149
3241 454.753 412.728
3242 455.269 402.027
3243 448.497 402.598
3244 464.274 429.744
3245 565.204 447.661
3246 449.266 388.433
3247 444.545 386.189
3248 582.553 477.175
3249 451.959 398.898
3250 458.247 405.989
3251 444.636 407.276
3252 552.359 446.09
3253 447.875 415.449
3254 449.72 397.972
3255 438.899 396.068
3256 449.64 398.552
3257 469 415.981
3258 460.435 399.68
3259 458.472 387.747
3260 440.927 384.579
3261 459.686 398.304
3262 435.784 401.492
3263 469.945 408.969
3264 458.419 397.637
3265 451.868 405.463
3266 448.491 408.338
3267 444.729 407.823
3268 445.827 418.342
3269 447.858 389.851
3270 448.393 413.993
3271 443.238 392.474
3272 442.068 396.447
3273 439.375 383.668
3274 456.237 390.387
3275 428.612 393.492
3276 450.329 404.643
3277 467.692 395.677
3278 442.07 385.297
3279 449.233 386.255
3280 435.621 400.475
3281 455.192 404.995
3282 459.474 414.923
3283 440.981 396.197
3284 438.924 404.851
3285 467.654 401.497
3286 441.821 387.329
3287 456.995 387.407
3288 459.425 417.485
3289 452.725 417.957
3290 464.358 386.915
3291 442.351 402.552
3292 440.99 394.98
3293 461.268 409.94
3294 449.302 410.5
3295 442.371 403.388
3296 506.861 448.093
3297 458.615 405.723
3298 452.558 390.407
3299 469.999 413.391
3300 454.577 410.431
3301 448.353 398.07
3302 446.99 401.597
3303 450.022 392.439
3304 446.626 403
3305 463.439 406.364
3306 443.919 397.475
3307 445.354 396.753
3308 465.527 412.497
3309 440.71 395.234
3310 446.469 407.431
3311 444.972 398.788
3312 584.611 477.16
3313 444.24 407.242
3314 472.339 415.464
3315 464.99 429.971
3316 449.114 405.492
3317 455.977 398.989
3318 451.836 398.974
3319 447.101 397.497
3320 438.634 397.98
3321 430.55 385.917
3322 452.234 410.475
3323 457.016 420.497
3324 455.878 408.492
3325 473.34 402.876
3326 437.263 386.626
3327 473.822 395.98
3328 453.268 385.785
3329 453.453 393.609
3330 524.967 444.922
3331 447.539 392.989
3332 479.796 406.337
3333 490.929 447.236
3334 448.307 401.876
3335 456.039 402.598
3336 460.556 403.874
3337 542.334 449.754
3338 447.529 404.851
3339 567.167 440.799
3340 450.988 400.82
3341 457.417 405.969
3342 438.288 390.602
3343 455.467 388.748
3344 448.945 384.936
3345 452.161 400.995
3346 535.479 443.824
3347 453.081 393.859
3348 447.389 389.896
3349 445.497 392.737
3350 453.017 390.954
3351 447.711 405.723
3352 435.812 398.498
3353 418.133 390.497
3354 450.719 407.5
3355 449.189 399.82
3356 437.169 406.969
3357 468.791 409.39
3358 461.405 400.447
3359 455.733 404.463
3360 456.202 405.644
3361 510.555 462.126
3362 441.591 396.474
3363 524.66 434.845
3364 452.228 411.989
3365 445.381 387.896
3366 447.255 409.989
3367 456.316 390.669
3368 444.522 395.919
3369 456.754 398.92
3370 453.365 395.497
3371 430.957 382.744
3372 453.996 394.715
3373 427.971 381.967
3374 464.612 401.72
3375 434.286 395.98
3376 535.052 454.7
3377 576.697 452.57
3378 455.961 411.902
3379 441.778 403.553
3380 452.334 404.364
3381 457.912 398.158
3382 595.221 492.667
3383 456.5 394.493
3384 464.215 409.277
3385 442.696 397.391
3386 456.033 410.726
3387 481.065 437.932
3388 462.477 407.431
3389 441.235 398.969
3390 464.87 439.927
3391 462.524 389.261
3392 564.389 450.759
3393 474.468 412.245
3394 480.487 404.411
3395 487.253 435.93
3396 462.788 408.881
3397 443.635 404.388
3398 456.517 401.497
3399 444.88 404.684
3400 448.937 382.579
3401 446.773 405.204
3402 446.985 399.969
3403 545.216 436.183
3404 455.719 396.717
3405 450.91 408.725
3406 454.198 389.815
3407 465.759 395.968
3408 442.651 401.497
3409 625.577 532.118
3410 441.547 415.391
3411 562.551 450.943
3412 455.379 399.334
3413 467.999 380.557
3414 466.5 399.41
3415 562.772 444.486
3416 446.739 403
3417 451.989 412.359
3418 450.233 394.862
3419 473.384 411.464
3420 453.87 403.029
3421 472.455 403.5
3422 441.23 393.492
3423 453.728 417.989
3424 467.403 402.598
3425 459.474 398.594
3426 459.302 403.226
3427 570.225 455.42
3428 439.272 406.556
3429 452.799 403.757
3430 474.013 428.5
3431 455.427 409.999
3432 480.493 424.774
3433 441.693 391.989
3434 468.231 414.485
3435 440.195 392.632
3436 451.466 383.145
3437 538.11 453.872
3438 456.344 403.162
3439 476.384 400.2
3440 444.88 395.544
3441 463.493 401.969
3442 576.791 457.275
3443 470.096 429.651
3444 436.807 388.461
3445 459.204 390.816
3446 447.215 396.819
3447 458.048 398.362
3448 453.892 396.592
3449 455.683 394.59
3450 452.405 404.307
3451 446.385 400.272
3452 433.508 387.194
3453 457.996 399.5
3454 577.015 447.068
3455 462.402 389.06
3456 449.132 408.167
3457 452.813 387.14
3458 452.54 394.752
3459 469.692 402.85
3460 445.407 399.95
3461 460.491 438.212
3462 450.6 401.5
3463 453.073 413.989
3464 443.459 402.899
3465 452.035 383.98
3466 459.239 400.272
3467 446.287 383.185
3468 547.065 484.454
3469 430.623 384.721
3470 453.954 399
3471 448.715 376.098
3472 455.522 391.673
3473 447.58 411.366
3474 460.595 417.464
3475 626.49 498.518
3476 442.999 400.955
3477 450.511 414.88
3478 438.297 405.555
3479 461.981 416.999
3480 455.993 405.492
3481 480 441.52
3482 434.281 392.268
3483 463.43 411.772
3484 563.556 461.898
3485 455.842 397.898
3486 441.452 403.876
3487 452.558 384.531
3488 453.467 384.656
3489 456.881 406.357
3490 439.903 394.543
3491 442.915 395.332
3492 447.996 394.233
3493 442.477 394.332
3494 431.312 397.271
3495 551.71 477.659
3496 443.452 405.956
3497 471.762 410.431
3498 548.445 466.666
3499 445.81 396
3500 454.544 399.622
3501 466.298 392.714
3502 447.539 398.547
3503 456.369 399.875
3504 437.973 386.669
3505 466.358 395.492
3506 465.973 402.448
3507 460.302 394.233
3508 466.099 447.001
3509 444.169 425.858
3510 553.823 451.34
3511 460.566 393.98
3512 447.96 372.914
3513 439.59 384.406
3514 457.675 410.492
3515 461.467 411.463
3516 462.798 406.5
3517 448.641 411.902
3518 443.52 403.029
3519 440.227 394.989
3520 460.892 398.92
3521 445.713 397.874
3522 436.257 380.295
3523 452.868 403.791
3524 442.955 397.475
3525 473.915 416.485
3526 423.659 394.859
3527 468.163 401.999
3528 450.641 383.474
3529 440.615 389.5
3530 475.895 391.063
3531 455.2 404.93
3532 442.985 409.448
3533 448.937 401.485
3534 437.607 389.815
3535 443.848 396.98
3536 431.329 405.969
3537 466.958 413.28
3538 571.433 447.088
3539 464.758 405.031
3540 453.867 391.137
3541 442.294 405.723
3542 441.647 394.484
3543 553.042 446.739
3544 453.839 398.875
3545 451.641 396.114
3546 458.33 398.924
3547 470.44 404.995
3548 453.407 393.968
3549 452.217 408.999
3550 437.374 407.922
3551 447.597 391.713
3552 451.311 415
3553 448.788 414.34
3554 553.683 454.032
3555 448.25 394.915
3556 441.061 400.41
3557 458.564 396.068
3558 442.182 396.955
3559 565.399 447.245
3560 453.839 397.788
3561 449.397 408.365
3562 455.438 408.824
3563 459.843 408.511
3564 441.153 384.492
3565 439.276 402.475
3566 448.297 388.729
3567 435.431 407.989
3568 470.468 398.999
3569 461.057 405.969
3570 443.351 409.175
3571 437.77 370.483
3572 446.39 393.589
3573 443.296 396.361
3574 458.145 399.92
3575 454.603 395.364
3576 455.719 406.431
3577 461.912 383.101
3578 458.169 387.782
3579 470.277 405.337
3580 451.069 396.462
3581 465.908 413.854
3582 434.627 406.999
3583 448.319 392.301
3584 453.42 384.297
3585 452.186 393.446
3586 445.982 390.31
3587 444.522 398.271
3588 437.396 413.413
3589 438.995 393.332
3590 524.65 455.478
3591 436.374 398.98
3592 452.642 407.603
3593 454.728 397.303
3594 463.947 397.874
3595 467.172 399.485
3596 467.721 360.025
3597 460.266 400.969
3598 465.217 399.199
3599 455.417 416.449
3600 454.339 401.118
3601 461.961 399.969
3602 443.919 386.375
3603 447.459 392.439
3604 646.678 526.241
3605 456.583 414.981
3606 548.423 468.666
3607 459.127 393.154
3608 453.968 396.485
3609 449.099 408.243
3610 426.854 379.46
3611 438.226 413.224
3612 562.107 457.939
3613 451.996 427.233
3614 449.128 406.448
3615 445.295 399.719
3616 458.983 400.596
3617 455.561 405.644
3618 445.116 410.485
3619 443.236 401.447
3620 452.473 413.467
3621 481.5 422.486
3622 451.868 396.274
3623 492.498 444.984
3624 539.5 436.761
3625 437.43 391.359
3626 416.896 387.5
3627 469.383 399.639
3628 459.051 413
3629 443.674 396.333
3630 557.198 451.597
3631 451.989 413.391
3632 451.868 408.852
3633 593.468 491.787
3634 453.057 414.367
3635 456.842 410.761
3636 454.89 391.39
3637 435.283 399.68
3638 441.622 395.752
3639 473.948 394.634
3640 442.618 389
3641 464.973 403.454
3642 447.716 397.938
3643 447.302 396.942
3644 445.201 416.999
3645 465.132 406.851
3646 462.13 414.476
3647 452.929 388.815
3648 543.582 430.274
3649 449.812 408.94
3650 437.815 393.954
3651 426.141 386.814
3652 449.75 402.682
3653 462.13 390.062
3654 474.763 402.492
3655 444.982 389.845
3656 438.995 378.325
3657 451.079 389.937
3658 563.525 452.228
3659 448.832 397.98
3660 452.669 404.43
3661 443.593 396.212
3662 427.578 395.386
3663 454.704 410.989
3664 462.913 409.824
3665 503.217 445.713
3666 448.297 404.03
3667 440.709 391.428
3668 436.776 399.789
3669 451.602 391.267
3670 474.335 404.492
3671 449.589 397.462
3672 456.454 410.94
3673 455.269 421.733
3674 440.822 387.511
3675 465.242 406.497
3676 460.634 413.367
3677 447.321 406.995
3678 456.039 401.335
3679 436.436 393.858
3680 434.161 387.896
3681 441.153 404.684
3682 441.765 399.98
3683 464.973 388.486
3684 464.83 393.785
3685 424.252 364.21
3686 446.708 402.399
3687 447.996 386.838
3688 465.996 412.69
3689 458.205 395.98
3690 440.643 400.021
3691 432.562 392.698
3692 469.404 401.756
3693 455.604 404.485
3694 463.99 401.283
3695 448.437 399.071
3696 450.75 395.67
3697 450.511 387.431
3698 453.911 383.05
3699 433.917 384.102
3700 456.583 405.956
3701 459.35 414.941
3702 649.727 508.645
3703 450.779 385.428
3704 481.243 439.927
3705 431.875 395.332
3706 422.952 396.989
3707 453.196 383.187
3708 440.5 396.848
3709 446.157 393.159
3710 444.909 429.809
3711 475.14 398.947
3712 457.996 412.902
3713 448.986 393.785
3714 455.2 391.265
3715 453.991 386.374
3716 448.158 387.844
