0 1 1
1 357.881 249.902
2 364.576 252.416
3 363.978 255.617
4 355.64 252.5
5 350.999 246.797
6 360.527 266.993
7 363.249 261.906
8 343.671 261.906
9 358.028 259.931
10 360.837 265.477
11 369.5 263.203
12 369.816 262.5
13 361.905 252.389
14 361.04 262.488
15 362.678 253.5
16 366.881 253.982
17 360.855 254.558
18 353.771 254.028
19 354.373 259.906
20 367.886 255.719
21 365.781 260.808
22 360.125 261.931
23 371.809 260.877
24 368.494 254.982
25 359.299 252
26 354.522 252.083
27 437.681 250.496
28 373.2 257.196
29 361.663 258.5
30 345.832 255.951
31 361.204 251.082
32 340.1 255.875
33 360.304 247.837
34 336.856 252.44
35 367.75 268.496
36 352.96 252.321
37 359.653 250.819
38 357.488 246
39 341.863 257.325
40 349.9 254.615
41 362.69 250.236
42 357.542 253.239
43 364.672 250.759
44 335.628 258.5
45 355.18 257.441
46 355.311 266.97
47 348.798 253.496
48 357.743 250.663
49 365.056 250.388
50 366.486 252.992
51 356.441 249.355
52 364.576 244.438
53 358.103 256.835
54 357.049 266.933
55 359.667 263.393
56 357.284 261.952
57 346.886 256.72
58 355.82 250.928
59 354.849 250.488
60 370.608 248.387
61 365.262 254.24
62 363.346 251.968
63 380.358 258.198
64 363.384 241.313
65 355.311 244.9
66 359.751 254.488
67 364.022 249.992
68 364.027 263.907
69 366.606 249.608
70 357.055 253.085
71 357.986 258.674
72 372.559 236.347
73 369.478 254.874
74 349.159 249.8
75 351.397 257.488
76 349.494 266.252
77 315.721 253.44
78 341.614 270.444
79 352.267 255.842
80 369.654 247.982
81 355.193 257.765
82 349.106 264.992
83 363.916 252.998
84 358.94 253.716
85 358.288 254.874
86 361.237 252.982
87 369.324 251.664
88 354.897 249.487
89 368.011 252.873
90 351.966 247.927
91 357.881 245.982
92 358.668 261.442
93 405.482 255.5
94 356.476 254.874
95 346.981 259.808
96 374.422 253.874
97 351.943 257.461
98 351.128 248.439
99 364.916 259.199
100 362.133 235.266
101 357.841 249.439
102 357.085 252.968
103 356.415 261.998
104 358.748 251.488
105 353.918 260.246
106 357.088 244.945
107 368.939 251.553
108 361.215 263.363
109 364.464 247.415
110 357.827 246.386
111 357.744 255.951
112 344.423 257.969
113 367.886 264.908
114 362.218 248.928
115 358.887 245.992
116 370.155 267.933
117 347.59 257.983
118 365.422 263.42
119 368.923 267.933
120 363.772 251.416
121 348.713 252.496
122 357.488 253.46
123 362.068 257.952
124 354.33 252.282
125 357.986 246.992
126 356.48 251.664
127 362.338 254.763
128 353.454 253.389
129 369.8 255.904
130 362.138 243.967
131 357.986 261.461
132 376.727 250.188
133 352.386 247.499
134 343.5 265.157
135 367.048 247.605
136 367.15 253.951
137 351.821 259.877
138 358.647 260.931
139 353.098 250.968
140 353.186 255.842
141 354.011 261.952
142 359.224 253.841
143 346.087 256.369
144 365.554 250.4
145 368.054 255.951
146 364.464 245.385
147 366.314 250.968
148 348.543 264.25
149 344.63 250.496
150 363.681 256.242
151 364.598 256.297
152 356.511 256.496
153 359.881 258.093
154 366.762 255.284
155 360.294 247.871
156 352.914 254.5
157 377.38 264
158 350.905 261.461
159 357.097 250.416
160 354.901 263.443
161 354.627 259.507
162 342.666 259.199
163 357.26 265.97
164 364.685 245.707
165 354.728 253.992
166 362.902 260.877
167 357.484 253.085
168 364.353 259.767
169 361.649 243
170 358.103 250.424
171 354.897 253.969
172 353.186 253.998
173 359.858 258.952
174 347.261 263.811
175 357.986 249.95
176 361.129 250.713
177 364.723 256.488
178 356.859 261.327
179 341.895 256.93
180 352.292 251.388
181 362.576 264.908
182 341.409 258.418
183 336.437 251.321
184 352.718 254.929
185 353.047 248.992
186 294.822 257.488
187 349.243 252.428
188 360.104 258.227
189 365.262 261.461
190 372.717 246.13
191 361.762 254.389
192 349.044 243.869
193 393.21 259.767
194 356.321 246.949
195 361.404 252.389
196 369.502 257.721
197 369.202 247.459
198 345.471 249.499
199 356.741 265.932
200 362.576 253.951
201 350.605 249.487
202 352.463 252.715
203 354.435 253.44
204 343.671 244.459
205 346.886 245.475
206 355.311 251.714
207 358.548 250.354
208 351.881 257.765
209 371.16 254.615
210 347.79 251.496
211 347.534 259.992
212 358.664 251.237
213 358.548 258.36
214 356.859 256.875
215 340.2 259.095
216 356.427 249.459
217 344.945 262.97
218 352.033 247.734
219 361.92 266.331
220 392.312 257
221 348.356 257.765
222 355.193 250.992
223 372.629 254.488
224 443.603 256.875
225 364.546 253.361
226 353.631 245.992
227 356.765 251.476
228 345.808 244.706
229 364.472 252.873
230 342.111 248.391
231 341.139 243.499
232 365.709 260.419
233 350.354 262.5
234 359.733 257.564
235 350.247 252.46
236 370.4 250.416
237 365.582 254.717
238 351.547 260.952
239 355.9 261.878
240 355.869 248.606
241 357.662 246.414
242 344.465 249.838
243 352.033 261.201
244 353.186 246.073
245 364.916 263.68
246 344.946 258.093
247 362.458 253.667
248 354.638 259.877
249 380.434 256.982
250 345.022 264.462
251 355.199 245.479
252 363.673 257.091
253 364.052 248.415
254 349.8 258.621
255 358.748 257.62
256 358.873 258.952
257 350.869 256.488
258 342.666 261.496
259 354.076 252.715
260 360.383 260.038
261 356.651 254.476
262 358.625 261.998
263 356.535 263.983
264 362.271 255.904
265 352.511 247.95
266 360.658 251.492
267 358.668 260.808
268 356.983 251.998
269 338.194 249.998
270 353.918 255.832
271 369.072 256.461
272 358.309 258.992
273 354.965 249.902
274 334.419 254.804
275 360.562 245.495
276 347.997 255.496
277 364.546 260.442
278 375.092 250.356
279 347.53 250.496
280 358.647 246.268
281 354.102 241.437
282 355.421 250.902
283 362.301 251.998
284 348.246 258.441
285 366.811 253.46
286 368.137 268.209
287 354.401 250.982
288 373.363 244.835
289 352.003 263.983
290 358.909 244.229
291 357.571 254.717
292 362.91 254.717
293 407.743 251.496
294 340.007 253.951
295 346.987 251.992
296 355.38 256.93
297 366.232 254.668
298 353.338 246.481
299 354.925 256.39
300 365.034 259.442
301 358.262 252.321
302 358.195 254.476
303 360.855 246.982
304 350.542 253.282
305 354.415 252.46
306 353.432 247.992
307 350.813 255.764
308 358.438 247.837
309 359.224 258.147
310 340.035 263.386
311 373.176 257.371
312 355.193 255.951
313 361.21 256.842
314 356.802 255.969
315 359.207 259.037
316 360.375 251.903
317 359.893 257.998
318 374.412 257.391
319 352.179 260.488
320 366.426 254.46
321 357.29 261.496
322 361.663 250.998
323 342.316 243
324 356.738 256.671
325 355.472 253.239
326 338.089 252.238
327 362.138 261.952
328 352.96 264.879
329 353.186 246.603
330 362.678 249.8
331 362.591 264.992
332 354.072 251.929
333 360.23 259.488
334 354.278 252.5
335 354.072 252.282
336 359.667 248.318
337 361.587 263.998
338 357.386 255.617
339 346.254 257.969
340 365.595 261.677
341 346.687 256.195
342 354.827 256.951
343 370.481 256.998
344 359.437 253.951
345 363.665 254.969
346 351.303 258.983
347 364.589 250.902
348 357.539 249.387
349 345.456 238.967
350 369.551 253.969
351 362.803 252.951
352 350.493 249.816
353 364.768 259.287
354 361.561 254.496
355 360 266.477
356 367.236 257.905
357 355.632 254.804
358 360.205 259
359 363.136 253.44
360 356.02 252.929
361 356.823 261.442
362 356.281 250.839
363 344.687 246.901
364 366.483 257.998
365 364.052 260.983
366 358.484 257.672
367 357.126 251
368 358.057 251.281
369 372.333 255.969
370 364.703 251.839
371 360.104 245.102
372 352.459 255.46
373 359.944 251.283
374 353.585 244.18
375 341.895 258.147
376 362.91 257.488
377 351.454 255.875
378 351.845 255.951
379 359.45 258.722
380 361.587 261.151
381 358.887 254.874
382 359.372 257.36
383 349.943 248.871
384 358.668 249.135
385 351.155 254.323
386 363.909 256.982
387 362.902 258.992
388 356.738 249.319
389 361.419 252.802
390 371.855 253.496
391 364.225 249.319
392 360.036 243.9
393 368.155 246.439
394 354.415 255.904
395 346.257 243.943
396 370.327 246.836
397 356.567 268.462
398 345.786 250.609
399 370.481 254.841
400 361.674 264.155
401 349.149 235.499
402 352.576 251.205
403 352.459 252.715
404 363.136 265.33
405 349.9 248.016
406 369.8 253.716
407 383.288 255.93
408 359.099 252.962
409 374.059 260.246
410 375.959 252.895
411 382.361 251.903
412 362.215 253.874
413 358.447 252.968
414 352.165 254.668
415 369.703 258.488
416 356.213 266.421
417 349.881 242.899
418 355.421 258.035
419 364.417 262.099
420 341.504 248.487
421 364.286 257.391
422 350.343 263.811
423 284.872 259.442
424 340.347 267.5
425 353.27 242.751
426 356.836 249.662
427 357.743 251.664
428 355.733 247.659
429 350.869 263.443
430 343.366 260.877
431 357.519 256.618
432 349.857 260.442
433 350.05 264.488
434 358.309 255.284
435 342.31 260.998
436 362.458 261.769
437 348.345 249.415
438 341.772 254.763
439 372.795 263.477
440 359.299 249.355
441 356.09 249.475
442 350.26 264.329
443 358.028 260.983
444 343.68 246.475
445 371.634 258.952
446 359.833 261.461
447 348.488 254.488
448 370.181 254.389
449 364.323 251.496
450 363.868 248.026
451 351.821 253.085
452 350.688 257.992
453 362.53 257.62
454 352.718 255.764
455 353.621 264.847
456 365.513 243.228
457 352.884 256.842
458 342.342 255.359
459 354.195 255.875
460 340.605 260.983
461 367.253 249.487
462 354.356 259.767
463 358.748 245.982
464 356.836 257.441
465 371.961 238.791
466 354.605 249.387
467 358.663 244.802
468 352.829 239.792
469 355.935 254.193
470 360.855 272.334
471 357.357 250.496
472 369.8 261.098
473 353.016 251.388
474 351.359 256.418
475 361.21 258.244
476 346.02 258.674
477 361.007 264.42
478 356.083 250.476
479 355.82 252.321
480 355.497 257.907
481 365.145 260.15
482 357.48 252.992
483 360.641 247.871
484 361.587 254.46
485 349.159 262.477
486 361.006 255.951
487 350.12 256.144
488 361.663 266.88
489 351.261 263.727
490 373.521 244.835
491 352.616 254.24
492 346.246 252.024
493 349.833 253.496
494 352.96 258.374
495 348.848 260.442
496 357.024 251.929
497 356.516 255.323
498 354.305 250.958
499 479.987 266.983
500 362.921 245.495
501 364.723 259.808
502 351.027 254.929
503 359.395 258.476
504 351.733 242.796
505 370.327 262.878
506 374.636 253.192
507 340.605 244.927
508 353.186 258.391
509 352.817 260.808
510 364.927 260.676
511 366.786 249.758
512 358.845 269.21
513 362.409 245.275
514 342.397 253.803
515 353.907 248.318
516 364.275 254.998
517 348.494 253.357
518 360.036 255.67
519 357.795 246.189
520 353.016 249.928
521 363.465 252.494
522 378.814 254.967
523 357.48 255.359
524 341.174 252.968
525 364.106 251.95
526 349.497 253.992
527 361.53 240.121
528 373.2 257.973
529 354.522 249.199
530 365.709 254.676
531 354.102 257.461
532 361.404 258.505
533 350.708 254.668
534 367.342 248.968
535 348.039 250.49
536 353.918 260.906
537 360.23 254.417
538 350.493 253.322
539 358.028 241.226
540 359.753 249.439
541 360.205 252.666
542 356.077 251.388
543 332.603 253.488
544 349.176 251.44
545 355.657 251.611
546 350.813 248.813
547 366.033 253.762
548 356.637 243.869
549 351.875 255.992
550 386.15 256.359
551 348.441 265
552 365.612 254.982
553 357.841 259.931
554 353.814 253.716
555 354.195 246.731
556 368.399 245.87
557 368.054 253.44
558 353.712 252.359
559 363.222 254.558
560 372.874 248.982
561 362.014 245.656
562 339.65 258.198
563 356.205 256.488
564 366.483 254.982
565 364.417 250.496
566 339.411 265.989
567 357.983 256.418
568 363.595 243.475
569 362.044 260.461
570 360.205 253.614
571 353.409 257.286
572 355.077 243.943
573 352.829 246.968
574 356.741 255.805
575 356.786 257.998
576 351.844 264.462
577 373.232 254.358
578 352.817 253.951
579 346.246 255.67
580 349.256 243.992
581 356.083 262.248
582 361.04 245.071
583 348.034 260.327
584 353.067 257.992
585 355.359 241.998
586 347.986 256.476
587 356.285 259.245
588 340.223 248.415
589 364.538 247.982
590 438.716 256.805
591 360.735 268.732
592 348.267 248.234
593 360.658 244.796
594 372.516 253.389
595 357.29 259.808
596 353.723 250.839
597 364.916 253.614
598 351.461 254.214
599 339.04 247.968
600 350.371 236.315
601 365.212 243.967
602 373.417 257.091
603 366.486 250.236
604 354.102 248.475
605 348.379 252.321
606 355.18 259.906
607 360.211 250.188
608 361.663 257.721
609 347.973 250.839
610 347.793 255.284
611 362.803 250.416
612 359.667 256.969
613 356.362 263.363
614 363.924 252.389
615 354.192 260.952
616 370.246 259.245
617 365.145 266.105
618 363.359 247.968
619 353.893 244.499
620 352.851 261.247
621 353.746 250.476
622 339.769 258.325
623 361.905 252.321
624 354.203 256.418
625 346.027 260.569
626 357.2 245.949
627 355.733 243.274
628 354.972 264.847
629 361.237 255.904
630 355.792 252.992
631 344.687 247.459
632 336.702 254.46
633 354.975 246.459
634 355.733 257.496
635 380.972 254.5
636 357.365 252.968
637 341.447 259.507
638 347.108 258.418
639 342.789 247.901
640 365.262 249.415
641 354.648 248.998
642 368.728 249.928
643 360.062 242.652
644 362.301 251.998
645 349.72 253.496
646 359.783 259.5
647 355.18 248.195
648 338.904 252.357
649 354.011 255.67
650 363.318 256.875
651 357.986 257.992
652 364.022 239.862
653 350.05 261.201
654 351.056 252.968
655 347.692 248.711
656 361.451 249.968
657 350.688 244.949
658 340.135 260.096
659 374.764 261.488
660 354.768 248.998
661 358.295 257.564
662 358.873 254.389
663 349.149 260.969
664 357.658 254.804
665 365.889 237.83
666 354.401 257.418
667 368.399 253.239
668 354.373 253.239
669 356.65 255.241
670 364.225 252.321
671 347.349 260.724
672 362.014 259.998
673 346.367 257.286
674 361.84 246.836
675 355.978 261.461
676 354.076 254.441
677 349.96 261.075
678 349.96 254.364
679 358.664 255.496
680 348.379 247.459
681 362.91 240.948
682 372.854 261.626
683 349.369 256.842
684 366.47 261.878
685 379.71 256.359
686 354.901 252.476
687 359.812 245.231
688 346.367 246.949
689 344.674 252.139
690 367.336 236.981
691 347.482 252.998
692 360.641 246.87
693 353.299 237.992
694 370.292 257.765
695 365.803 246.603
696 349.116 258.418
697 361.455 250.236
698 348.827 259.952
699 358.438 252.873
700 354.72 257.371
701 356.903 242.351
702 347.095 254.283
703 361.859 248.799
704 354.373 255.875
705 359.327 256.93
706 358.647 257.905
707 352.851 245.438
708 361.83 249.415
709 358.544 246.353
710 357.986 259.442
711 355.514 250.95
712 352.905 252.416
713 337.923 246.87
714 355.869 254.087
715 347.793 256.476
716 348.478 245.231
717 365.422 243.228
718 367.383 259.983
719 349.349 247.354
720 345.361 255.805
721 372.083 261.392
722 353.644 251.982
723 355.632 246.901
724 346.872 252.139
725 359.299 254.874
726 356.476 240.898
727 360.677 248.982
728 352.65 258.496
729 364.922 264.879
730 355.204 253.929
731 350.719 242.926
732 348.152 256.805
733 340.338 256.441
734 350.391 261.442
735 350.166 254.841
736 369.899 259.808
737 364.21 254.283
738 368.239 265.925
739 366.34 251.929
740 423.722 246.232
741 371.556 250.388
742 355.083 258.325
743 362.673 260.442
744 361.378 242.868
745 352.914 240.898
746 351.286 255.417
747 354.076 244.229
748 352.505 249.982
749 417.259 258.876
750 358.288 260.983
751 342.901 254.615
752 366.279 250.928
753 347.471 255.488
754 346.981 261.809
755 357.357 249.712
756 366.235 261.952
757 351.397 257.843
758 347.402 254.998
759 367.721 252.083
760 365.034 256.488
761 353.723 245.275
762 365.513 239.831
763 360.86 252.998
764 349.583 252.476
765 364.472 255.417
766 353.193 266.331
767 354.863 253.476
768 357.214 255.875
769 359.11 254.46
770 342.876 252.238
771 359.893 252.488
772 349.68 253.389
773 345.013 250.236
774 361.123 256.998
775 357.433 259.931
776 354.305 259.623
777 359.06 248.318
778 350.256 245.265
779 344.07 249.608
780 356.738 258.93
781 368.703 249.968
782 366.268 261.327
783 350.05 260.952
784 357.223 253.874
785 362.902 252.802
786 348.478 247.81
787 359.06 257.286
788 346.696 249
789 348.713 253.488
790 349.42 256.998
791 356.735 249.998
792 357.386 257.146
793 374.653 247.439
794 355.161 255.323
795 354.752 256.441
796 352.292 251.281
797 351.943 254.904
798 340.768 253.239
799 363.136 260.476
800 343.348 254.982
801 360.555 251.356
802 356.823 256.359
803 342.964 252.496
804 354.817 243.926
805 363.048 251.416
806 361.404 249.928
807 365.422 255.359
808 364.365 254
809 363.868 248.968
810 355.377 253.322
811 348.267 260.624
812 353.822 253.803
813 367.791 263.983
814 368.782 246.495
815 346.504 256.418
816 359.489 256.418
817 363.846 245.949
818 362.353 263.496
819 354.901 255.39
820 362.957 254.488
821 360.888 258.476
822 365.541 259.906
823 383.719 257.905
824 363.962 254.028
825 364.052 252.962
826 356.285 253.496
827 363.384 259.361
828 370.554 262.442
829 368.239 250.476
830 364.744 246.949
831 353.958 250.388
832 360.036 255.93
833 355.28 259.983
834 351.547 263.998
835 367.312 264.204
836 352.851 255.969
837 355.161 255.998
838 366.426 263.97
839 332.923 247.992
840 363.681 254.763
841 358.057 258.905
842 351.696 247.998
843 348.246 245.967
844 346.814 257.371
845 353.27 254.358
846 376.437 250.968
847 360 254.417
848 363.413 247.459
849 351.723 254.496
850 357.379 256.324
851 365.683 253.357
852 364.14 253.488
853 361.859 252.715
854 359.256 255
855 347.223 244.229
856 362.313 259.5
857 354.627 251.281
858 356.609 251.137
859 353.894 259.931
860 366.041 260.5
861 363.696 243.125
862 373.256 252.929
863 333.371 256.488
864 354.192 257.36
865 356.11 246.499
866 339.853 260.952
867 345.683 257.998
868 372.629 259.998
869 350.049 255.904
870 360.23 265.772
871 358.664 257.905
872 358.391 255.294
873 354.467 246.414
874 368.614 259.623
875 363.978 260.724
876 349.106 250.958
877 340.955 257.806
878 354.467 250.188
879 371.059 267.5
880 354.648 252.555
881 347.914 248.495
882 351.5 246.382
883 362.74 265.364
884 358.664 244.998
885 360.211 258.905
886 368.614 261.327
887 357.571 247.901
888 359.944 252.238
889 342.111 244.409
890 369.711 250.28
891 359.372 257.843
892 365.97 255.143
893 369.895 261.477
894 361.347 256.992
895 376.327 248.234
896 348.775 251.998
897 352.183 257.969
898 359.783 262.932
899 352.739 262.153
900 353.836 256.875
901 363.384 255.476
902 353.966 254.476
903 351.943 260.361
904 368.435 250.527
905 364.703 255.476
906 362.458 247.871
907 362.458 256.461
908 352.613 254.558
909 357.729 250.08
910 353.958 250.872
911 356.362 248.475
912 359.207 253.874
913 359.11 258.441
914 365.034 248.837
915 373.173 257.418
916 350.493 268.254
917 362.767 252.321
918 354.521 257.992
919 354.373 258.969
920 365.554 237.924
921 364.143 262.488
922 361.455 243.274
923 369.049 265.443
924 352.914 262.42
925 364.678 251.356
926 356.65 253.557
927 358.028 243.949
928 344.677 254.193
929 470.096 252.802
930 355.927 255.842
931 350.708 248.606
932 388.358 252.761
933 353.193 251.5
934 334.21 263.727
935 351.261 252.749
936 349.256 254.417
937 353.454 257.876
938 376.883 257.441
939 367.984 261.419
940 362.09 268.496
941 357.301 269.333
942 363.07 252.19
943 354.274 250.488
944 359.489 261.327
945 360.555 251.496
946 355.528 252.587
947 369.703 257.503
948 356.415 258.244
949 359.812 248.355
950 355.193 249.662
951 348.569 260.983
952 355.083 242.273
953 356.476 254.998
954 338.718 254.24
955 344.687 257.286
956 354.522 248.318
957 352.094 240.121
958 338.176 253.898
959 362.301 261.442
960 350.591 248.387
961 357.744 251.5
962 344.891 253.476
963 359.944 252.962
964 357.986 247.415
965 367.831 256.418
966 364.143 253
967 342.357 251.839
968 348.167 249.95
969 345.694 254.087
970 359.374 246.13
971 357.743 255.323
972 364.225 251.5
973 353.746 261.201
974 358.391 255.764
975 357.827 258.418
976 354.734 261.906
977 359.131 257.325
978 351.568 256.461
979 357.744 247.495
980 359.54 246.87
981 341.64 241.998
982 356.765 251.189
983 365.034 265.33
984 362.215 262.393
985 367.236 252.44
986 346.664 254.46
987 346.981 251.929
988 350.885 259.287
989 365.688 260.969
990 360.25 254.323
991 366.881 254.441
992 367.317 258.496
993 358.664 246.949
994 337.756 258.36
995 351.397 246.836
996 343.937 255.359
997 344.569 241.948
998 352.446 261.442
999 356.185 260.308
1000 344.151 254.992
1001 314.476 262.328
1002 368.782 252.715
1003 333.284 254.668
1004 363.696 258.391
1005 366.393 259.675
1006 364.225 247.354
1007 348.712 255.805
1008 346.139 260.419
1009 356.09 247.837
1010 353.514 263.496
1011 356.511 260.768
1012 365.127 260.2
1013 367.693 253.44
1014 357.983 257.461
1015 350.885 259.877
1016 363.916 255.476
1017 359.316 246.475
1018 355.652 253.357
1019 360.294 261.392
1020 357.542 253.904
1021 354.055 260.931
1022 364.873 257.441
1023 350.999 254.46
1024 360.6 259.931
1025 360.677 256.842
1026 358.028 254
1027 359.489 258.998
1028 346.432 253.716
1029 358.909 251.44
1030 371.447 257.62
1031 349.251 251.553
1032 366.332 243.834
1033 360.25 251.802
1034 365.926 249.66
1035 358.548 255.476
1036 330.094 258.983
1037 362.69 245.967
1038 361.269 254.763
1039 364.022 255.088
1040 374.339 257.5
1041 347.241 253.389
1042 345.977 262.878
1043 344.778 256.285
1044 357.423 258.722
1045 361.859 253.762
1046 350.256 250.95
1047 366.148 253.998
1048 354.275 252.496
1049 341.868 244.835
1050 346.925 251.492
1051 370.513 245.9
1052 359.881 259.461
1053 366.47 261.477
1054 363.136 256.805
1055 366.078 252.5
1056 343.773 252.496
1057 350.632 247.871
1058 356.651 252.44
1059 356.281 250.28
1060 366.005 254.441
1061 356.052 256.501
1062 358.887 256.951
1063 359.11 243.274
1064 367.14 258.287
1065 356.427 253.357
1066 346.981 249.872
1067 361.953 263.68
1068 353.836 254.904
1069 358.845 248.928
1070 363.681 252.715
1071 360.562 259.844
1072 357.592 249.495
1073 358.195 250.998
1074 358.845 248.66
1075 354.827 251.968
1076 348.416 253.322
1077 351.172 244.315
1078 365.852 257.93
1079 365.229 270.255
1080 358.522 257.286
1081 345.471 248.992
1082 357.488 250.5
1083 347.793 245.475
1084 348.441 248.185
1085 349.857 257.391
1086 361.561 250.968
1087 369.8 249.235
1088 362.781 254.841
1089 354.972 254.982
1090 368.043 252.873
1091 356.535 247.798
1092 361.404 259.906
1093 367.034 255.088
1094 355.644 255.029
1095 348.267 253.239
1096 349.72 252.968
1097 359.207 254.668
1098 354.768 260.569
1099 342.434 253.43
1100 336.954 250.992
1101 355.869 257.876
1102 361.129 261.362
1103 333.563 257.418
1104 346.814 257.496
1105 346.553 255.842
1106 362.678 248.66
1107 341.482 247.837
1108 343.562 249.351
1109 350.999 247.014
1110 363.07 256.5
1111 356.98 258.905
1112 362.902 255.764
1113 368.939 250.496
1114 371.405 249.279
1115 365.327 259.998
1116 349.385 254.323
1117 350.049 247.184
1118 359.437 254.441
1119 346.83 255.992
1120 355.9 247.546
1121 367.396 260.476
1122 365.262 249.902
1123 360.799 249.608
1124 346.886 254.874
1125 361.455 253
1126 361.895 257.196
1127 349.239 257.496
1128 364.678 261.878
1129 367.778 245.87
1130 345.868 248.355
1131 360.342 254.929
1132 354.728 253.716
1133 349.628 247.233
1134 353.746 251.611
1135 362.864 255.951
1136 362.215 251.44
1137 347.589 262.202
1138 364.323 257.992
1139 356.197 253.282
1140 351.602 248.485
1141 357.771 261.488
1142 360 249.415
1143 341.21 256.982
1144 344.122 264
1145 351.733 264.394
1146 361.895 259.844
1147 352.616 259.906
1148 364 259.419
1149 363.742 256.562
1150 344.465 255.143
1151 359.374 259.392
1152 363.595 258.488
1153 364.022 244.869
1154 367.75 249.439
1155 361.53 254.46
1156 391.382 250.476
1157 364.777 246.87
1158 360.074 249.992
1159 360.789 255.875
1160 354.33 251.873
1161 364.387 255.805
1162 360.493 262.726
1163 359.667 243.384
1164 357.827 256.369
1165 346.02 253.557
1166 352.511 258.461
1167 357.743 244.9
1168 362.09 259.808
1169 358.43 248.992
1170 359.881 261.419
1171 360.4 258.674
1172 361.298 255.284
1173 355.528 250.928
1174 351.09 243.998
1175 366.246 253.085
1176 360.888 253.716
1177 355.601 259.906
1178 360.2 257.325
1179 363.048 256.496
1180 354.175 255.764
1181 342.946 238.529
1182 370.608 260.808
1183 364.472 266.5
1184 347.027 255.46
1185 351.618 250.32
1186 369.529 255.294
1187 345.207 249.838
1188 357.113 250.928
1189 357.29 257.476
1190 361.347 265.33
1191 362.767 263.983
1192 353.893 251.321
1193 354.965 255.359
1194 373.623 252.357
1195 350.166 240.998
1196 363.22 266
1197 356.285 251.281
1198 339.976 250.356
1199 341.614 248.355
1200 353.067 257.36
1201 347.62 260.288
1202 361.215 252.929
1203 352.704 261
1204 362.533 262.81
1205 355.792 251.281
1206 362.566 258.674
1207 357.539 254.389
1208 365.602 253.667
1209 360.375 255.241
1210 360.916 241.172
1211 349.17 249.135
1212 365.709 255.029
1213 340.097 260.419
1214 349.296 258.391
1215 357.771 259.977
1216 356.945 253.46
1217 387.732 251.5
1218 360.855 261.488
1219 342.555 243.274
1220 344.891 262.846
1221 390.891 253.874
1222 370.016 253.762
1223 359.395 262.362
1224 355.727 253.239
1225 363.595 254.283
1226 359.505 252.282
1227 374.027 258.722
1228 364.598 246.459
1229 359.224 258.674
1230 339.976 247.318
1231 370.076 250.416
1232 352.466 253.614
1233 364.472 252.238
1234 369.5 262.496
1235 361.762 251.873
1236 354.817 259.983
1237 352.061 246.414
1238 358.575 242.273
1239 357.659 253.496
1240 346.02 270.496
1241 366.826 253.496
1242 363.916 259.844
1243 362.657 258.488
1244 367.064 257.93
1245 360.117 253.904
1246 360.342 257.998
1247 360.062 265.292
1248 351.75 255.39
1249 358.748 254.9
1250 458.535 258.93
1251 357.211 262.248
1252 354.522 248.459
1253 365.23 256.905
1254 353.746 262.983
1255 325.346 268.496
1256 354.401 252.416
1257 344.967 256.875
1258 350.611 258.418
1259 361.762 260.979
1260 339.65 254.283
1261 357.936 244.385
1262 354.401 246.968
1263 352.551 244.274
1264 353.069 251.46
1265 367.936 252
1266 360.125 258.461
1267 358.195 258.488
1268 358.438 258.244
1269 361.859 251.189
1270 368.837 266.983
1271 350.086 252.802
1272 352.007 253.951
1273 362.458 255.875
1274 351.379 261.289
1275 350.5 262.907
1276 353.299 249.712
1277 366.587 249.351
1278 368.043 253.5
1279 348.103 251
1280 349.703 253.192
1281 358.447 254.615
1282 357.743 253.476
1283 346.583 249.928
1284 352.292 256.242
1285 349.106 242.314
1286 347.692 249.279
1287 366.135 254.46
1288 370.157 249.319
1289 359.444 250.476
1290 356.836 249.277
1291 361.561 258.374
1292 364.417 251.426
1293 350.174 258.766
1294 351.733 254.763
1295 365.683 250.46
1296 358.262 255.488
1297 365.688 259.419
1298 357.323 254.929
1299 360.444 258.807
1300 359.372 242.458
1301 346.393 242.351
1302 368.619 250.388
1303 362.313 263.101
1304 363.223 256.285
1305 349.68 249.199
1306 363.681 259.392
1307 360.583 252.929
1308 362.301 258.807
1309 365.467 259.037
1310 359.11 256.144
1311 359.201 251.082
1312 359.555 257.476
1313 366.235 250.663
1314 362.69 252.992
1315 358.887 252.46
1316 364.587 246.317
1317 361.671 252.46
1318 353.631 250.136
1319 361.497 252.416
1320 365.212 251.281
1321 351.5 250.496
1322 363.249 254.717
1323 366.543 262.878
1324 358.117 259.361
1325 352.136 263.101
1326 376.468 252.998
1327 360.735 238.981
1328 356.11 249.982
1329 346.655 250.236
1330 357.642 252.357
1331 376.266 256.359
1332 354.863 254.904
1333 354.189 239.792
1334 354.274 251.982
1335 360.735 244.6
1336 357.423 258.844
1337 357.088 257.503
1338 367.042 247.992
1339 363.962 248.711
1340 353.822 252.761
1341 365.612 257.843
1342 352.061 258.147
1343 356.476 251.839
1344 354.863 252.968
1345 366.871 258.844
1346 356.415 247.233
1347 369.832 244.9
1348 358.936 259.476
1349 367.162 253.929
1350 380.393 246.65
1351 349.833 255.982
1352 368.578 256.39
1353 360.025 251.388
1354 361.918 260.509
1355 358.103 246.317
1356 348.261 258.722
1357 356.185 255.241
1358 351.373 260.998
1359 362.997 249.279
1360 343.441 254.291
1361 357.642 250.496
1362 362.501 255.417
1363 352.914 250.928
1364 347.138 248.992
1365 333.721 248.998
1366 339.308 247.927
1367 362.13 260.327
1368 364.849 247.71
1369 358.094 250.44
1370 360.899 242.351
1371 358.184 253.762
1372 351.397 252.873
1373 353.593 252.428
1374 357.936 251.356
1375 355.587 245.982
1376 345.808 264.63
1377 353.007 256.359
1378 373.417 258.905
1379 354.415 256.476
1380 351.437 256.805
1381 349.339 264.987
1382 354.192 246.353
1383 366.931 258.441
1384 355.978 260.461
1385 373.256 251.388
1386 350.5 255.088
1387 366.543 260.724
1388 356.185 254.992
1389 355.18 247.901
1390 362.957 262.328
1391 352.179 254.841
1392 356.931 243.998
1393 361.215 264.953
1394 361.953 244.315
1395 351.167 270.688
1396 360.669 257.721
1397 356.197 252.951
1398 357.743 258.998
1399 359.753 249.85
1400 368.261 257.5
1401 350.26 258.93
1402 348.039 265.157
1403 367.336 243.475
1404 360.916 257.992
1405 350.688 256.5
1406 356.382 260.914
1407 359.099 252.929
1408 357.659 260.983
1409 354.401 258.93
1410 372.629 254.804
1411 356.738 253.951
1412 356.836 257.721
1413 343.759 260.379
1414 350.086 249.758
1415 370.162 247.95
1416 363.22 253.874
1417 357.19 257.391
1418 364.873 243.352
1419 354.373 257.5
1420 347.436 242.384
1421 352.176 257.286
1422 362.803 255
1423 345.683 246.927
1424 348.039 257.488
1425 361.007 249
1426 354.752 258.488
1427 337.58 256.601
1428 348.798 257.992
1429 349.728 243.274
1430 361.587 265.477
1431 358.857 252.19
1432 357.881 251.44
1433 361.859 243.992
1434 367.24 243.125
1435 356.637 265.104
1436 353.508 257.876
1437 342.491 256.359
1438 368.321 256.441
1439 357.113 246.487
1440 344.913 257.5
1441 357.29 247.653
1442 367.693 258.496
1443 365.479 245.949
1444 352.727 245.949
1445 358.195 254.476
1446 357.19 258.952
1447 355.408 258.244
1448 358.994 254.476
1449 369.459 257.033
1450 358.103 249.928
1451 362.668 238.118
1452 362.501 264.908
1453 357.771 253.476
1454 351.955 263.932
1455 325.427 259.623
1456 354.401 253.803
1457 356.041 262.907
1458 353.368 255.951
1459 352.363 259.496
1460 352.817 251.664
1461 355.733 255.67
1462 343.937 263.983
1463 314.466 248
1464 351.16 253.417
1465 356.859 253.14
1466 345.078 257.564
1467 351.943 244.796
1468 353.27 264.155
1469 358.544 258.227
1470 347.707 244.949
1471 349.349 246.998
1472 351.733 259.877
1473 356.415 258
1474 346.617 249.116
1475 363.665 256.488
1476 357.571 245.87
1477 352.704 267.253
1478 362.839 255.359
1479 354.102 246.276
1480 358.218 266.993
1481 346.583 252.992
1482 345.647 251.992
1483 363.249 252.494
1484 314.757 251.873
1485 361.587 256.982
1486 360.583 254.763
1487 354.522 258.461
1488 344.967 246.459
1489 352.182 249.439
1490 360.899 256.805
1491 379.845 260.931
1492 354.521 253.192
1493 364.231 249.459
1494 359.678 252.5
1495 358.936 256.969
1496 353.144 251.476
1497 459.353 242.652
1498 362.243 242.751
1499 349.628 255.366
1500 358.647 252.042
1501 360.766 253.357
1502 358.095 250.998
1503 359.55 260.15
1504 367.721 255.982
1505 351.056 250.902
1506 372.618 261.878
1507 371.259 244.927
1508 347.53 256.144
1509 354.192 251.873
1510 360.562 268.732
1511 363.318 248.495
1512 361.84 247.734
1513 362.458 262.5
1514 339.099 247.95
1515 361.569 253.992
1516 354.192 239.27
1517 369.772 248.439
1518 368.782 245.487
1519 352.612 247.605
1520 356.637 259.419
1521 363.14 247.756
1522 358.575 263
1523 349.604 253.874
1524 350.714 251.388
1525 358.625 248.487
1526 367.831 248.278
1527 354.728 242.124
1528 348.152 247.546
1529 362.678 249.95
1530 333.823 251.416
1531 346.664 259.496
1532 360.205 254.488
1533 352.403 251.873
1534 347.482 247.95
1535 339.753 263.488
1536 368.825 254.193
1537 353.915 249.992
1538 352.065 249.998
1539 364.027 256.992
1540 352.062 253.904
1541 358.369 260.308
1542 348.698 250.968
1543 356.427 256.973
1544 359.85 253.614
1545 362.011 257.325
1546 360.551 256.285
1547 349.628 253.14
1548 353.27 244.487
1549 350.949 255
1550 359.912 259.912
1551 356.741 260.983
1552 367.615 253.992
1553 357.211 263.985
1554 357.423 254.841
1555 350.542 252.416
1556 361.762 250.416
1557 356.083 247.354
1558 345.23 251.356
1559 349.339 250.968
1560 343.01 247.415
1561 361.065 259.992
1562 350.714 251.873
1563 366.135 247.992
1564 355.193 251.476
1565 354.047 245.982
1566 368.011 262.998
1567 362.353 256.93
1568 344.517 259.461
1569 354.72 258.969
1570 366.033 257.672
1571 348.103 257.36
1572 354.965 261.983
1573 351.261 261.5
1574 366.214 249.758
1575 354.333 244.835
1576 353.016 250.95
1577 359.201 247.982
1578 371.16 258.975
1579 345.612 260.5
1580 356.02 252.761
1581 352.851 247.998
1582 368.244 246.949
1583 358.391 259.496
1584 365.034 250.839
1585 363.136 247.499
1586 356.476 254.323
1587 352.267 256.905
1588 363.603 252.715
1589 353.652 262.362
1590 359.192 251.611
1591 366.856 250.801
1592 360.23 253.026
1593 358.43 251.388
1594 365.277 254.763
1595 365.212 259.931
1596 353.186 247.952
1597 358.295 264.681
1598 342.775 249.712
1599 372.083 268.421
1600 356.348 259.461
1601 362.313 250.982
1602 374.059 259.149
1603 362.91 257.952
1604 361.587 252.389
1605 362.802 253.14
1606 368.011 246.414
1607 357.744 249.187
1608 402.095 260.676
1609 356.317 258.325
1610 355.18 258.325
1611 362.767 253.44
1612 367.336 252.488
1613 369.249 241.938
1614 367.936 260
1615 377.425 250.28
1616 362.501 255.998
1617 363.535 261.247
1618 345.774 258.5
1619 370.868 254.763
1620 364.609 262.932
1621 358.295 248.387
1622 341.106 250.5
1623 355.632 254.998
1624 363.924 251.496
1625 363.788 248.278
1626 370.628 253.904
1627 354.923 254.028
1628 365.595 249.95
1629 381.759 263.393
1630 362.501 247.81
1631 356.535 249.872
1632 344.946 250.968
1633 359.199 254.496
1634 343.631 252.761
1635 351.602 244.475
1636 363.696 251.356
1637 341.447 260.361
1638 362.338 259.931
1639 351.359 248.902
1640 356.317 274.818
1641 352.505 257.969
1642 347.534 254.193
1643 358.647 260.906
1644 362.011 248.234
1645 341.782 260.488
1646 354.559 255.969
1647 352.429 257.325
1648 346.553 258.418
1649 361.109 252.389
1650 351.397 255.323
1651 360.375 250.902
1652 341.044 249.279
1653 334.419 260.446
1654 351.845 257.391
1655 361.918 255.982
1656 362.591 253.965
1657 341.048 256.998
1658 354.373 253.667
1659 314.385 264.42
1660 351.461 255.5
1661 358.218 250.488
1662 357.2 248.992
1663 364.225 254.998
1664 360 250.928
1665 355.64 248.495
1666 355.644 256.476
1667 358.128 259.767
1668 359.753 260.5
1669 369.843 242.926
1670 363.696 250.992
1671 372.907 267.522
1672 349.082 257.998
1673 350.371 257.5
1674 348.597 245.071
1675 359.85 257.091
1676 367.24 254.5
1677 354.192 247.992
1678 354.415 266.788
1679 353.631 249.439
1680 352.037 254.763
1681 381.662 255.241
1682 358.484 250.49
1683 355.514 255.719
1684 366.933 260.476
1685 371.405 255
1686 349.628 251
1687 352.061 259.461
1688 365.688 260.808
1689 350.166 252.46
1690 371.995 257.93
1691 351.733 252.321
1692 354.521 247.354
1693 349.112 254.804
1694 362.576 252.873
1695 355.28 257.952
1696 341.488 263.727
1697 364.14 248.349
1698 360.493 251.714
1699 352.041 255.93
1700 363.249 257.441
1701 367.312 251.488
1702 357.771 263.044
1703 360.211 259.5
1704 363.595 252.476
1705 357.841 257.36
1706 366.06 258.488
1707 361.331 251.496
1708 372.484 261.931
1709 361.136 255.323
1710 333.509 258.476
1711 355.851 251.44
1712 349.159 249.956
1713 363.681 252.666
1714 367.978 256.93
1715 373.164 254.283
1716 358.663 254.283
1717 357.301 244.414
1718 362.957 249.956
1719 363.436 260.969
1720 369.843 264.953
1721 367.831 263.443
1722 365.13 257.325
1723 354.274 262.81
1724 352.739 256.476
1725 353.857 261.809
1726 359.633 255.951
1727 364.417 264.363
1728 360.117 250.713
1729 351.845 254.441
1730 360.121 249.439
1731 342.673 248.499
1732 365.027 246.459
1733 353.299 250.388
1734 361.123 259.326
1735 353.144 252.895
1736 341.21 238.223
1737 351.397 266.293
1738 347.997 253.44
1739 353.098 256.418
1740 356.859 254.028
1741 360.117 247.495
1742 342.946 252.19
1743 374.094 255.875
1744 358.218 252.083
1745 351.505 253.5
1746 364.417 250.902
1747 356.041 252.929
1748 354.521 245.754
1749 361.007 251.496
1750 366.517 265.5
1751 361.497 257.905
1752 362.566 260.992
1753 352.505 251.388
1754 334.452 248.485
1755 347.34 262.477
1756 349.149 255.241
1757 345.694 255.441
1758 355.459 247.871
1759 337.194 260.931
1760 357.617 247.277
1761 336.303 250.982
1762 357.539 253.44
1763 350.839 250.49
1764 357.744 250.44
1765 359.207 263.574
1766 352.718 251.873
1767 357.176 255.992
1768 359.783 253.322
1769 346.664 254.46
1770 360.949 257.998
1771 358.057 258.441
1772 342.31 245.542
1773 354.274 256.764
1774 352.463 250.992
1775 355.831 257.806
1776 346.027 243.834
1777 347.931 248.954
1778 364.678 253.614
1779 361.918 253.496
1780 376.433 246.487
1781 353.517 253.951
1782 358.887 246.353
1783 354.175 259.361
1784 358.103 248.278
1785 351.038 252.84
1786 347.223 249.415
1787 351.875 248.837
1788 351.943 244.229
1789 361.663 254.214
1790 354.522 250.801
1791 365.928 255.998
1792 359.633 250
1793 352.551 253.496
1794 362.133 265
1795 364.308 260.496
1796 359.85 242.487
1797 364.413 246
1798 374.075 254.142
1799 355.737 263.443
1800 345.521 252.44
1801 355.199 252.873
1802 344.877 249.279
1803 377.542 253.44
1804 349.256 250.819
1805 354.356 249.758
1806 366.148 250.354
1807 361.671 241.992
1808 363.924 258.147
1809 353.785 245.9
1810 356.185 260.969
1811 362.458 257.969
1812 359.55 244.352
1813 350.688 253.282
1814 373.292 243.639
1815 361.298 258.5
1816 361.378 259.906
1817 355.978 257.806
1818 359.335 252.982
1819 357.571 254.5
1820 352.507 257.391
1821 369.175 250.388
1822 337.962 251.356
1823 357.881 259.037
1824 356.052 252.929
1825 359.758 258.905
1826 356.875 249.459
1827 351.821 249.8
1828 362.569 254.998
1829 356.205 249.758
1830 356.321 253.827
1831 348.203 262.97
1832 352.96 251.664
1833 366.881 250.801
1834 348.878 251.982
1835 365.97 255.875
1836 353.27 257.488
1837 365.852 255.998
1838 359.395 245.967
1839 364.538 257.36
1840 359.121 268.97
1841 362.767 255.476
1842 361.905 251.426
1843 357.841 247.659
1844 360.122 253.496
1845 354.373 248.968
1846 360.837 260.327
1847 364.106 255.875
1848 354.415 246.708
1849 353.73 260.476
1850 371.074 268.814
1851 342.111 252.992
1852 358.204 252.612
1853 371.405 263.477
1854 360.304 266.998
1855 357.841 244.643
1856 359.555 249.235
1857 370.443 260.476
1858 362.668 260.442
1859 367.08 258.391
1860 365.923 253.496
1861 372.29 257.62
1862 345.242 257.091
1863 364.873 254.951
1864 368.837 251.893
1865 359.783 255.93
1866 347.402 246.487
1867 374.985 248.278
1868 355.831 255.284
1869 360.446 256.09
1870 369.402 246.949
1871 362.767 253.488
1872 354.055 254.358
1873 361.109 252.282
1874 453.916 248.95
1875 369.345 252.494
1876 359.893 255.323
1877 352.81 257.488
1878 364.027 245.385
1879 349.6 244.796
1880 349.082 260.246
1881 338.127 242.351
1882 459.394 251.476
1883 375.1 262.81
1884 358.993 262.97
1885 369.951 248.185
1886 342.888 254.283
1887 366.06 260.979
1888 350.256 260.15
1889 354.511 252.84
1890 366.933 246.276
1891 353.517 253.239
1892 362.566 253.614
1893 334.954 246.13
1894 367.317 255.496
1895 358.857 247.459
1896 363.962 254.441
1897 367.617 250.968
1898 368.982 256.221
1899 362.574 260.5
1900 360.125 262.477
1901 356.931 248.902
1902 356.931 253.992
1903 359.812 247.184
1904 363.048 241.632
1905 363.909 257.496
1906 359.11 257.672
1907 363.765 258.244
1908 354.648 254.804
1909 351.426 257.969
1910 365.426 259.906
1911 354.638 242.794
1912 360.062 245.927
1913 367.882 251.137
1914 353.621 253.982
1915 354.863 255.842
1916 352.165 252.968
1917 366.32 257.62
1918 352.463 253.476
1919 373.417 258.093
1920 359.881 262.85
1921 348.827 251.746
1922 343.795 252.238
1923 365.397 246.949
1924 363.909 244.9
1925 359.541 257.503
1926 364.867 250.872
1927 364.986 258.476
1928 343.956 268.814
1929 355.563 254.668
1930 360.304 260.877
1931 362.74 255.323
1932 390.507 256.359
1933 371.712 245.9
1934 361.696 261.327
1935 358.057 267.5
1936 364 256.683
1937 350.45 261.952
1938 341.504 248.95
1939 344.778 251.388
1940 354.274 242.458
1941 360 254.028
1942 357.744 253.211
1943 354.33 253.361
1944 352.403 255.982
1945 348.379 254.323
1946 357.571 265.729
1947 351.955 244.499
1948 354.817 258.36
1949 368.083 249.387
1950 365.13 256.93
1951 365.683 257.196
1952 357.176 256.93
1953 369.159 257.969
1954 353.409 247.871
1955 361.561 258.807
1956 358.309 240.867
1957 357.744 254.969
1958 352.95 254.193
1959 348.152 259.767
1960 352.062 248.886
1961 352.96 265.908
1962 346.02 258.876
1963 356.041 251.205
1964 358.575 246.755
1965 337.745 251.488
1966 355.563 267.496
1967 341.503 248.968
1968 342.476 260.983
1969 357.662 256.285
1970 353.723 261.461
1971 363.208 245.499
1972 364.022 258.565
1973 355.644 259.507
1974 345.013 248.799
1975 352.263 243.9
1976 369.439 253.965
1977 362.353 252.5
1978 369.703 263.462
1979 364.022 252.998
1980 359.444 244.475
1981 365.338 253.417
1982 352.033 254.967
1983 368.923 260.992
1984 319.23 263.727
1985 352.95 244.835
1986 359.989 255.366
1987 344.913 257.843
1988 350.592 254.558
1989 365.027 253.282
1990 359.11 260.5
1991 346.341 259.199
1992 362.215 255.284
1993 353.116 232.946
1994 355.032 264.681
1995 339.544 237.529
1996 358.668 245
1997 363.413 256.93
1998 366.486 257.239
1999 353.585 252.555
2000 354.559 240.867
2001 358.668 252.321
2002 352.551 252.968
2003 373.2 264.496
2004 357.521 249.902
2005 356.197 260.676
2006 302.182 252.951
2007 353.463 256.496
2008 357.113 262.627
2009 366.614 258.198
2010 351.568 263.97
2011 345.977 249.421
2012 354.076 254.717
2013 350.936 265.206
2014 351.696 254.476
2015 361.602 252.998
2016 368.043 258.488
2017 348.99 260.624
2018 361.331 252.929
2019 372.41 254.969
2020 351.568 246.927
2021 349.68 240.15
2022 359.55 236.696
2023 354.768 259.461
2024 365.371 249.319
2025 360.758 264.462
2026 419.792 253.998
2027 360.104 254.829
2028 361.006 260.2
2029 356.02 250.28
2030 349.485 255.194
2031 366.148 247.798
2032 348.138 252.428
2033 360.514 250.872
2034 351.812 253.14
2035 349.604 257.488
2036 370.608 253.44
2037 353.514 252
2038 367.978 260.15
2039 349.364 252.802
2040 359.944 252.761
2041 363.582 244.315
2042 353.644 262.983
2043 362.218 253.803
2044 350.611 255.5
2045 361.859 263.443
2046 350.05 245.495
2047 362.762 259.723
2048 364.052 249.8
2049 358.748 257.36
2050 368.011 247.95
2051 356.427 251.839
2052 356.427 250.663
2053 365.479 250.356
2054 350.592 251.388
2055 369.402 243.315
2056 359.374 245.992
2057 349.604 259.623
2058 354.522 250.992
2059 373.229 248
2060 345.248 248.495
2061 347.482 240.649
2062 352.718 254.763
2063 370.533 255.56
2064 355.311 243.315
2065 368.561 250.488
2066 354.648 257.325
2067 360.899 256.441
2068 345.427 252.139
2069 359.525 250.236
2070 346.118 251.46
2071 345.774 249.495
2072 353.27 249.475
2073 363.413 247.415
2074 366.931 250.496
2075 347.266 252.496
2076 353.144 264.496
2077 351.618 251.476
2078 350.808 253.998
2079 360.074 264.847
2080 359.667 251.873
2081 354.511 246.992
2082 366.235 250.872
2083 356.285 258.952
2084 361.298 263.983
2085 360.837 253.841
2086 358.117 259.496
2087 363.555 251.714
2088 372.618 246.992
2089 361.347 260.808
2090 359.201 274.398
2091 361.455 257
2092 352.64 249.319
2093 357.642 251.388
2094 349.703 249.968
2095 348.698 253.44
2096 360.658 257.286
2097 366.041 256.242
2098 373.417 257.441
2099 354.305 246.755
2100 356.317 245.927
2101 351.255 251.022
2102 378.619 246.87
2103 361.455 257.721
2104 362.864 251.992
2105 353.454 260.983
2106 360.211 251.76
2107 364.777 254.992
2108 360.677 258.441
2109 358.887 251.44
2110 359.944 262.983
2111 363.439 262.461
2112 365.212 253.998
2113 353.555 248.871
2114 352.914 261.998
2115 353.069 255.904
2116 352.761 253.389
2117 366.933 264.25
2118 355.106 251.873
2119 360 253.5
2120 353.966 258.844
2121 357.433 261.677
2122 372.907 257.5
2123 365.541 256.242
2124 362.91 263.811
2125 355.359 247.871
2126 353.17 249.968
2127 353.822 255.323
2128 364.966 253.904
2129 357.519 252.761
2130 348.597 251.998
2131 363.962 258.905
2132 361.347 250.982
2133 377.09 248.016
2134 349.604 252.139
2135 353.394 249.982
2136 361.587 252.903
2137 359.335 253.496
2138 358.438 251.839
2139 364.966 269.85
2140 350.45 261.247
2141 349.6 246.998
2142 356.285 257.969
2143 356.931 263.983
2144 361.773 257.496
2145 349.044 253.488
2146 354.153 260.392
2147 362.957 257.992
2148 356.415 251.283
2149 348.713 256.93
2150 361.237 250.551
2151 361.006 255.842
2152 355.851 260.461
2153 349.445 245.275
2154 354.102 253.762
2155 347.986 246.073
2156 354.901 261.906
2157 370.405 258.374
2158 364.723 258.441
2159 361.404 255.982
2160 357.19 260.952
2161 353.966 252.083
2162 366.873 244.998
2163 345.647 256.905
2164 346.367 260.768
2165 352.094 252.903
2166 341.104 258.391
2167 336.633 245.231
2168 361.773 252.238
2169 360.211 253.5
2170 373.561 259.326
2171 348.488 254.992
2172 353.723 258.287
2173 360.036 248.548
2174 361.21 264.998
2175 361.773 253.929
2176 362.501 253.417
2177 354.305 250.968
2178 346.118 264.394
2179 367.064 253
2180 331.789 255.417
2181 366.455 253.803
2182 362.338 259.376
2183 361.109 254.841
2184 358.057 257.418
2185 359.505 261.327
2186 350.591 236.114
2187 348.597 246.475
2188 372.411 247.968
2189 364.849 250.663
2190 372.924 268.775
2191 359.944 252.929
2192 356.427 259.199
2193 363.673 244.414
2194 341.21 251.998
2195 366.169 261.969
2196 367.61 248.757
2197 348.431 249.279
2198 376.638 244.127
2199 360.527 243.943
2200 346.906 251.664
2201 367.217 259.969
2202 354.768 259.877
2203 360.789 256.496
2204 343.348 259.992
2205 359.395 254.615
2206 360.2 260.952
2207 361.136 252.46
2208 358.329 265.488
2209 357.658 256.969
2210 343.631 250.236
2211 343.061 256.951
2212 353.27 262.153
2213 359.579 260.446
2214 367.721 253.951
2215 362.69 257.286
2216 357.19 257.391
2217 364.14 251.237
2218 373.521 244.869
2219 353.966 247.871
2220 347.033 254.982
2221 352.727 246.968
2222 357.113 257.391
2223 361.569 251.992
2224 341.221 248.349
2225 371.537 251.488
2226 362.353 253.239
2227 355.377 258.147
2228 356.511 258.325
2229 339.094 257.672
2230 347.839 249.078
2231 352.386 260.845
2232 353.894 262.488
2233 345.774 258.565
2234 365.68 269.11
2235 364.353 259.095
2236 371.019 257.286
2237 354.024 254.873
2238 356.637 257.564
2239 346.655 248.606
2240 342.654 246.13
2241 356.124 256.488
2242 355.193 254.323
2243 358.544 259.326
2244 366.268 266.998
2245 346.83 257.391
2246 370.624 250.488
2247 353.27 247.952
2248 347.471 256.618
2249 349.494 249.998
2250 361.208 271
2251 355.528 253.496
2252 369.617 258.952
2253 352.739 250.388
2254 369.329 256.031
2255 362.902 258.302
2256 339.208 257.998
2257 359.833 245.992
2258 363.765 246.268
2259 367.317 253.192
2260 355.032 250.32
2261 361.455 255.323
2262 363.535 252.389
2263 353.723 250.476
2264 360.527 252.968
2265 366.148 248.439
2266 365.478 258.93
2267 345.977 265.39
2268 341.311 248.318
2269 356.983 249.279
2270 360.758 249.712
2271 357.26 255.904
2272 364.576 252.44
2273 363.413 254.087
2274 359.972 252.238
2275 353.857 255.842
2276 370.958 259.461
2277 356.983 248.954
2278 348.152 241.833
2279 355.9 258.722
2280 350.157 255.719
2281 356.859 247.354
2282 352.95 252
2283 349.721 256.842
2284 354.153 253.239
2285 356.533 243.869
2286 358.663 259.488
2287 376.102 246.949
2288 339.95 241.75
2289 362.566 258.093
2290 361.455 251.44
2291 365.688 261.983
2292 362.215 257.146
2293 345.783 250.236
2294 350.905 251.5
2295 365.003 260.931
2296 360.758 254.874
2297 362.218 258.766
2298 370.628 256.805
2299 353.966 258.5
2300 351.171 254.417
2301 367.872 249.439
2302 352.81 254.46
2303 346.139 251
2304 363.359 260.676
2305 355.106 235.436
2306 350.719 244.706
2307 361.83 251.903
2308 355.015 246.87
2309 353.814 248.548
2310 353.836 250.28
2311 359.893 256.496
2312 354.189 250.958
2313 355.82 257.93
2314 369.895 249.55
2315 359.099 258.36
2316 357.841 248.278
2317 354.436 253.476
2318 348.267 247.354
2319 352.551 267.774
2320 361.109 252.282
2321 351.255 254.24
2322 358.647 255.241
2323 355.18 250.46
2324 358.594 256.905
2325 365.781 259.567
2326 354.752 256.437
2327 354.119 252.44
2328 348.345 252.715
2329 351.5 255.488
2330 352.179 249.319
2331 366.682 255.496
2332 351.955 263.452
2333 359.316 263.985
2334 362.301 240.992
2335 349.159 253.951
2336 354.817 254.389
2337 375.983 264.477
2338 370.223 259.675
2339 364.576 254.087
2340 351.261 258.5
2341 337.837 259.969
2342 348.286 246.836
2343 367.778 256.488
2344 368.782 254.841
2345 343.235 248.799
2346 357.542 251.982
2347 356.476 265.364
2348 362.762 260.808
2349 364.225 252.44
2350 365.144 249
2351 374.46 251.44
2352 369.394 252.476
2353 364.417 258.476
2354 343.773 265.364
2355 368.5 258.488
2356 358.246 255.67
2357 354.638 246
2358 336.388 250.416
2359 353.432 247.184
2360 360.304 246.073
2361 347.027 257.998
2362 351.648 256.971
2363 454.022 254.992
2364 356.382 252.84
2365 362.802 255.284
2366 354.274 249.928
2367 363.048 257.476
2368 366.602 240.992
2369 470.004 266.394
2370 366.933 252.968
2371 323.69 243.553
2372 358.777 258.969
2373 359.207 256.671
2374 359.579 250.551
2375 344.783 252.494
2376 374.206 262.907
2377 363.772 252.5
2378 364.417 251.76
2379 362.591 248.026
2380 359.207 255.241
2381 348.231 248.387
2382 356.369 253.417
2383 358.94 245.982
2384 354.827 254.323
2385 349.274 260.476
2386 361.859 251.281
2387 369.049 258.674
2388 345.128 256.671
2389 349.628 264.97
2390 349.806 266.5
2391 335.254 253.488
2392 343.567 256.324
2393 354.72 257.299
2394 373.866 255.5
2395 361.129 250.839
2396 332.054 254.998
2397 363.808 259.392
2398 357.927 261.362
2399 366.928 247.998
2400 356.205 248.387
2401 342.053 255.992
2402 375.1 261.969
2403 345.065 248.982
2404 357.729 254.874
2405 348.478 246.232
2406 367.61 255.029
2407 357.906 255.488
2408 363.394 258.488
2409 371.019 259.249
2410 352.349 246.499
2411 368.619 269.488
2412 367.038 256.418
2413 373.268 256.359
2414 356.836 246.276
2415 353.186 257.992
2416 346.393 241.868
2417 361.109 255
2418 356.293 268.993
2419 354.467 254.389
2420 370.254 254.668
2421 366.377 256.39
2422 358.647 253.476
2423 348.267 256.441
2424 345.964 235.992
2425 347.891 254.929
2426 439.147 253.361
2427 364.275 257.952
2428 368.475 264.204
2429 367.721 255.359
2430 359.812 245.499
2431 365.229 255.476
2432 345.078 252.612
2433 376.266 254.323
2434 358.195 259.5
2435 366.426 253.982
2436 367.253 248.234
2437 354.467 263.515
2438 365.781 261.419
2439 342.964 252.992
2440 376.045 250.998
2441 359.372 249.487
2442 358.094 249.495
2443 362.53 257.672
2444 355.28 250.46
2445 345.881 248.95
2446 351.255 254.951
2447 359.671 268.686
2448 361.129 246.183
2449 355.644 247.968
2450 361.53 261.969
2451 351.454 240.271
2452 356.427 249.415
2453 356.427 256.031
2454 350.611 242.926
2455 351.056 249.387
2456 357.097 256.951
2457 360.641 248.349
2458 352.292 258.722
2459 355.652 251.496
2460 361.04 269.496
2461 349.112 252.84
2462 352.403 256.195
2463 363.559 260.969
2464 360.4 253.43
2465 371.462 253.874
2466 350.542 260.676
2467 359.653 262.328
2468 347.163 265.104
2469 345.207 260.5
2470 364.723 253.5
2471 356.317 247.871
2472 363.07 246.87
2473 337.423 249.078
2474 352.704 259.992
2475 355.733 245.487
2476 357.744 264.998
2477 364.986 266.394
2478 371.08 256.875
2479 367.14 253.982
2480 353.432 252.494
2481 351.359 252.44
2482 364.255 255.969
2483 349.994 247.354
2484 365.23 261.677
2485 360.514 254.9
2486 350.542 250.609
2487 357.827 258.461
2488 352.616 257.876
2489 355.528 252.802
2490 354.901 261
2491 369.394 257.146
2492 339.65 257.371
2493 369.95 249.187
2494 357.323 257.503
2495 369.072 259.095
2496 458.146 244.459
2497 362.218 264.329
2498 368.388 257.93
2499 356.11 248.499
2500 352.783 255.998
2501 350.428 258.876
2502 352.182 252.389
2503 346.341 254.763
2504 356.317 255.39
2505 414.672 246.927
2506 370.181 249.992
2507 365.371 248.355
2508 351.909 249.319
2509 346.215 245.982
2510 350.542 245.998
2511 359.579 240.062
2512 361.796 250.416
2513 364.225 255.5
2514 367.685 255.5
2515 349.497 252.44
2516 362.533 251.082
2517 363.346 263.932
2518 362.957 263.462
2519 369.478 253.239
2520 363.304 251.998
2521 355.792 253.488
2522 345.683 249.415
2523 357.927 244.869
2524 359.55 249.95
2525 362.767 262.442
2526 358.095 239.499
2527 356.348 259.442
2528 363.595 265.998
2529 356.875 249.8
2530 358.329 261.983
2531 344.783 254.982
2532 363.048 250.08
2533 354.923 244.6
2534 359.065 256.324
2535 366.135 242.868
2536 365.13 265.251
2537 357.658 245.495
2538 366.47 263.241
2539 368.795 263.879
2540 358.128 251.488
2541 347.027 247.968
2542 367.24 257.325
2543 358.329 255.46
2544 351.454 255.992
2545 372.822 245.438
2546 369.154 246.073
2547 355.563 249.608
2548 369.895 253.496
2549 354.278 257.765
2550 347.482 243.705
2551 356.382 248.902
2552 370.707 248.757
2553 353.621 255.992
2554 366.377 254.982
2555 363.223 259.723
2556 341.221 245.475
2557 360.342 254.951
2558 356.875 254.668
2559 348.06 259.5
2560 350.574 262.97
2561 362.69 252.321
2562 356.66 252.802
2563 355.121 246.797
2564 365.97 246.982
2565 351.171 247.837
2566 365.338 249.928
2567 341.92 245.927
2568 372.752 254.476
2569 365.149 253.357
2570 362.338 257.905
2571 351.966 246.276
2572 356.415 262.627
2573 362.271 251.321
2574 364.678 246.992
2575 355.077 261.998
2576 358.366 252.998
2577 352.505 258.876
2578 362.957 253.322
2579 349.9 259.992
2580 357.989 260.569
2581 344.122 239.981
2582 360.104 258.975
2583 343.631 261.419
2584 362.591 247.734
2585 371.871 251.189
2586 359.291 250.992
2587 364.052 257.146
2588 360.735 255.992
2589 360.389 261.992
2590 356.979 253.488
2591 350.26 251.46
2592 352.003 261.998
2593 356.98 248.998
2594 353.27 248.459
2595 349.806 245.353
2596 348.848 252.416
2597 377.19 259.392
2598 359.395 256.418
2599 325.331 256.992
2600 384.297 248.419
2601 348.713 252.84
2602 362.843 258.876
2603 378.574 257.672
2604 367.886 260
2605 370.956 245.487
2606 358.329 245.992
2607 359.265 257.196
2608 368.614 259.952
2609 354.401 259.476
2610 366.47 257.418
2611 350.726 243.998
2612 360.2 257.765
2613 366.786 253.322
2614 356.476 263.907
2615 364.922 252.968
2616 365.277 251.982
2617 369.249 258.998
2618 358.993 247.277
2619 348.798 250.496
2620 367.61 264.363
2621 351.943 258.952
2622 361.737 252.46
2623 360.104 257.196
2624 378.648 257.325
2625 356.382 259.392
2626 366.928 244.18
2627 358.366 256.441
2628 365.683 247.495
2629 371.634 245.265
2630 341.044 254.46
2631 353.368 250.95
2632 346.464 249.872
2633 357.024 248.387
2634 365.97 267.998
2635 359.667 256.441
2636 360.323 256.476
2637 364.387 261.247
2638 361.684 249.499
2639 351.303 249.415
2640 351.056 246.073
2641 379.98 242.949
2642 354.734 258.441
2643 365.688 262.29
2644 348.478 249.319
2645 353.454 259.623
2646 350.049 244.9
2647 354.076 255.764
2648 366.692 256.93
2649 353.517 252.428
2650 364.286 241.064
2651 360.452 246.949
2652 353.27 251.95
2653 353.771 255.969
2654 365.541 256.764
2655 355.472 256.496
2656 362.864 245.316
2657 369.345 254.929
2658 351.733 254.488
2659 354.278 259
2660 353.394 247.495
2661 375.095 244.753
2662 366.246 255.359
2663 360.452 245.9
2664 467.744 250.819
2665 363.249 250.49
2666 356.931 246.564
2667 358.731 254.874
2668 363.465 253.322
2669 361.762 258.5
2670 348.999 257.243
2671 368.619 252.488
2672 364.598 246.998
2673 349.994 251.321
2674 361.569 254.291
2675 353.069 243.795
2676 420.357 267.983
2677 372.065 255.323
2678 358.438 242.992
2679 359.201 257.146
2680 359.224 251.356
2681 366.606 255.359
2682 362.997 242.751
2683 366.775 252.238
2684 356.533 255.284
2685 371.712 258.476
2686 354.153 251.76
2687 383.756 259.461
2688 363.136 261.626
2689 354.072 251.022
2690 349.149 254.676
2691 362.864 259.723
2692 363.017 261.327
2693 351.618 244.499
2694 367.274 248.968
2695 354.965 261.725
2696 361.684 252.873
2697 359.85 252.389
2698 349.628 249.387
2699 366.775 254.488
2700 354.638 243.998
2701 350.049 251.611
2702 355.82 254.951
2703 364.873 259.419
2704 345.427 258.488
2705 364.323 253.904
2706 347.128 264
2707 361.83 267.421
2708 361.684 249.902
2709 353.631 246.564
2710 366.688 255.617
2711 367.791 248.66
2712 347.027 248.982
2713 360.205 251.664
2714 357.488 248.387
2715 353.27 259.496
2716 337.981 258.496
2717 356.738 242.949
2718 350.154 258.035
2719 338.278 262.572
2720 364.286 248.606
2721 346.553 250.902
2722 364.916 254.5
2723 347.34 252.238
2724 363.467 263.496
2725 372.861 261.488
2726 339.199 257.488
2727 355.359 243.869
2728 346.687 252.873
2729 358.845 253.43
2730 342.004 252.46
2731 356.931 267.496
2732 358.873 255.284
2733 342.654 258.093
2734 363.208 257.36
2735 359.06 262.477
2736 349.583 250.663
2737 364.678 261.477
2738 368.341 251.321
2739 353.067 254.417
2740 346.367 252.19
2741 358.43 261.477
2742 370.533 257.325
2743 358.544 264.847
2744 352.95 258.287
2745 364.703 251.496
2746 348.594 242
2747 356.741 245.656
2748 349.857 258.198
2749 365.149 257.286
2750 358.325 250.388
2751 366.434 260.461
2752 360.444 250.759
2753 361.671 259.623
2754 371.354 256.476
2755 365.877 251.553
2756 353.17 255.39
2757 355.733 247.968
2758 370.608 267.849
2759 369.5 243.943
2760 347.997 251.416
2761 361.269 246.603
2762 351.955 250.609
2763 346.069 246.968
2764 365.479 253.904
2765 359.201 257.476
2766 358.522 255.617
2767 357.795 247.798
2768 338.748 244.967
2769 358.994 271.639
2770 361.796 248.606
2771 357.423 266.998
2772 357.795 246.459
2773 375.635 249.279
2774 357.642 257.286
2775 357.936 258.36
2776 361.309 252.802
2777 338.455 239.349
2778 354.863 244.352
2779 349.159 249.495
2780 374.636 260.931
2781 356.427 257.299
2782 368.399 259.326
2783 344.891 253.841
2784 367.038 256.805
2785 365.478 246.949
2786 361.994 257.091
2787 367.042 251.76
2788 377.571 251.356
2789 367.481 258.476
2790 361.04 267.5
2791 314.757 249.235
2792 357.284 259.037
2793 377.102 254.904
2794 360.201 250.424
2795 356.836 255.284
2796 369.049 260.392
2797 355.339 249.982
2798 374.367 255.359
2799 352.616 250.872
2800 342.053 248.419
2801 351.172 238.311
2802 362.591 247.927
2803 365.513 252.494
2804 357.881 251.388
2805 366.517 246.386
2806 369.506 257.973
2807 355.015 248.133
2808 360.211 245.01
2809 345.022 261.5
2810 361.674 258.5
2811 363.098 254.24
2812 366.235 244.753
2813 359.444 252.042
2814 377.102 258.876
2815 365.229 260
2816 341.555 250.982
2817 358.548 247.992
2818 358.915 250.902
2819 345.013 243.499
2820 362.767 257.243
2821 353.463 251.388
2822 370.554 244.992
2823 361.215 249.495
2824 371.82 265.394
2825 349.349 245.878
2826 353.007 261.969
2827 351.547 255.323
2828 356.637 261.626
2829 355.472 249.662
2830 361.331 246.386
2831 355.927 258.488
2832 366.377 251.44
2833 346.906 247.014
2834 366.399 257.998
2835 358.94 273
2836 370.162 255.982
2837 372.795 244.949
2838 359.45 248.902
2839 351.261 256.905
2840 353.193 245.275
2841 350.23 255.842
2842 350.5 252.416
2843 364.672 251.492
2844 361.215 257.488
2845 367.253 244.274
2846 358.845 256
2847 343.235 248.499
2848 361.123 254.214
2849 354.467 261.809
2850 357.813 260.914
2851 358.94 246.414
2852 342.6 260.877
2853 357.771 257.907
2854 347.482 245.231
2855 356.415 257.998
2856 356.09 246.968
2857 340.044 260.569
2858 348.712 255.875
2859 367.882 252.357
2860 355.199 265.496
2861 360.304 248.475
2862 354.401 258.093
2863 356.533 247.318
2864 365.928 251.388
2865 386.581 260.476
2866 370.706 261.477
2867 358.117 260.488
2868 357.024 246.414
2869 366.377 260.952
2870 361.561 244.487
2871 364.672 251.496
2872 352.094 250.28
2873 372.083 255.029
2874 363.805 248
2875 364.255 243.179
2876 375.731 271.396
2877 351.09 253.361
2878 364.598 260.914
2879 340.933 245.998
2880 374.466 252.903
2881 357.433 249.319
2882 355.077 270.934
2883 361.762 256.618
2884 351.636 244.869
2885 371.225 252.389
2886 347.82 254.982
2887 365.781 245.275
2888 363.765 254.874
2889 490.975 242.868
2890 354.627 249.135
2891 346.788 250.839
2892 358.748 256.805
2893 369.602 259.507
2894 346.886 254.929
2895 351.994 244.967
2896 361.082 252.44
2897 361.404 247.354
2898 365.145 250.968
2899 354.047 250.28
2900 356.441 257.36
2901 347.413 266.207
2902 345.456 263.998
2903 350.166 248.487
2904 357.542 263.983
2905 350.611 243.407
2906 353.27 259.287
2907 338.077 241.47
2908 374.977 253.192
2909 371.08 255.982
2910 352.403 254.358
2911 355.777 253.898
2912 357.19 258.844
2913 352.739 249.459
2914 359.653 246.949
2915 368.011 252.19
2916 343.631 256.969
2917 357.743 249.838
2918 359.121 250.388
2919 351.255 250
2920 357.795 255.842
2921 363.222 247.184
2922 368.525 244.557
2923 363.788 256.09
2924 361.259 247.998
2925 352.386 240.701
2926 337.843 257.391
2927 346.477 257.969
2928 353.368 255.194
2929 359.099 262.992
2930 354.827 263.203
2931 371.249 261.969
2932 363.12 254.291
2933 362.381 256.09
2934 355.927 252.19
2935 350.949 249.662
2936 362.218 263.488
2937 358.664 262.42
2938 361.298 250.354
2939 362.133 250.356
2940 459.064 249.495
2941 334.676 253.929
2942 344.783 254.755
2943 347.027 259.361
2944 348.034 254.441
2945 346.687 255.764
2946 364.589 258.766
2947 351.74 252.612
2948 358.647 251.492
2949 355.727 264.97
2950 360.23 247.968
2951 357.539 254.441
2952 350.905 253.951
2953 356.765 258.198
2954 345.832 260.288
2955 347.708 261.392
2956 356.57 240.4
2957 347.853 255.969
2958 350.391 261.477
2959 346.341 250.416
2960 348.231 250.982
2961 360.67 245.414
2962 363.595 247.968
2963 350.542 259.931
2964 362.13 246.073
2965 361.895 249.279
2966 353.409 242.636
2967 363.384 261.201
2968 371.625 251.839
2969 361.277 258.418
2970 350.256 247.415
2971 359.11 254.841
2972 345.022 249.187
2973 359.299 248.499
2974 348.246 254.028
2975 358.218 261.931
2976 355.286 247.459
2977 355.632 268.444
2978 358.795 250.496
2979 366.06 261.983
2980 359.444 262
2981 367.374 246.881
2982 355.528 251.802
2983 368.73 261.362
2984 351.303 249.712
2985 350.166 253.929
2986 340.774 248.871
2987 357.743 254.24
2988 350.611 255.488
2989 354.638 246.998
2990 358.057 254.9
2991 360.67 254.874
2992 358.329 259.877
2993 364.703 258.391
2994 348.431 247.318
2995 358.751 260.5
2996 360.25 247.659
2997 358.447 253.982
2998 349.497 242.314
2999 358.43 248.487
3000 350.45 249.387
3001 361.298 249.319
3002 372.795 249.872
3003 367.509 262.45
3004 352.738 246.755
3005 355.9 248.871
3006 359.372 266.331
3007 351.881 243.9
3008 357.488 245.835
3009 345.919 250.992
3010 355.528 251.76
3011 446.637 257.973
3012 364.417 251.082
3013 361.123 242.833
3014 349.72 260.327
3015 359.131 246.992
3016 356.415 247.499
3017 357.386 247.968
3018 356.765 269.5
3019 371.259 258.998
3020 369.345 252.903
3021 360.23 256.805
3022 349.803 256.496
3023 352.817 256.501
3024 356.765 256.671
3025 352.914 251.189
3026 352.704 243.705
3027 342.5 261.442
3028 363.535 252.139
3029 350.592 247.487
3030 366.122 250.713
3031 374.259 264.496
3032 367.886 245.475
3033 357.055 257.992
3034 364.873 260.246
3035 358.625 246.755
3036 313.898 254.5
3037 363.681 259.808
3038 349.239 254.283
3039 355.106 264.488
3040 354.863 250.44
3041 355.277 250.759
3042 365.479 262.248
3043 359.944 245.878
3044 360.658 248.355
3045 357.433 252.127
3046 355.733 250.95
3047 348.797 262.477
3048 376.346 262.29
3049 370.956 258.488
3050 362.138 251.356
3051 360.493 247.837
3052 336.595 259.488
3053 366.606 258.325
3054 363.505 260.15
3055 365.606 260.624
3056 371.16 261.931
3057 365.027 247.109
3058 361.859 251.488
3059 360.555 256.285
3060 355.632 255.417
3061 352.292 257.496
3062 346.264 260.983
3063 351.261 260.361
3064 344.572 252.282
3065 364.225 258.488
3066 359.192 262.513
3067 355.727 262.97
3068 356.651 257.969
3069 355.077 257.983
3070 351.75 253.476
3071 381.975 252.44
3072 364.125 239.925
3073 382.949 239.925
3074 348.597 265.772
3075 361.684 263.488
3076 365.23 253.762
3077 365.003 258.905
3078 362.138 264.97
3079 359.437 255
3080 353.712 245.385
3081 360.555 251.476
3082 357.48 253.841
3083 368.068 256.875
3084 358.887 255.969
3085 368.525 254.358
3086 367.978 244.945
3087 367.472 262.998
3088 363.765 258.674
3089 337.981 254.929
3090 361.561 256.476
3091 369.734 245.487
3092 358.197 257.476
3093 360.837 263.462
3094 352.551 246.13
3095 357.386 257.476
3096 350.645 259.249
3097 369.394 257.721
3098 353.555 254.776
3099 355.438 248.234
3100 367.859 258.844
3101 343.513 252.982
3102 363.578 240.35
3103 356.317 260.419
3104 359.753 253.496
3105 353.27 246.475
3106 361.497 235.266
3107 367.151 257.461
3108 357.19 248.133
3109 358.295 260.906
3110 349.929 252.488
3111 351.943 250.872
3112 371.871 256.461
3113 366.606 247.415
3114 353.915 250.32
3115 366.332 252.416
3116 349.044 251.968
3117 362.458 245.992
3118 370.246 256.951
3119 349.833 255.417
3120 368.549 254.841
3121 364.464 247.233
3122 369.175 247.184
3123 359.207 242.967
3124 358.887 251.95
3125 362.803 258.969
3126 365.056 257.091
3127 358.575 253.488
3128 362.301 255.323
3129 364.979 258.035
3130 351.723 266.953
3131 359.121 258.461
3132 349.112 253.026
3133 328.764 258.198
3134 378.239 256.324
3135 370.805 257.439
3136 363.665 258.325
3137 360.205 255.67
3138 361.123 261.098
3139 349.628 260.808
3140 356.836 253.874
3141 350.611 253.282
3142 340.2 247.927
3143 343.061 245.87
3144 358.94 257.496
3145 351.955 259.287
3146 362.668 260.392
3147 366.06 248.992
3148 355.632 265.462
3149 349.803 255.441
3150 360.916 255.143
3151 364.125 254.992
3152 358.664 263.92
3153 345.977 261.461
3154 366.682 251.492
3155 345.576 254.283
3156 347.163 255.46
3157 358.575 251.76
3158 362.409 266.993
3159 358.751 249.487
3160 357.866 253.496
3161 366.377 252.5
3162 365.023 254.804
3163 355.792 260.2
3164 347.033 266.993
3165 358.663 257.765
3166 359.653 255.56
3167 361.006 260.246
3168 365.149 254.804
3169 352.062 255.5
3170 354.72 272.5
3171 360.555 244.18
3172 356.401 267.731
3173 345.104 247.952
3174 351.611 258.93
3175 351.255 252.024
3176 358.218 258.722
3177 361.082 251.76
3178 366.148 256.476
3179 358.663 248.95
3180 357.539 259.037
3181 363.962 267.395
3182 345.808 248.928
3183 353.746 247.075
3184 345.013 249.459
3185 368.458 247.883
3186 361.455 254.283
3187 362.409 254.874
3188 358.663 247.132
3189 361.007 255.764
3190 356.637 256.998
3191 343.191 250.476
3192 362.591 256.418
3193 352.459 253.841
3194 359.541 254.982
3195 356.535 246.353
3196 357.26 252.903
3197 354.965 256.905
3198 355.632 267.051
3199 354.467 245.754
3200 358.731 261.775
3201 357.743 259.675
3202 350.936 248.415
3203 350.246 243.413
3204 344.891 257.564
3205 356.738 250.188
3206 355.408 253.282
3207 361.21 249.956
3208 348.937 259.952
3209 360 251.992
3210 353.016 249.928
3211 362.138 257.905
3212 361.259 256.671
3213 382.903 254.5
3214 343.693 255.992
3215 359.944 256.5
3216 357.989 252.496
3217 354.655 249.475
3218 362.461 257.765
3219 355.601 249.499
3220 331.22 257.286
3221 359.944 254.804
3222 339.09 253.46
3223 348.878 256.242
3224 344.465 258.374
3225 365.865 254.087
3226 353.044 257.441
3227 372.696 261.511
3228 364.027 258.287
3229 352.817 257.843
3230 363.153 259.461
3231 365.582 264.772
3232 358.329 255.488
3233 363.535 261.247
3234 358.748 256.39
3235 350.256 260.419
3236 361.215 251.929
3237 361.674 247.968
3238 352.176 250.928
3239 354.72 257.672
3240 366.826 259
3241 358.845 251.476
3242 353.514 244.949
3243 341.917 262.998
3244 351.696 266.443
3245 365.262 262.932
3246 345.517 250.998
3247 370.877 248.495
3248 342.491 250.801
3249 374.091 256.39
3250 362.458 264.462
3251 348.981 257.876
3252 362.115 256.324
3253 334.172 265.682
3254 362.576 257.969
3255 354.627 247.998
3256 374.206 261.916
3257 354.522 236.789
3258 352.429 254.488
3259 358.994 258.496
3260 364.106 252.968
3261 364.873 255.805
3262 344.225 264.575
3263 366.033 258.722
3264 353.27 255.875
3265 369.734 246.658
3266 355.632 240.533
3267 359.783 251.992
3268 366.614 261.247
3269 364.576 252.761
3270 350.01 257.441
3271 356.66 255.982
3272 373.866 251.982
3273 356.052 248.572
3274 355.733 253.322
3275 350.813 254.558
3276 351.696 252.416
3277 372.629 251.496
3278 357.441 242.351
3279 368.341 255.904
3280 369.402 244.477
3281 359.065 254.323
3282 354.728 255.284
3283 360.205 249.487
3284 369.145 253.14
3285 362.409 256.562
3286 358.936 257.476
3287 365.865 253.841
3288 347.779 255.842
3289 350.726 255.476
3290 363.595 249.018
3291 349.044 252.761
3292 358.857 249.928
3293 355.408 242.438
3294 342.673 253.389
3295 441.269 249.387
3296 355.927 248.992
3297 366.47 250
3298 365.781 261.159
3299 353.409 267.331
3300 363.359 252.357
3301 359.751 256.369
3302 350.451 249.459
3303 364.365 255.5
3304 343.759 263.329
3305 356.983 250.08
3306 362.273 253.192
3307 327.359 248.902
3308 372.972 260.845
3309 358.575 245.182
3310 360.583 250.968
3311 366.314 246.797
3312 354.863 248.077
3313 357.491 256.805
3314 371.166 236.926
3315 298.458 267.983
3316 380.026 245.275
3317 338.219 258.418
3318 350.294 250.902
3319 346.464 252.873
3320 355.64 237.981
3321 365.327 260.724
3322 369.154 266.848
3323 355.972 260.419
3324 361.859 257.62
3325 358.777 248.992
3326 346.069 260.676
3327 362.843 256.951
3328 347.373 262.5
3329 345.694 247.837
3330 351.713 260.952
3331 374.206 246.881
3332 451.049 254.998
3333 355.18 252.802
3334 342.316 267.294
3335 352.003 251.416
3336 351.845 240.437
3337 353.712 258.952
3338 344.865 253.322
3339 355.601 239.748
3340 349.943 253.476
3341 339.336 256.285
3342 360.117 239.349
3343 375.566 246.998
3344 347.413 252.494
3345 350.839 257.564
3346 362.673 246.797
3347 364.703 252.389
3348 353.463 255.137
3349 358.751 243.538
3350 352.349 250.609
3351 357.126 261.952
3352 359.55 254.558
3353 365.82 254
3354 367.685 251.356
3355 359.121 256.496
3356 361.84 251.388
3357 354.275 255.969
3358 367.048 245.878
3359 373.798 246.982
3360 359.944 266.933
3361 341.743 248.459
3362 373.912 248.711
3363 359.199 247.837
3364 359.11 258.36
3365 365.145 245.797
3366 348.698 243.9
3367 359.444 252.992
3368 370.35 252.929
3369 352.003 244.9
3370 356.083 257.983
3371 366.135 246.708
3372 361.773 251
3373 351.909 253.614
3374 363.772 253.211
3375 364.685 252.715
3376 364.022 249.187
3377 350.05 248.757
3378 370.162 244.487
3379 348.078 243.949
3380 363.607 249.235
3381 353.514 255.441
3382 352.403 257.476
3383 356.11 247.968
3384 349.485 260.392
3385 363.048 248.185
3386 359.797 261.998
3387 374.977 250.5
3388 356.791 249.439
3389 353.972 254.134
3390 361.21 261.878
3391 404.288 260.442
3392 359.55 249.279
3393 353.186 254.193
3394 359.316 249.998
3395 362.268 255.67
3396 341.863 250.902
3397 353.432 253.557
3398 363.021 251.237
3399 347.033 245.949
3400 358.295 243.795
3401 352.003 261.236
3402 356.765 253.322
3403 345.821 255.93
3404 324.672 255.194
3405 355.972 258.093
3406 357.235 243.315
3407 317.969 269.881
3408 357.024 243.352
3409 357.211 255.194
3410 350.45 252.5
3411 347.891 246.708
3412 343.401 256.5
3413 358.887 253.969
3414 353.758 253.904
3415 345.783 259.245
3416 344.423 238.223
3417 355.9 247.386
3418 360.916 254.46
3419 351.966 253.239
3420 364.966 248.355
3421 359.753 269.85
3422 366.587 245.998
3423 345.868 239.7
3424 353.822 257.441
3425 361.522 252.321
3426 364.598 248.459
3427 344.877 258.093
3428 364.225 264.488
3429 349.274 254.283
3430 380.112 260.442
3431 364.073 258.969
3432 359.972 256.805
3433 360.755 264.575
3434 356.02 254.283
3435 358.873 258.093
3436 352.114 245.967
3437 354.923 256.359
3438 356.836 256.39
3439 351.171 246.949
3440 363.249 258.391
3441 357.097 248.928
3442 363.765 250.416
3443 344.569 247.952
3444 363.673 256.369
3445 331.474 250.872
3446 349.929 252.612
3447 354.863 250.579
3448 363.318 249.135
3449 348.379 255.998
3450 345.682 249.495
3451 363.788 251.929
3452 350.286 247.546
3453 360.036 266.73
3454 358.094 249.872
3455 352.914 252.749
3456 353.069 252.44
3457 356.192 261.392
3458 442.538 251.968
3459 359.881 247.415
3460 347.534 257.286
3461 361.905 250.5
3462 365.865 253.192
3463 356.657 257.391
3464 342.31 253.417
3465 359.812 253.874
3466 357.519 250.08
3467 356.11 255.992
3468 361.447 253.488
3469 357.126 268.254
3470 416.615 273.335
3471 355.82 266.207
3472 341.936 255.284
3473 362.668 255.496
3474 359.291 260.768
3475 359.241 248.871
3476 347.249 230.981
3477 349.96 247.871
3478 361.21 244.982
3479 363.571 255.951
3480 364.538 255.67
3481 356.979 255.982
3482 361.109 253.239
3483 357.906 259.461
3484 350.803 254.433
3485 357.211 253.357
3486 348.534 258.227
3487 362.215 258.496
3488 352.062 253.874
3489 363.249 252.46
3490 363.808 260.246
3491 342.079 251.982
3492 356.205 246.836
3493 352.041 255.5
3494 360.323 260.496
3495 355.528 262.202
3496 345.955 250.759
3497 358.232 247.659
3498 342.929 253.716
3499 351.909 267.253
3500 351.943 262.248
3501 357.433 253.46
3502 339.726 250.855
3503 366.455 252.666
3504 358.484 254.904
3505 357.771 253.841
3506 366.434 259.767
3507 359.597 257.952
3508 353.758 261.511
3509 344.778 248.982
3510 358.625 261.677
3511 342.768 251.929
3512 356.609 241.226
3513 377.286 260.724
3514 347.261 249.487
3515 349.703 259.326
3516 347.793 249.902
3517 350.343 261.098
3518 359.783 258.227
3519 353.746 252.998
3520 361.347 252.282
3521 365.928 241.899
3522 374.679 264.394
3523 344.465 264.329
3524 350.5 254.992
3525 360.104 260.569
3526 364.472 252.488
3527 349.239 261.448
3528 364.927 248.711
3529 361.21 253.557
3530 370.554 261.906
3531 356.083 243.752
3532 363.136 257.876
3533 365.426 258.998
3534 360.493 254.323
3535 359.291 268.209
3536 359.444 249.758
3537 367.886 261.983
3538 364.777 258.5
3539 358.544 254.476
3540 353.555 270.954
3541 363.346 253.992
3542 351.329 252.238
3543 348.144 259.444
3544 361.378 246.183
3545 359.653 241.899
3546 362.218 254.488
3547 349.149 264.983
3548 359.335 259.977
3549 367.24 249.982
3550 350.371 245.475
3551 341.21 255.764
3552 370.254 246.968
3553 370.849 258.147
3554 350.28 252.992
3555 352.969 264.496
3556 349.881 253.282
3557 357.206 260.446
3558 379.194 251.189
3559 362.338 240.898
3560 362.802 258.391
3561 359.633 242.405
3562 360.641 250.424
3563 351.547 252.44
3564 352.551 242.794
3565 350.294 253.841
3566 357.642 255.982
3567 353.193 252.357
3568 366.903 260.246
3569 374.549 254.46
3570 364.125 252.968
3571 360.583 258.952
3572 380.508 260.392
3573 357.097 258.476
3574 372.76 245.835
3575 354.827 248.318
3576 349.68 259.496
3577 352.81 253.14
3578 348.594 253.992
3579 365.229 271.164
3580 355.733 251.95
3581 359.131 258.391
3582 358.329 253.673
3583 357.195 253.929
3584 349.256 262.572
3585 341.048 257.418
3586 344.212 245.353
3587 361.762 249.319
3588 366.587 249.74
3589 461.909 254.982
3590 365.338 253.951
3591 363.607 260.308
3592 350.708 254.46
3593 346.981 246.414
3594 353.27 255.764
3595 356.637 245.231
3596 345.333 254.982
3597 364.225 258.93
3598 366.235 260.496
3599 365.582 261.931
3600 359.291 255.842
3601 349.806 256.488
3602 358.204 250.839
3603 362.668 248.318
3604 357.771 251.821
3605 355.18 260.2
3606 362.243 263.78
3607 363.772 248.95
3608 353.621 258
3609 359.758 248.799
3610 353.27 245.475
3611 365.262 262.627
3612 347.914 252.992
3613 372.679 250.492
3614 350.451 260.038
3615 367.75 260.983
3616 354.401 240.499
3617 363.607 254.967
3618 350.31 249.487
3619 351.056 247.459
3620 369.5 254.488
3621 374.231 262.983
3622 358.548 249.421
3623 354.415 258.905
3624 351.568 252.5
3625 366.483 253.488
3626 431.555 262.998
3627 357.881 264.681
3628 353.299 257.973
3629 348.827 262.81
3630 352.136 259.287
3631 364.509 264.879
3632 357.049 245.9
3633 364.464 244.998
3634 351.181 244.127
3635 354.965 251.873
3636 354.965 255.93
3637 358.329 258.5
3638 349.703 254.441
3639 368.083 255.679
3640 357.539 258.905
3641 348.306 252.992
3642 359.751 251.929
3643 354.734 256.72
3644 363.714 252.715
3645 357.906 258.876
3646 365.582 258.198
3647 355.978 247.71
3648 360.133 248.419
3649 355.978 256.441
3650 355.256 246.414
3651 352.094 258.244
3652 362.957 255.46
3653 358.057 256.982
3654 348.241 254.874
3655 345.578 245.459
3656 362.702 258.844
3657 362.338 250.46
3658 348.921 244.796
3659 361.04 256.031
3660 354.175 257.441
3661 356.979 262.846
3662 361.455 252.389
3663 354.274 249.95
3664 339.993 256.5
3665 345.685 247.487
3666 355.083 257.765
3667 362.501 251.321
3668 363.318 253.44
3669 352.817 250.476
3670 362.657 250.743
3671 365.212 251.968
3672 360.758 258.876
3673 356.09 245.982
3674 368.145 256.496
3675 367.336 249.475
3676 359.192 252.024
3677 362.502 249.415
3678 345.109 254
3679 363.45 247.475
3680 360.2 251.903
3681 355.733 255.5
3682 360.117 259.844
3683 350.885 255.93
3684 366.826 246.073
3685 357.423 259.767
3686 345.832 258.844
3687 345.013 254.214
3688 362.97 256.476
3689 348.167 258.674
3690 357.386 248.871
3691 359.399 260.379
3692 341.311 248.871
3693 348.957 256.461
3694 373.256 247.459
3695 295.946 251.388
3696 347.073 252.903
3697 349.149 248.133
3698 365.277 245.499
3699 370.246 262.992
3700 358.647 260.327
3701 356.765 248.487
3702 351.943 244.6
3703 350.28 254.951
3704 361.455 247.415
3705 342.901 241.833
3706 355.758 245.835
3707 361.663 259.844
3708 351.611 250.759
3709 343.671 265.908
3710 354.203 253.417
3711 364.022 264.462
3712 367.546 249.758
3713 364.509 258.244
3714 369.703 265.88
3715 350.017 260.476
3716 366.268 246.475
3717 348.267 248.185
3718 344.558 253.496
3719 363.439 256
3720 365.513 249.187
3721 485.261 248.799
3722 344.354 256.324
3723 358.777 260.845
3724 358.873 261.496
3725 350.592 259.969
3726 354.722 248.419
3727 358.804 254.498
3728 344.687 248.837
3729 349.969 240.062
3730 356.281 261.769
3731 358.028 239.831
3732 350.086 244.414
3733 359.753 254.496
3734 350.45 248.355
3735 352.014 250.476
3736 364.856 261
3737 346.464 251.388
3738 353.966 250.5
3739 361.065 254.969
3740 343.348 264.454
3741 367.61 251.388
3742 365.478 265.394
3743 350.905 260.246
3744 366.881 264.923
3745 354.638 252.488
3746 338.969 262.383
3747 348.152 259.877
3748 359.11 247.883
3749 359.299 252.024
3750 343.671 249.018
3751 353.631 251.968
3752 357.088 251.492
3753 343.671 256.982
3754 348.441 254.417
3755 343.567 245.949
3756 355.421 248.485
3757 342.228 256.618
3758 354.305 252.19
3759 368.244 257.36
3760 364.598 245.487
3761 357.097 248.757
3762 348.597 258.952
3763 368.89 266.488
3764 368.011 252.761
3765 361.895 256.764
3766 337.396 248.799
3767 355.19 249.475
3768 347.973 257.62
3769 346.886 263.496
3770 363.223 257
3771 361.762 246.968
3772 353.585 249.872
3773 348.597 256.144
3774 364.546 256.359
3775 344.697 255.143
3776 347.402 259.287
3777 359.374 249.355
3778 342.867 254.358
3779 348.034 247.95
3780 354.195 249.355
3781 358.845 257.325
3782 353.894 253.282
3783 342.876 242.473
3784 362.533 254.5
3785 367.685 259.442
3786 364.125 262.983
3787 365.683 250.32
3788 356.655 255.46
3789 344.608 249.487
3790 362.461 254.929
3791 350.813 256.144
3792 367.151 263.92
3793 361.123 258.722
3794 357.989 254.676
3795 358.845 249.712
3796 365.23 248.548
3797 356.041 252.992
3798 362.458 245.998
3799 362.243 257.488
3800 355.438 253.841
3801 345.682 247.277
3802 371.166 253.14
3803 369.402 259.808
3804 345.022 256.683
3805 365.709 253.488
3806 358.184 259.969
3807 349.9 256.5
3808 364.106 251.416
3809 356.427 243.487
3810 365.311 254.969
3811 369.324 251.611
3812 359.783 258.5
3813 347.373 247.992
3814 358.184 240.936
3815 357.211 253.322
3816 361.522 262.983
3817 362.115 256.998
3818 424.622 259.095
3819 351.888 251.968
3820 350.605 254.668
3821 359.199 265.932
3822 357.743 260.2
3823 359.265 253.667
3824 354.305 252.555
3825 336.737 258.496
3826 341.991 243.834
3827 326.141 257.952
3828 357.592 269.97
3829 367.693 254.142
3830 341.221 251.664
3831 361.208 269.422
3832 358.647 254
3833 349.494 247.318
3834 348.981 258.441
3835 355.82 252.357
3836 353.116 250.982
3837 366.033 260.038
3838 356.66 246.386
3839 359.299 257
3840 365.467 255.143
3841 367.038 261.5
3842 356.48 245.949
3843 364.323 261.906
3844 358.909 262.846
3845 370.74 257.952
3846 352.624 247.883
3847 347.261 252.873
3848 356.738 250.992
3849 358.218 252.321
3850 350.44 249.319
3851 367.696 245.377
3852 373.414 261.969
3853 275.583 251.929
3854 359.525 256.242
3855 351.618 244.869
3856 355.657 253.389
3857 364 265.456
3858 346.906 256.875
3859 354.102 252.139
3860 350.866 257.461
3861 357.658 249.902
3862 373.07 257.091
3863 357.386 268.931
3864 365.003 260.845
3865 344.891 248.982
3866 376.537 245.601
3867 357.211 249.475
3868 357.539 248.837
3869 359.85 250.982
3870 353.514 251.496
3871 371.625 255.323
3872 348.379 255.805
3873 366.47 258.969
3874 333.7 249.439
3875 358.195 246.386
3876 343.555 253.803
3877 363.304 250.982
3878 368.862 260.419
3879 348.698 249.758
3880 358.762 252.024
3881 348.144 249.928
3882 362.91 255.764
3883 343.811 251.022
3884 347.702 252.998
3885 372.814 264.443
3886 359.689 252.802
3887 359.653 253.904
3888 373.631 262.679
3889 363.273 247.346
3890 361.895 244.992
3891 348.937 259.992
3892 347.692 250.902
3893 358.295 263.932
3894 351.16 254.5
3895 373.352 246.982
3896 352.616 268.395
3897 375.18 251.5
3898 371.625 244.835
3899 355.632 257.952
3900 347.138 253.904
3901 356.979 257.969
3902 369.15 254.389
3903 353.822 263.811
3904 362.115 253.496
3905 355.831 259.844
3906 367.592 253.671
3907 353.514 248.982
3908 347.839 246.414
3909 361.129 245.353
3910 352.914 253.496
3911 359.121 253.898
3912 352.349 251.873
3913 361.994 261.496
3914 352.267 259.992
3915 356.738 254.558
3916 355.199 256.969
3917 350.5 251.839
3918 358.83 254.323
3919 362.115 251.356
3920 353.409 252
3921 366.135 257.93
3922 351.5 247.605
3923 373.631 262.496
3924 360.789 254.998
3925 361.455 255.294
3926 360.755 255.969
3927 356.317 247.499
3928 356.786 264.204
3929 362.668 244.982
3930 356.979 257.418
3931 352.96 257.837
3932 414.98 252.44
3933 372.559 253.496
3934 346.257 251.492
3935 363.665 258.244
3936 363.916 267.421
3937 352.704 253.841
3938 370.533 261.511
3939 345.683 263.363
3940 367.859 255.805
3941 357.488 251.802
3942 354.559 256.359
3943 351.373 248.954
3944 360.104 253.488
3945 362.09 254.46
3946 354.175 252.903
3947 352.176 259.245
3948 356.535 253.929
3949 360.294 250.02
3950 349.17 247.992
3951 361.762 261.098
3952 365.212 262
3953 367.937 256.764
3954 366.332 249.387
3955 367.521 258.36
3956 367.236 257.441
3957 383.038 260.246
3958 348.103 255.435
3959 347.349 251.321
3960 357.433 247.318
3961 364.125 251.281
3962 346.133 249.187
3963 361.497 249.872
3964 356.02 252.982
3965 363.318 253.992
3966 356.741 246.836
3967 365.459 261.247
3968 360.383 252.44
3969 356.083 264.998
3970 361.569 257.93
3971 354.102 258.505
3972 354.178 256.221
3973 364.323 255.39
3974 352.95 237.781
3975 339.329 254.028
3976 353.463 255.194
3977 348.937 247.475
3978 351.505 243.992
3979 361.53 247.075
3980 362.678 252.873
3981 355.851 247.439
3982 341.548 253.904
3983 359.833 247.901
3984 350.708 247.354
3985 365.877 265.925
3986 356.11 258.992
3987 337.446 257.441
3988 351.547 261.362
3989 362.977 257.286
3990 357.088 257.672
3991 360 240.437
3992 348.543 246.927
3993 358.664 254.283
3994 363.318 249.279
3995 363.846 246.414
3996 358.748 266.364
3997 356.535 249.968
3998 358.777 260.288
3999 345.065 263.203
4000 355.587 249.872
4001 360.677 252.494
4002 348.103 257.672
4003 350.731 253.969
4004 353.047 264.329
4005 355.935 258.621
4006 359.099 258.844
4007 347.405 266.443
4008 367.312 251.281
4009 366.041 248.968
4010 355.758 246.414
4011 351.505 257.998
4012 357.771 258.441
4013 368.5 254.904
4014 374.175 265.004
4015 361.773 247.837
4016 368.89 252.428
4017 370.788 258.807
4018 375.007 250.902
4019 348.827 240.475
4020 356.875 261.916
4021 359.372 253.357
4022 356.213 259.419
4023 359.444 258.198
4024 350.808 249.752
4025 362.668 257.488
4026 359.032 242.833
4027 344.449 259.361
4028 355.644 259.461
4029 363.048 256.93
4030 369.459 253.14
4031 361.859 251.992
4032 357.592 257.765
4033 392.162 256.982
4034 343.418 251.46
4035 344.572 262.248
4036 353.186 258.287
4037 369.951 259.287
4038 353.746 255.93
4039 367.383 255.323
4040 351.636 257.496
4041 378.999 260.998
4042 366.232 249.235
4043 370.899 255.842
4044 358.385 259.844
4045 371.484 257.998
4046 360.6 245.9
4047 449.226 246.708
4048 361.455 253.998
4049 354.901 249.758
4050 362.313 260.969
4051 356.197 254.982
4052 355.528 263.443
4053 356.567 246.439
4054 362.767 251.44
4055 361.378 248.992
4056 342.768 261.488
4057 365.327 251.237
4058 367.978 262.846
4059 354.055 240.458
4060 358.751 250.44
4061 367.236 258.93
4062 367.56 258.952
4063 355.472 251.553
4064 361.129 242.87
4065 352.914 254.087
4066 357.539 257.564
4067 369.049 250.28
4068 355.28 257.843
4069 351.648 248.871
4070 354.178 258.441
4071 374.549 237.268
4072 356.441 245.499
4073 349.99 263.154
4074 449.717 254.904
4075 359.104 259.461
4076 364.365 254.929
4077 369.014 253.614
4078 353.17 251.321
4079 341.549 253.13
4080 361.007 257.998
4081 348.597 243.926
4082 375.43 251.903
4083 336.295 258.374
4084 357.26 251.416
4085 362.133 251.929
4086 370.707 267.443
4087 362.767 250.28
4088 350.611 248.871
4089 355.644 246.968
4090 352.817 256.324
4091 349.99 259.969
4092 355.644 252.139
4093 364.922 249.662
4094 358.117 247.901
4095 352.96 255.323
4096 368.155 262.393
4097 353.723 248.387
4098 364 257.672
4099 364.225 252.357
4100 354.521 250.928
4101 358.647 246.603
4102 362.392 250.388
4103 349.72 244.414
4104 359.099 257.998
4105 361.689 254.967
4106 360.45 261.477
4107 356.205 248.185
4108 359.989 248.799
4109 364.916 267.522
4110 350.999 254.951
4111 365.732 253.5
4112 360.211 259.931
4113 347.973 258.998
4114 370.945 252.968
4115 355.28 252.802
4116 363.021 258.418
4117 367.383 254.874
4118 360.201 249.998
4119 354.275 241.948
4120 361.918 250.28
4121 363.021 255.805
4122 356.02 248.459
4123 361.007 258.93
4124 362.553 247.386
4125 349.604 243.918
4126 353.847 249.421
4127 334.376 248.278
4128 365.212 251.5
4129 364.678 251.873
4130 364.14 252.968
4131 350.391 259.998
4132 451.504 253.239
4133 372.937 247.927
4134 355.528 251.492
4135 365.467 260.914
4136 352.851 254.904
4137 367.383 246.459
4138 372.814 256.39
4139 352.176 254.982
4140 358.748 247.659
4141 353.621 256.441
4142 352.459 252.998
4143 356.02 261.477
4144 346.488 254.323
4145 353.409 252.024
4146 372.089 252.44
4147 350.391 254.417
4148 484.823 254.992
4149 358.544 255.764
4150 359.224 258.807
4151 367.456 253.951
4152 361.378 260.2
4153 355.927 253.772
4154 358.262 262.952
4155 367.791 257.806
4156 365.602 266.488
4157 357.097 255.323
4158 346.906 252.416
4159 359.207 253.496
4160 361.497 251.416
4161 356.427 257.418
4162 360.304 248.737
4163 347.34 252.476
4164 352.851 248.95
4165 363.048 262.918
4166 350.166 245.495
4167 353.463 261.04
4168 356.979 250.743
4169 358.447 242.751
4170 355.82 257.876
4171 347.79 256.418
4172 357.539 245.495
4173 360.375 258.244
4174 350.086 253.357
4175 354.817 253.361
4176 351.611 256.242
4177 358.548 252.612
4178 346.987 256.324
4179 355.927 255.56
4180 427.188 257.196
4181 347.589 250.902
4182 346.393 251.873
4183 365.23 262.983
4184 357.29 250.902
4185 355.311 253.389
4186 349.339 251.082
4187 366.786 252.873
4188 356.651 252.488
4189 365.683 261.916
4190 357.19 261.04
4191 353.016 256.805
4192 361.762 243.125
4193 357.19 260.476
4194 358.663 246.073
4195 353.723 254.615
4196 366.148 259.906
4197 360 259.877
4198 368.321 255.39
4199 356.415 249.662
4200 361.006 254.417
4201 365.803 258.244
4202 350.611 260.246
4203 353.144 255.982
4204 358.309 257.952
4205 354.752 262.621
4206 363.962 255.441
4207 354.047 253.496
4208 351.845 252.998
4209 359.224 246.968
4210 339.286 250.713
4211 350.12 251.476
4212 347.436 257.952
4213 364.052 256.285
4214 365.877 255.56
4215 348.103 251.903
4216 362.864 258.621
4217 361.796 250.902
4218 375.343 255.476
4219 348.712 266.88
4220 358.438 254.929
4221 355.077 256.951
4222 363.021 257.441
4223 338.083 257.837
4224 368.451 255.902
4225 354.584 252.992
4226 358.288 262.477
4227 357.176 250.46
4228 358.184 253.417
4229 356.637 264.63
4230 362.268 251.821
4231 348.167 248.185
4232 363.788 251.281
4233 350.999 257.876
4234 351.636 257.418
4235 355.528 248.711
4236 361.796 253.14
4237 355.049 254.283
4238 349.8 261.809
4239 345.248 257.441
4240 365.327 247.487
4241 355.9 253.874
4242 367.336 245.835
4243 361.451 248.711
4244 373.256 251.416
4245 351.812 259.906
4246 358.103 245.438
4247 356.09 258.418
4248 354.593 257.391
4249 354.593 243.869
4250 347.442 252.44
4251 360.375 258.807
4252 352.114 243.274
4253 351.09 262.461
4254 343.379 254.717
4255 361.53 253.085
4256 358.309 249.872
4257 352.727 255.359
4258 348.356 249.415
4259 345.647 248.757
4260 356.738 252.802
4261 367.24 246.495
4262 346.02 257.441
4263 357.659 257.091
4264 368.814 252.024
4265 356.651 248.387
4266 368.155 257.488
4267 341.336 255.67
4268 353.514 257.146
4269 363.467 253.951
4270 364.685 249.8
4271 363.607 253.488
4272 373.07 269.998
4273 361.587 255.904
4274 366.303 251.189
4275 358.484 259.476
4276 353.144 250.801
4277 353.585 256.998
4278 351.318 251.929
4279 377.105 255.39
4280 372.411 246.931
4281 378.037 261.845
4282 354.33 258.969
4283 374.628 257.391
4284 347.275 250.136
4285 328.694 263.249
4286 351.172 246.414
4287 355.978 253.496
4288 349.274 257.391
4289 345.955 244.18
4290 356.09 258.969
4291 346.432 252.929
4292 356.11 249.415
4293 341.782 240.701
4294 355.106 250.496
4295 351.505 255.805
4296 359.893 257.721
4297 354.072 246.459
4298 340.933 258.674
4299 360.583 251
4300 344.952 256.437
4301 359.944 256.982
4302 362.449 246.998
4303 352.25 250.713
4304 366.34 256.671
4305 349.385 262.572
4306 357.592 242.87
4307 355.644 263.992
4308 352.851 251.664
4309 359.207 250.476
4310 360.992 249.968
4311 361.674 255.998
4312 361.796 259.149
4313 369.249 252.992
4314 361.455 247.487
4315 354.975 253.192
4316 356.983 259.767
4317 349.044 252.357
4318 362.461 253.841
4319 359.525 256.971
4320 349.349 251.929
4321 365.027 254.417
4322 461.172 245.927
4323 374.985 261.496
4324 346.477 252.238
4325 376.433 254.998
4326 346.79 264.681
4327 355.421 257.36
4328 345.4 244.875
4329 344.225 256.476
4330 359.85 253.192
4331 341.409 261.992
4332 365.97 235.828
4333 364.472 256.285
4334 365.595 250.5
4335 345.078 251.281
4336 355.077 247.459
4337 363.962 256.992
4338 349.929 260.5
4339 361.298 251.022
4340 347.59 250.89
4341 356.735 245.542
4342 358.994 254.998
4343 352.312 251.237
4344 364.849 251.664
4345 371.961 249.187
4346 347.82 244.495
4347 347.589 252.715
4348 361.109 263.515
4349 380.598 256.09
4350 357.571 262.442
4351 365.327 256.969
4352 363.571 255.284
4353 350.949 258.093
4354 358.83 245.601
4355 361.208 259.808
4356 345.361 250.354
4357 367.396 243.274
4358 361.587 264.496
4359 361.309 248.278
4360 360.555 256.671
4361 350.605 251.992
4362 360.799 258.969
4363 354.975 249.279
4364 356.535 261.845
4365 352.65 244.315
4366 359.912 258.983
4367 364.576 250.32
4368 354.491 250.968
4369 362.243 262.572
4370 352.65 243.982
4371 370.157 259.149
4372 357.097 256.982
4373 354.192 244.487
4374 366.47 248.954
4375 363.413 248.95
4376 360.125 250.801
4377 358.83 247.982
4378 349.044 254.717
4379 351.505 259.392
4380 346.951 259.496
4381 358.83 258.36
4382 343.773 260.246
4383 349.274 252.968
4384 371.712 250.982
4385 365.056 256.805
4386 367.396 259.287
4387 329.017 258.505
4388 366.468 257.146
4389 349.943 252.46
4390 353.712 251.237
4391 367.038 254.717
4392 356.765 250.839
4393 360.67 251.998
4394 332.536 269.909
4395 354.274 253.476
4396 355.528 254.9
4397 367.509 252.238
4398 451.403 258.391
4399 355.657 239.898
4400 364.589 255.93
4401 362.591 258.476
4402 354.047 251.321
4403 353.514 254.9
4404 360.452 262.42
4405 355.083 261.488
4406 369.843 261.931
4407 361.451 253.026
4408 350.28 256.998
4409 375.804 259.998
4410 350.632 257.36
4411 366.881 254.982
4412 357.024 255.39
4413 354.175 257.604
4414 357.323 259.983
4415 344.797 243.795
4416 349.296 250.801
4417 341.991 247.546
4418 368.219 250.28
4419 353.582 250.356
4420 358.647 259.376
4421 348.478 257.488
4422 353.144 248.606
4423 364.143 237.924
4424 369.242 259.526
4425 356.533 260.038
4426 350.371 241.992
4427 367.129 246.487
4428 356.535 257.488
4429 369.014 249.495
4430 378.642 255.992
4431 357.989 246
4432 353.016 253.803
4433 364.678 247.459
4434 347.095 248.499
4435 353.044 254.358
4436 349.485 251.416
4437 351.547 269.909
4438 354.827 252.873
4439 354.274 248.606
4440 356.66 243.335
4441 354.734 254.763
4442 358.309 257.476
4443 356.738 255.441
4444 362.13 254.874
4445 358.094 253.904
4446 357.049 255.143
4447 362.839 252.139
4448 352.165 258.952
4449 324.339 250.968
4450 365.023 246.755
4451 342.901 254.929
4452 361.674 257
4453 361.796 252.67
4454 347.534 249.758
4455 342.316 247.459
4456 361.854 257.765
4457 375.827 246.106
4458 355.601 260.952
4459 361.309 264.847
4460 342.004 260.15
4461 363.681 242.124
4462 347.79 247.998
4463 346.987 243.598
4464 361.994 257.765
4465 362.215 249.608
4466 359.444 254.951
4467 357.2 238.86
4468 343.22 255.93
4469 355.528 252.496
4470 337.71 247.475
4471 355.193 253.904
4472 350.343 255.496
4473 360.658 248.871
4474 352.851 247.901
4475 367.162 261.931
4476 347.095 250.28
4477 359.299 253.982
4478 341.661 246
4479 355.831 251.929
4480 365.602 251.123
4481 355.408 248.992
4482 345.694 256.992
4483 358.647 258.876
4484 353.321 250.28
4485 355.727 255.998
4486 344.199 245.438
4487 346.464 254.389
4488 348.798 249.235
4489 337.981 252.024
4490 358.94 255.56
4491 350.166 252.715
4492 360.117 250.08
4493 362.313 258.565
4494 356.735 248.387
4495 351.696 266.813
4496 361.082 256.39
4497 370.443 258.093
4498 338.316 263.163
4499 358.184 253.496
4500 357.176 251.714
4501 353.746 255.417
4502 346.674 250.356
4503 364.768 261.5
4504 363.359 256.992
4505 365.311 257.992
4506 366.235 253.982
4507 351.056 234.787
4508 358.522 250.713
4509 359.944 257.325
4510 378.428 253.488
4511 365.238 256.09
4512 363.808 252.19
4513 339.286 254.214
4514 361.762 253.827
4515 346.583 251.283
4516 354.752 255.969
4517 349.994 249.902
4518 352.704 244.409
4519 464.827 263.771
4520 356.912 258.287
4521 345.783 255.417
4522 348.921 267.46
4523 375.321 254.717
4524 361.859 249.838
4525 373.363 254.142
4526 352.739 245.754
4527 354.467 261.677
4528 360.444 255
4529 366.856 261.289
4530 356.382 250.28
4531 369.621 245.947
4532 358.548 252.998
4533 362.13 249.439
4534 337.67 249.387
4535 349.274 254.841
4536 368.782 253.488
4537 356.66 251.76
4538 355.545 260.845
4539 362.864 256.09
4540 347.373 258.391
4541 365.877 256.992
4542 338.845 262.29
4543 345.694 251.802
4544 361.006 242.384
4545 350.839 252.802
4546 354.972 254.24
4547 363.222 246.982
4548 354.415 261.327
4549 340.66 265.33
4550 364.768 255.5
4551 370.054 260.096
4552 362.767 250.551
4553 346.655 251.929
4554 365.97 256.242
4555 368.874 250.46
4556 359.85 258.496
4557 367.43 254.998
4558 366.692 257.033
4559 357.097 250.95
4560 346.078 260.488
4561 355.831 259.149
4562 360.67 249.8
4563 352.95 256.951
4564 354.024 242.384
4565 365.371 265.292
4566 353.353 250.968
4567 349.628 242.967
4568 354.275 252.992
4569 347.373 243.315
4570 354.923 248.318
4571 363.136 263.574
4572 359.751 247.998
4573 365.928 259.969
4574 372.411 258.325
4575 358.484 263.953
4576 349.42 253.868
4577 349.042 248.016
4578 359.833 260.361
4579 358.751 251.5
4580 364.598 257.325
4581 355.015 252.389
4582 361.684 260.808
4583 363.909 244.6
4584 354.102 248.234
4585 357.592 251.998
4586 347.436 257.091
4587 351.056 261.442
4588 359.131 259.476
4589 348.895 257.905
4590 362.591 248.415
4591 351.547 257.441
4592 356.076 252.46
4593 365.371 244.998
4594 364.275 250.49
4595 363.384 259.723
4596 349.874 255.46
4597 364.323 259.488
4598 355.9 251.998
4599 353.857 247.992
4600 360.201 258.998
4601 351.09 258.992
4602 353.17 246.901
4603 357.024 247.927
4604 349.149 257.992
4605 355.978 259.977
4606 348.597 256.982
4607 362.501 244.753
4608 354.559 247.982
4609 356.168 246.968
4610 365.311 254.763
4611 351.502 252.46
4612 362.115 253.389
4613 361.215 256.982
4614 353.836 256.971
4615 350.354 247.499
4616 346.526 254.967
4617 355.015 249.758
4618 367.064 253.998
4619 361.953 234.896
4620 350.574 244.753
4621 361.331 254.323
4622 361.569 252.84
4623 351.955 256.875
4624 382.466 254.358
4625 367.472 244.869
4626 356.735 259.461
4627 354.463 253.5
4628 364.867 264.992
4629 364.323 259.931
4630 350.56 256.951
4631 365.032 265
4632 356.651 255.93
4633 354.965 257.806
4634 377.831 248.928
4635 358.117 251.44
4636 367.696 258.998
4637 352.96 258.766
4638 355.121 254.46
4639 362.533 250.136
4640 356.859 244.274
4641 356.533 249.078
4642 360.899 251.929
4643 364.308 259.723
4644 361.331 248.415
4645 360.735 251.76
4646 350.354 244.967
4647 368.687 256.992
4648 361.684 252.416
4649 356.983 245.927
4650 351.056 245.231
4651 356.765 267.331
4652 359.751 257.983
4653 354.584 258.952
4654 351.821 260.992
4655 364.576 250.44
4656 361.953 241.702
4657 358.845 265.251
4658 361.347 248.419
4659 358.994 254.193
4660 350.371 263.953
4661 351.09 255.323
4662 343.907 259.095
4663 369.512 254.087
4664 353.836 259.461
4665 356.823 261.201
4666 365.13 252.998
4667 340.852 250.5
4668 364.286 266.713
4669 362.91 261.04
4670 370.624 257.62
4671 358.295 245.542
4672 357.743 259.199
4673 356.875 242.926
4674 360.062 248.837
4675 345.333 252.666
4676 353.893 254.998
4677 359.653 254.717
4678 357.284 257.969
4679 357.936 249.95
4680 347.027 251.903
4681 353.299 251
4682 357.284 254.874
4683 356.02 256.418
4684 363.384 267.496
4685 369.019 246.232
4686 359.797 256.805
4687 348.231 253.44
4688 358.678 246.018
4689 344.016 249.872
4690 358.094 261.878
4691 352.446 253.417
4692 343.232 252.024
4693 363.765 250.713
4694 341.601 243.653
4695 354.463 258.461
4696 359.85 254.804
4697 358.731 254.441
4698 347.914 252.903
4699 360.375 252.139
4700 356.791 258.722
4701 345.078 261.809
4702 358.748 260.496
4703 360.493 248.837
4704 347.223 258.36
4705 358.731 253.44
4706 348.488 250.801
4707 358.295 256.369
4708 367.615 268.365
4709 360.036 255.5
4710 343.942 246.481
4711 356.511 253.904
4712 363.535 255.359
4713 349.716 261.769
4714 365.582 251.664
4715 354.401 250.968
4716 358.748 259.419
4717 364.027 257.905
4718 374.46 246.459
4719 360.342 255.93
4720 347.241 253.496
4721 357.927 251.356
4722 358.028 256.761
4723 363.808 264.42
4724 355.869 249.475
4725 348.797 258.147
4726 368.494 262.328
4727 460.054 245.707
4728 357.592 250.992
4729 349.857 258.36
4730 353.723 247.871
4731 357.301 255.088
4732 348.103 248.355
4733 358.994 253.716
4734 360.888 254.982
4735 363.978 256.476
4736 361.953 259.361
4737 362.313 244.459
4738 369.785 249.235
4739 365.13 251
4740 366.268 266.773
4741 363.22 254.668
4742 359.653 253.085
4743 363.681 250.839
4744 356.382 257.765
4745 357.519 246.743
4746 357.881 254.615
4747 354.975 252.357
4748 350.708 247.756
4749 360.389 256.875
4750 351.723 250.801
4751 362.864 252.992
