0 1 1
1 332.536 262.383
2 342.826 254.951
3 333.197 260.877
4 337.981 253.998
5 343.321 257.496
6 341.526 254.488
7 343.054 256.93
8 351.716 244.127
9 337.941 244.753
10 345.3 264.488
11 336.632 256.501
12 330.55 254.829
13 345.881 251.821
14 348.411 255.875
15 339.351 251.44
16 353.822 249.475
17 345.578 266
18 343.016 253.904
19 338.036 245.949
20 331.596 251.802
21 350.803 252.238
22 325.607 248.902
23 342.294 260.419
24 342.689 256.875
25 340.294 251.839
26 344.164 251.929
27 351.875 262.726
28 338.302 262.362
29 353.463 259.249
30 340.309 249.838
31 343.22 249.758
32 324.026 252.761
33 336.838 244.385
34 330.356 255.764
35 347.534 258.5
36 337.212 252.416
37 339.65 257.033
38 345.683 259.5
39 342.859 262.461
40 337.538 248.606
41 328.694 246.992
42 347.692 257.476
43 344.375 259.983
44 347.223 255.56
45 326.576 258.476
46 327.472 252.84
47 332.524 253.951
48 334.018 253.192
49 336.385 250.28
50 333.527 256.951
51 334.201 264.42
52 342.053 252.666
53 330.518 267.253
54 335.833 254.763
55 343.117 248.459
56 334.29 246.317
57 349.494 255.359
58 323.32 267.774
59 349.42 264.454
60 343.016 249.8
61 353.368 253.496
62 331.089 246.189
63 339.305 251.388
64 345.977 251.44
65 345.808 250.188
66 354.192 248.185
67 329.932 255.93
68 340.404 274.299
69 343.23 252.494
70 346.069 249.608
71 347.59 256.441
72 331.596 258.621
73 349.256 254.417
74 358.057 257.461
75 322.211 257.496
76 351.502 251.476
77 342.508 256.496
78 352.905 259.5
79 344.913 260.979
80 341.226 262.29
81 344.389 265.42
82 349.716 256.905
83 339.027 248.982
84 344.783 248.475
85 342.513 258.969
86 332.739 259.476
87 318.776 255.284
88 333.823 251.929
89 340.135 246.901
90 336.954 264.25
91 342.768 262.153
92 345.783 250.136
93 342.111 250.236
94 338.296 251.95
95 364.275 257.969
96 339.678 256.324
97 346.341 257.905
98 351.261 257.905
99 332.986 259.675
100 326.435 256.369
101 341.106 249.495
102 346.872 262.393
103 336.286 243.125
104 327.316 257.5
105 336.838 256.195
106 335.204 252.357
107 341.21 256.324
108 344.423 251.137
109 333.371 256.496
110 342.473 246.87
111 337.639 254.441
112 344.783 245.9
113 356.192 253.716
114 333.742 255.39
115 346.563 258.84
116 346.526 252.488
117 340.735 250.713
118 343.884 251.968
119 336.385 261.906
120 342.143 263.462
121 339.495 255.441
122 345.899 242.926
123 323.659 244.229
124 344.323 251.802
125 340.404 245.316
126 335.477 265.443
127 338.876 245.947
128 332.973 259
129 338.216 258.807
130 343.235 253.929
131 338.892 263.953
132 389.769 249.135
133 342.901 246.658
134 330 251.281
135 330.212 255
136 344.63 240.649
137 352.616 242.475
138 351.359 254.5
139 355.032 256.951
140 335.917 249.998
141 338.762 250.928
142 341.174 255.194
143 348.441 258.441
144 349.494 251.982
145 334.277 246.495
146 334.287 246.386
147 327.39 257.973
148 342.231 262.461
149 349.716 254.904
150 346.925 251.5
151 348.878 255.39
152 343.235 258.998
153 339.976 261.511
154 344.465 253.874
155 331.711 247.841
156 338.278 249.277
157 341.227 250.95
158 342.088 256.618
159 350.803 261.878
160 354.559 262.328
161 355.162 249.499
162 327.046 251.488
163 357.055 251.137
164 360.669 250.236
165 345.56 257.93
166 352.429 253.982
167 333.27 255.143
168 341.693 263.488
169 348.174 256.842
170 354.683 264.728
171 345.128 258.505
172 337.519 255.441
173 345.326 241.998
174 345.384 249.355
175 354.863 261.769
176 328.798 246.968
177 345.242 254.476
178 343.22 251.802
179 342.294 248.711
180 343.671 249.187
181 349.308 250.08
182 335.254 250.551
183 344.238 251.96
184 346.139 261.906
185 342.013 249.982
186 333.284 242.949
187 349.716 260.906
188 346.477 249.998
189 340.635 247.495
190 349.777 255.053
191 347.954 250.982
192 338.668 252
193 347.638 251.968
194 337.842 253.417
195 338.464 254.24
196 350.371 244.949
197 325.782 242.998
198 342.476 251.839
199 336.749 253.488
200 342.053 247.71
201 341.473 254.389
202 351.909 254.498
203 327.729 243.834
204 352.094 258.496
205 330.666 256.998
206 352.114 256.441
207 328.723 249.415
208 334.111 258.807
209 340.476 251.46
210 341.482 249.95
211 344.783 262
212 352.969 255.93
213 341.227 260.906
214 348.488 263.97
215 343.698 251.476
216 336.92 256.39
217 333.368 251.476
218 335.932 246.836
219 347.007 253.982
220 329.333 262.97
221 333.459 247.927
222 338.384 245.797
223 419.44 262.932
224 343.828 263.291
225 337.27 253.904
226 336.187 248.077
227 344.517 251.356
228 338.674 259.844
229 318.08 254.982
230 351.201 253.874
231 333.563 241.402
232 331.711 252.083
233 344.199 242.998
234 351.111 251.873
235 343.319 247.992
236 324.102 257.496
237 347.875 247.95
238 358.548 249.8
239 348.709 251.44
240 339.882 247.927
241 344.465 257.998
242 340.858 240
243 335.455 253.841
244 342.357 255.5
245 345.612 259.808
246 352.403 253.982
247 338.573 248.499
248 340.404 265.88
249 344.687 247.659
250 347.82 254.358
251 340.154 251.839
252 341.863 240.412
253 350.719 257.391
254 333.284 257.843
255 341.069 249.135
256 344.572 250.713
257 342.342 247.495
258 340.391 253.282
259 326.887 255.366
260 348.03 261.725
261 346.788 249.758
262 344.151 254.982
263 326.888 258.488
264 332.366 252.139
265 346.335 253.44
266 346.006 253.44
267 340.5 254.969
268 334.111 260.906
269 348.797 264.42
270 341.991 247.756
271 344.354 253.192
272 349.72 248.982
273 353.27 250.928
274 335.833 255.719
275 336.954 257.876
276 344.465 257.418
277 342.768 255.998
278 332.716 251.476
279 337.39 250.801
280 327.756 253.557
281 334.993 255.805
282 352.637 257.476
283 336.571 255.323
284 347.239 249.712
285 347.127 250.801
286 337.486 255.5
287 335.204 247.605
288 330.254 254.615
289 340.204 261.327
290 337.843 247.71
291 321.835 256.488
292 334.745 263.97
293 338.876 255.805
294 336.681 247.798
295 329.071 262.248
296 340.404 256.905
297 335.628 251.237
298 338.302 247.653
299 358.028 258.983
300 342.215 253.322
301 346.563 259.952
302 335.41 253.496
303 341.614 252.282
304 340.852 246.708
305 336.863 249.956
306 346.098 255.875
307 348.231 258.93
308 346.257 251.968
309 347.707 261.992
310 351.113 264.923
311 322.087 262.45
312 332.4 257.905
313 347.557 252.895
314 342.228 260.808
315 345.407 255.5
316 343.907 260.845
317 333.05 256.476
318 335.571 249.459
319 337.58 252.476
320 334.913 251.802
321 341.959 246.276
322 353.785 250.928
323 339.95 256.805
324 333.489 255.842
325 329.638 250.49
326 338.325 256.461
327 341.76 255.904
328 352.263 263.329
329 352.136 260.906
330 351.454 253.357
331 341.085 244.352
332 338.538 256.998
333 357.617 270.983
334 347.793 256.39
335 335.41 254.441
336 338.881 249.355
337 337.031 246.353
338 344.465 252.139
339 345.207 254.967
340 333.419 251.664
341 344.783 249.872
342 325.012 254.874
343 340.223 243.834
344 348.878 249.8
345 337.757 243.873
346 334.993 265.932
347 332.503 244.385
348 332.098 253.357
349 337.519 247.271
350 336.303 251.488
351 342.215 264.932
352 350.111 251.968
353 331.048 249.187
354 337.538 240.327
355 355.727 261.488
356 335.571 247.952
357 352.363 258.876
358 349.72 248.016
359 355.82 261.626
360 344.572 261.461
361 335.28 253.496
362 340.309 251.281
363 343.5 243.998
364 333.237 257.5
365 331.735 260.952
366 350.963 244.487
367 348.267 253.929
368 344.83 256.441
369 332.265 251.998
370 342.901 249.475
371 336.633 247.546
372 318.371 246.87
373 350.688 252.951
374 348.797 256.324
375 345.881 260.419
376 345.612 255.496
377 340.735 261.247
378 345.022 256.242
379 336.936 260.906
380 349.96 272.91
381 337.031 254.358
382 343.513 257.325
383 328.661 259.199
384 337.639 255
385 335.585 256.195
386 339.929 252.416
387 333.06 257.876
388 329.354 246.708
389 341.347 250.992
390 343.358 253.614
391 341.106 260.969
392 340.925 256.09
393 337.71 248.902
394 347.373 258.876
395 326.625 256.72
396 336.208 253.026
397 354.728 256.93
398 348.624 265.848
399 328.894 242.487
400 332.482 258.5
401 334.622 256.09
402 327.39 259.419
403 330.357 249.928
404 350.714 253.982
405 338.748 251.44
406 334.275 262.81
407 338.194 264.811
408 344.865 253.239
409 337.751 255.359
410 337.188 244.499
411 353.822 242.833
412 346.133 249.487
413 344.581 269.909
414 330.268 251.426
415 341.394 254.763
416 326.202 254.441
417 335.455 252.903
418 341.473 254.615
419 352.165 252.496
420 341.21 252.496
421 350.343 251.496
422 332.16 255.992
423 331.248 250.188
424 337.71 249.319
425 338.302 240.312
426 333.284 250.424
427 352.637 253.488
428 342.768 247.499
429 323.778 258.325
430 353.353 263.97
431 335.204 256.488
432 364.395 255.969
433 340.47 257.033
434 345.471 253.239
435 345.948 249.888
436 351.312 255.39
437 345.702 252.496
438 353.353 256.461
439 342.859 253.752
440 356.118 251.998
441 332.366 267.159
442 338.538 261.992
443 335.477 249.499
444 336.187 263.998
445 341.863 246.13
446 352.267 252.903
447 348.144 261.488
448 337.486 256.875
449 330.264 250.998
450 343.318 253.389
451 348.03 254.488
452 334.851 252.802
453 338.349 248.998
454 339.534 262.248
455 344.238 248.992
456 342.053 253.192
457 338.748 264.953
458 336.975 267.462
459 340.66 259.376
460 340.135 251.998
461 331.596 255.441
462 334.736 251.95
463 330.055 256.09
464 349.17 258
465 338.036 258.983
466 343.118 261.845
467 344.019 259.392
468 343.862 247.014
469 340.329 255.875
470 342.859 259.952
471 334.727 253.982
472 341.504 250.992
473 339.467 250.839
474 342.768 256.998
475 346.235 264.102
476 347.664 244.753
477 347.566 250.872
478 343.948 252.321
479 334.727 262.907
480 344.801 249.992
481 343.604 259.095
482 318.679 261.878
483 338.127 263.879
484 350.371 257.843
485 351.576 260.983
486 330.731 255.764
487 336.666 260.496
488 347.482 248.928
489 333.659 256.476
490 339.765 249.235
491 345.774 255.998
492 347.42 256.461
493 344.325 266.331
494 339.301 250.416
495 340.035 257.286
496 328.049 254.028
497 341.418 250.992
498 320.175 251.237
499 335.072 244.982
500 331.276 264.488
501 339.726 254.283
502 352.041 256.93
503 339.22 262.932
504 347.223 248.757
505 341.139 257.496
506 347.708 259.149
507 333.563 254.488
508 342.316 252.968
509 336.119 251.492
510 339.094 245.487
511 347.436 252.488
512 337.291 244.008
513 331.554 264.42
514 349.9 254.24
515 335.455 256.93
516 350.839 244.9
517 342.999 258.766
518 336.385 259.983
519 340.419 256.39
520 335.726 262.621
521 328.723 248.495
522 349.84 249.187
523 346.886 246.386
524 344.423 241.833
525 329.257 255.904
526 327.509 256
527 337.842 265.992
528 344.569 262.328
529 342.316 258.287
530 344.569 250.982
531 339.094 260.724
532 329.773 253.44
533 335.072 249.475
534 346.329 253.716
535 330.08 256.764
536 338.491 259.977
537 350.086 259.245
538 341.693 254.969
539 347.333 247.354
540 330.042 246.881
541 341.686 249.956
542 356.441 261.247
543 357.542 248.318
544 347.59 254.951
545 349.17 259.419
546 448.324 253.14
547 350.45 254.969
548 336.838 254.929
549 338.762 250.32
550 339.399 248.499
551 339.65 254.982
552 344.801 250.236
553 343.057 252.666
554 345.361 258.876
555 332.668 243.006
556 314.272 251.44
557 338.615 257.496
558 348.478 251.281
559 342.111 261.362
560 346.951 254.5
561 340.758 248.355
562 338.646 253.496
563 346.335 257.441
564 351.111 252.84
565 433.561 246.881
566 329.594 256.805
567 343.016 259.808
568 318.622 253.288
569 333.805 246.386
570 325.34 256.359
571 312.624 249.8
572 350.493 251.982
573 349.243 256.488
574 344.016 258.391
575 344.891 263.992
576 341.886 261.998
577 336.999 257.439
578 362.449 252.951
579 341.743 245.927
580 336.936 253.476
581 331.596 264.25
582 345.34 251.5
583 339.495 259.361
584 331.913 257.243
585 323.333 264.363
586 341.221 259.476
587 332.503 258.998
588 336.378 248.928
589 341.596 245.982
590 339.901 250.998
591 348.306 257.93
592 329.7 256.93
593 339.027 263.443
594 335.732 254.615
595 342.689 254.904
596 353.299 249.495
597 327.124 265.157
598 346.025 251.321
599 334.054 248.548
600 350.5 258.969
601 343.118 258.36
602 335.455 259.305
603 335.072 265.729
604 345.248 257.969
605 337.842 258.905
606 335.726 269.019
607 332.836 252.476
608 335.212 254.951
609 320.2 260.288
610 338.762 256.285
611 336.388 259.931
612 350.036 257.93
613 340.858 261.983
614 332.482 242.704
615 355.256 252.139
616 360 256.418
617 340.889 242.004
618 344.241 248.928
619 323.447 241.793
620 348.231 271.993
621 329.484 253.965
622 331.153 257.806
623 327.49 259.419
624 335.504 258.523
625 328.478 254.087
626 346.139 254.9
627 338.845 259.877
628 351.716 256.562
629 325.423 252.359
630 344.629 250.759
631 348.594 252.802
632 350.343 249.351
633 329.331 255.143
634 330.55 261.442
635 332.464 232.456
636 342.07 255.143
637 336.458 253.496
638 348.267 262.42
639 340.329 258.461
640 320.755 254.951
641 337.743 257.969
642 328.478 252.321
643 337.298 243.487
644 336.482 256.242
645 334.29 249.439
646 339.95 255.832
647 340.758 253.929
648 345.207 250.476
649 336.286 259.998
650 343.968 252.139
651 349.538 256.195
652 343.884 254.841
653 333.468 259.461
654 344.476 252.476
655 344.449 256.969
656 322.104 248.992
657 355.601 249.928
658 344.581 249.928
659 341.227 248.419
660 334.567 251.321
661 341.473 245.797
662 356.213 257.672
663 339.221 254.389
664 330.055 247.605
665 331.27 248.459
666 345.582 249.968
667 337.123 249.387
668 352.616 262.998
669 336.936 256.971
670 328.541 246.386
671 338.748 259.723
672 350.26 256.842
673 352.007 253.476
674 332.716 251.488
675 344.608 260.327
676 346.302 251.95
677 341.855 264.63
678 344.558 254.829
679 344.151 263.462
680 342.397 251.388
681 340.309 245.438
682 357.26 255.496
683 340.933 256.842
684 342.111 256.488
685 332.65 253.282
686 358.295 256.359
687 336.208 250.476
688 334.991 265.364
689 349.99 254.904
690 332.558 260.768
691 342.397 258.565
692 335.851 249.018
693 337.756 251.082
694 350.959 252.488
695 334.873 251.237
696 337.639 268.496
697 344.232 257.476
698 331.189 244.927
699 336.295 242.475
700 333.401 246.317
701 351.111 268.954
702 343.779 249.459
703 335.571 261.769
704 337.743 254.323
705 330.731 247.927
706 340.082 262.42
707 341.226 249.475
708 346.133 259.992
709 347.708 252.321
710 340.933 251.714
711 336.119 259.392
712 335.115 253.192
713 341.596 250.902
714 348.797 253.841
715 331.564 257.476
716 345.057 243.943
717 349.11 255.323
718 340.768 244.229
719 340.547 258.998
720 343.872 255.241
721 434.888 250.902
722 329.052 255.488
723 336.999 253.898
724 338.149 266.293
725 347.249 253.46
726 344.423 246.901
727 338.296 248.799
728 348.368 259.392
729 352.551 249.712
730 349.571 252.555
731 337.58 259.305
732 346.479 256.5
733 340.391 256.39
734 336.437 249.459
735 353.202 252.476
736 328.244 252.282
737 337.461 242.178
738 328.478 256.242
739 344.055 251.968
740 342.294 250.968
741 350.605 262.878
742 320.102 250.609
743 334.371 258.722
744 353.972 246.495
745 341.686 255.241
746 340.592 250.95
747 348.174 247.459
748 328.926 253.874
749 334.473 257.091
750 342.929 250.839
751 345.612 251.356
752 326.236 262.627
753 346.477 254.46
754 331.3 253.841
755 348.543 259.906
756 345.893 251.903
757 334.371 251.5
758 340.5 258.5
759 338.969 252.389
760 339.821 254.904
761 344.945 250.609
762 330.642 250.136
763 334.913 254.904
764 341.482 255.143
765 323.152 252.895
766 336.737 253.085
767 321.546 258.807
768 328.177 263.879
769 317.736 254.992
770 329.9 267.522
771 336.144 257.952
772 336.068 256.5
773 332.923 257.441
774 337.757 246.459
775 350.154 258.391
776 341.347 263.5
777 335.124 259.931
778 342.789 258.147
779 347.692 254.283
780 333.284 257.325
781 347.373 248.495
782 354.655 263.727
783 333.844 265.488
784 339.853 257.876
785 346.098 255.241
786 358.857 252.238
787 350.688 255.496
788 353.972 256.905
789 338.588 252.5
790 326.031 256.144
791 335.28 250.992
792 335.969 250.609
793 341.886 260.5
794 340.943 254.496
795 339.997 259.442
796 335.75 246.495
797 344.783 251.44
798 346.159 254.498
799 337.962 253.951
800 348.981 251.488
801 342.397 252.428
802 331.711 246.998
803 334.515 255.998
804 336.482 247.871
805 334.066 249.279
806 338.541 254.992
807 341.312 260.461
808 341.048 259.998
809 345.326 258.441
810 328.195 243.499
811 352.511 274.423
812 341.336 262.878
813 345.128 261.847
814 347.875 262.42
815 354.734 256.618
816 338.538 250.188
817 346.464 251.46
818 347.223 261.983
819 341.623 249.187
820 338.18 244.998
821 327.472 250.872
822 333.676 260.906
823 336.451 248.711
824 340.204 253.803
825 326.986 248.487
826 329.09 249.135
827 334.404 261.442
828 345.612 260.992
829 342.666 239.174
830 335.625 253.239
831 351.888 248.495
832 353.098 252.44
833 344.913 247.998
834 340.592 252.982
835 326.506 260.569
836 339.22 250.982
837 352.349 264.908
838 339.853 260.419
839 331.474 268.524
840 335.678 255.488
841 344.482 251.968
842 341.936 262.983
843 338.349 255.902
844 338.395 260.845
845 347.638 245.9
846 340.635 261.845
847 339.853 251.416
848 333.742 257.033
849 344.697 249.116
850 334.429 244.54
851 333.237 258.488
852 357.596 247.968
853 332.482 253.992
854 345.808 245.835
855 329.803 245.275
856 336.378 254.193
857 348.921 263.496
858 329.701 250.388
859 342.316 247.546
860 343.01 252.282
861 333.06 255.67
862 340.215 265.908
863 330.357 257.243
864 338.674 256.5
865 334.201 249.475
866 336.702 245.9
867 353.972 267.395
868 329.932 263.477
869 328.139 251.982
870 359.395 251.356
871 335.996 244.477
872 339.588 252.998
873 340.338 263.363
874 317.017 234.265
875 341.936 261.5
876 348.712 256.905
877 353.847 247.386
878 342.901 257.721
879 341.555 249.928
880 327.625 258.674
881 440.375 264.454
882 351.178 253.982
883 337.843 256.842
884 333.197 253.998
885 336.749 272.5
886 337.71 236.745
887 347.333 243.949
888 345.951 253.904
889 339.753 267.953
890 339.286 249.235
891 343.795 258.844
892 338.969 252.968
893 345.612 255.67
894 340.044 253.951
895 351.318 254.967
896 345.384 255.417
897 339.688 252.962
898 353.582 256.842
899 342.939 254.389
900 332.818 253.841
901 346.687 256.461
902 324.986 259.723
903 349.42 262.263
904 341.686 253.5
905 344.523 262.099
906 345.955 247.289
907 326.481 256.905
908 335.917 252.951
909 335.374 253.417
910 341.667 247.233
911 341.504 264.575
912 348.253 258.36
913 331.276 254.904
914 335.946 240.948
915 341.302 254.763
916 340.035 250.136
917 322.873 253.803
918 337.842 253.14
919 356.415 246.499
920 328.694 259.567
921 350.049 248.234
922 342.508 253.841
923 340.1 257.243
924 338.296 252.903
925 333.014 259.623
926 348.416 253.13
927 320.696 253.488
928 333.846 234.947
929 336.482 259.461
930 329.181 257.907
931 343.082 250.801
932 347.638 259.488
933 341.772 246.708
934 341.312 257.371
935 340.419 261.725
936 369.345 252.84
937 339.152 255.719
938 336.161 255.93
939 344.946 251.492
940 335.44 255.417
941 342.689 255.323
942 347.059 243.982
943 344.677 263.983
944 336.877 254.763
945 328.451 255.323
946 341.991 254.951
947 333.617 241.868
948 345.361 251.137
949 335.571 248.459
950 340.1 255.805
951 329.897 249.495
952 340.353 253.667
953 342.316 257.146
954 374.422 251.873
955 356.983 250.902
956 341.447 253.951
957 347.471 251.839
958 348.956 248.992
959 350.999 245.656
960 335.857 249.078
961 348.155 260.931
962 354.011 263.992
963 341.157 243.598
964 342.939 243.438
965 346.159 250.743
966 355.438 247.992
967 344.812 256.39
968 339.199 252.612
969 340.329 253.417
970 333.489 262.992
971 343.942 247.883
972 324.325 249.235
973 321.963 265.364
974 346.432 249.95
975 337.39 249.387
976 335.022 250.95
977 339.09 247.318
978 332.193 262.992
979 351.807 245.998
980 348.368 244.414
981 327.629 253.46
982 328.329 255.764
983 336.838 263.811
984 345.56 257.93
985 363.394 250.663
986 346.133 260.931
987 299.85 251.873
988 332.986 257.146
989 338.845 240.35
990 342.473 238
991 345.022 256.242
992 335.875 271.91
993 336.416 261.916
994 368.043 252.715
995 344.767 254.441
996 334.452 244.706
997 348.712 257.243
998 356.968 257.36
999 345.682 257.992
1000 340.1 251.082
1001 343.693 248.487
1002 339.929 246.276
1003 351.128 254.929
1004 335.571 261.878
1005 343.016 249.662
1006 352.739 255.143
1007 348.241 248.195
1008 340.984 250.32
1009 319.629 259.037
1010 352.817 259.419
1011 327.806 250.998
1012 353.785 267.685
1013 332.366 250.958
1014 333.563 254.615
1015 349.703 257.496
1016 349.17 243.125
1017 335.428 254.441
1018 349.159 258.093
1019 345.899 254.904
1020 337.745 260.724
1021 321.238 252.951
1022 340.62 253.357
1023 353.631 251.022
1024 337.683 254.982
1025 348.698 254.24
1026 333.167 260.488
1027 336.632 253.46
1028 335.571 244.414
1029 348.379 252.321
1030 336.863 255.421
1031 324.598 255.764
1032 341.863 256.39
1033 344.778 249.998
1034 349.149 258.093
1035 349.72 249.968
1036 342.561 255.982
1037 349.643 254.5
1038 336.666 248.419
1039 357.126 253.239
1040 350.256 251.95
1041 342.901 254.476
1042 360.167 259.442
1043 347.707 252.802
1044 356.655 253.46
1045 336.286 264.97
1046 343.872 254.804
1047 343.956 249.187
1048 348.034 260.15
1049 338.491 253.951
1050 344.449 257.969
1051 347.482 252.761
1052 344.238 260.845
1053 358.204 259.361
1054 322.955 247.487
1055 351.943 260.624
1056 344.891 258.969
1057 330.781 256.39
1058 342.673 263.477
1059 335.52 262.461
1060 350.885 253.5
1061 346.423 254.441
1062 341.855 254.46
1063 326.616 258.992
1064 331.032 257.496
1065 348.597 248.928
1066 331.813 248.016
1067 351.733 254.417
1068 344.558 262.461
1069 348.698 250.424
1070 330.589 253.239
1071 338.969 260.392
1072 342.666 250.354
1073 334.813 246.708
1074 339.305 251.496
1075 331.276 249.902
1076 319.595 250.28
1077 330.817 258.766
1078 348.336 261.677
1079 352.905 249.475
1080 337.941 251.281
1081 324.463 259.906
1082 359.667 256.969
1083 343.01 255.46
1084 348.937 255.029
1085 341.473 244.315
1086 343.68 256.905
1087 337.009 253.192
1088 332.06 253.969
1089 340.047 257.998
1090 332.797 253.46
1091 343.082 257.765
1092 352.403 264.496
1093 341.311 257.033
1094 340.082 252.555
1095 350.157 251.476
1096 346.335 256.496
1097 333.976 257.998
1098 335.061 264.363
1099 337.67 248.459
1100 340.309 256.441
1101 333.167 247.546
1102 342.964 257.791
1103 345.977 253.476
1104 348.379 252.929
1105 333.85 256.951
1106 338.083 258.5
1107 345.612 256.418
1108 328.085 260.509
1109 344.778 258.244
1110 339.199 247
1111 349.369 259.952
1112 350.5 243.9
1113 346.83 243.006
1114 340.215 245.231
1115 348.838 256.971
1116 346.583 260.392
1117 340.682 253.874
1118 347.101 259.844
1119 334.054 255.417
1120 336.702 252.873
1121 337.298 249.415
1122 337.147 258.441
1123 348.624 258.722
1124 332.524 256.971
1125 336.571 253.874
1126 334.515 256.285
1127 343.01 248.837
1128 342.228 244.274
1129 341.106 262.488
1130 339.575 259.844
1131 341.936 256.93
1132 332.262 251.321
1133 327.806 258.93
1134 352.505 258.952
1135 337.486 258.244
1136 351.09 254.46
1137 344.801 264.811
1138 352.363 259.723
1139 344.865 252.998
1140 333.237 248.278
1141 335.932 252.84
1142 346.788 237.966
1143 320.562 253.46
1144 341.104 248.757
1145 351.781 261.31
1146 329.181 248.439
1147 339.08 257.765
1148 337.423 251.189
1149 335.38 253.982
1150 338.762 249.608
1151 335.097 258.418
1152 349.994 251.903
1153 341.311 262.461
1154 353.73 254.283
1155 339.19 256.359
1156 339.753 245.656
1157 356.727 256.562
1158 344.404 265.292
1159 330.273 249.499
1160 326.977 259.906
1161 343.235 253
1162 341.936 257.604
1163 335.178 254.441
1164 352.363 251.714
1165 341.772 248.318
1166 338.429 258
1167 331.22 257.286
1168 331.821 262.488
1169 343.348 252.968
1170 336.975 257.5
1171 343.948 249.199
1172 342.088 246.439
1173 340.852 254.804
1174 344.482 249.439
1175 327.243 248.813
1176 338.491 255.998
1177 351.426 256.951
1178 343.89 255.359
1179 340.66 253.762
1180 345.427 239.349
1181 336.077 249.982
1182 336.749 252.715
1183 337.486 246.87
1184 340.47 257.905
1185 332.391 259.461
1186 351.96 252.873
1187 369.986 255.359
1188 338.892 252.238
1189 339.853 259.496
1190 341.336 264.681
1191 338.718 266.848
1192 348.698 249.187
1193 336.92 248.185
1194 342.413 257.983
1195 357.866 259.488
1196 350.635 255.904
1197 350.719 254.668
1198 352.114 255.194
1199 355.199 257.503
1200 338.296 259.5
1201 331.385 259.998
1202 337.941 258.093
1203 337.87 244.949
1204 338.216 252.19
1205 339.753 254.358
1206 354.584 252.46
1207 325.188 244.796
1208 353.299 248.992
1209 339.588 248.459
1210 340.655 265.364
1211 331.715 258.496
1212 338.349 255.476
1213 343.479 245.353
1214 325.57 247.417
1215 347.261 263.983
1216 350.45 252.357
1217 334.855 253.496
1218 352.962 255.088
1219 347.589 264.811
1220 336.208 255.93
1221 350.963 250.992
1222 326.576 260.931
1223 332.797 246.881
1224 341.855 242.981
1225 338.127 253.5
1226 337.212 253.803
1227 340.306 253.322
1228 294.942 252.84
1229 345.23 254.804
1230 334.716 254.193
1231 328.936 266.97
1232 348.798 254.841
1233 424.964 238.998
1234 349.994 253.14
1235 332.923 256.195
1236 350.31 250.928
1237 341.292 245.542
1238 342.867 250.424
1239 333.06 254.763
1240 335.38 265.443
1241 338.845 245.438
1242 341.825 258.441
1243 344.83 256.418
1244 338.384 253.998
1245 342.053 257.765
1246 363.978 254.841
1247 332.838 255.719
1248 342.342 248.902
1249 337.837 252.357
1250 340.044 250.928
1251 346.872 263.907
1252 332.65 246.13
1253 337.532 256.324
1254 332.917 252.84
1255 343.479 249.998
1256 338.646 254.134
1257 354.787 266.635
1258 337.532 251.237
1259 329.257 254.5
1260 324.86 260.288
1261 350.05 258.476
1262 362.767 252.321
1263 326.986 251.44
1264 351.844 259.326
1265 327.359 258.476
1266 325.386 259
1267 342.901 244.338
1268 341.772 253.288
1269 330.439 242
1270 348.895 258.992
1271 330.731 263.393
1272 316.515 253.929
1273 327.347 255.875
1274 347.138 254.982
1275 348.64 253.496
1276 356.083 252.321
1277 342.654 252.389
1278 352.579 259.361
1279 342.231 249.487
1280 335.946 251.611
1281 339.22 244.315
1282 332.739 247.952
1283 350.949 249.95
1284 344.354 260.969
1285 349.703 252.873
1286 338.945 257.033
1287 329.126 260.488
1288 338.285 266.049
1289 329.638 261.809
1290 335.374 261.57
1291 337.212 259.361
1292 325.782 257.391
1293 341.394 262.496
1294 346.159 266.5
1295 341.312 256.242
1296 333.284 246.658
1297 333.419 250.388
1298 346.704 247.233
1299 347.707 261.477
1300 349.72 258.969
1301 353.857 262.393
1302 347.891 262.29
1303 349.01 261.725
1304 348.488 248.902
1305 337.031 264.204
1306 344.325 253.969
1307 331.944 250.663
1308 326.858 255.5
1309 350.542 257.93
1310 334.927 252.929
1311 340.776 258.325
1312 358.438 258.565
1313 349.497 266.97
1314 342.789 245.9
1315 338.969 255.143
1316 343.459 252.992
1317 327.884 259.844
1318 339.597 255.029
1319 339.094 255.56
1320 327.124 250.416
1321 322.008 256.93
1322 333.99 251.137
1323 338.926 250.356
1324 335.38 257.196
1325 334.567 256.242
1326 332.599 265.394
1327 332.009 250.759
1328 333.398 243.352
1329 348.167 244.229
1330 336.482 254.488
1331 345.948 250.928
1332 340.391 244.414
1333 347.027 259.844
1334 329.663 253.898
1335 357.206 253.557
1336 332.524 254.998
1337 327.805 255.323
1338 350.842 248.387
1339 335.812 253.904
1340 340.215 254.283
1341 350.779 256.031
1342 340.135 249.758
1343 346.655 255.39
1344 324.777 242.949
1345 327.341 261.392
1346 336.119 248.757
1347 336.119 251.388
1348 344.945 266.458
1349 338.325 259.199
1350 351.955 257.905
1351 348.981 255.476
1352 351.431 254.193
1353 337.683 268.732
1354 345.004 253.762
1355 330.341 260.096
1356 338.969 247.318
1357 331.789 243.475
1358 327.202 247.71
1359 335.404 254.364
1360 344.865 253.969
1361 340.889 253.874
1362 342.964 257.091
1363 323.972 248.495
1364 348.267 245.754
1365 336.144 258
1366 341.21 261.983
1367 338.644 258.441
1368 345.893 244.655
1369 327.238 254.874
1370 336.999 247.487
1371 329.052 248.871
1372 342.8 253
1373 346.788 252.024
1374 330.273 258.147
1375 338.127 257.488
1376 330.242 256.72
1377 344.354 253.14
1378 333.014 260.969
1379 347.138 262.461
1380 332.16 256.476
1381 343.348 252.802
1382 339.769 266.927
1383 343.567 248.415
1384 348.103 249.495
1385 338.285 267.051
1386 341.104 249.355
1387 334.746 254.417
1388 329.932 253.762
1389 339.208 258.064
1390 344.778 251.388
1391 388.528 258.905
1392 336.666 253.557
1393 347.241 251.998
1394 353.186 260.361
1395 344.517 261.725
1396 343.89 249.475
1397 338.541 261.461
1398 342.867 264.783
1399 336.512 252.46
1400 347.589 250.609
1401 336.737 245.459
1402 335.875 249.872
1403 334.111 255.875
1404 354.119 260.476
1405 340.69 256.93
1406 346.635 249.712
1407 337.639 253.762
1408 317.478 254.992
1409 344.783 251.5
1410 341.227 246.797
1411 335.693 253.992
1412 341.959 267.881
1413 342.552 255.441
1414 343.604 260.509
1415 351.178 257.391
1416 346.027 249.439
1417 347.366 254.417
1418 341.504 257.672
1419 353.785 253.904
1420 340.47 253.951
1421 345.694 253.667
1422 352.179 260.496
1423 337.58 248.495
1424 356.163 266.207
1425 345.682 246.901
1426 335.204 247.475
1427 332.95 255.719
1428 334.831 251.492
1429 342.316 260.246
1430 350.949 257.391
1431 335.625 253.476
1432 346.687 245.129
1433 326.778 248.487
1434 333.673 258.807
1435 346.872 258.287
1436 343.319 260.488
1437 344.323 252.238
1438 337.486 253.841
1439 349.369 247.475
1440 332.986 249.235
1441 341.473 258.441
1442 327.991 252.761
1443 340.605 253.762
1444 343.401 249.992
1445 337.756 254.969
1446 350.885 264.983
1447 345.56 259.5
1448 339.617 252
1449 334.676 248.387
1450 334.727 249.888
1451 342.789 261.201
1452 333.957 250.188
1453 339.199 256.992
1454 368.215 250.488
1455 336.575 258.807
1456 347.033 248.606
1457 362.215 260.476
1458 344.019 249.66
1459 344.629 258.93
1460 350.086 261.289
1461 349.285 250.32
1462 359.667 255.476
1463 348.797 253.904
1464 338.429 242.384
1465 332.205 242.384
1466 343.884 247.459
1467 333.398 251.492
1468 337.843 261.362
1469 343.321 257.418
1470 335.52 253.667
1471 332.039 250.188
1472 333.617 249.495
1473 352.182 250.998
1474 337.842 254.982
1475 352.114 256.992
1476 337.291 262.983
1477 342.228 253.389
1478 346.196 254.364
1479 342.775 259.952
1480 353.044 247.499
1481 344.232 254.874
1482 331.521 260.488
1483 340.768 249.838
1484 347.931 257.091
1485 330.386 247.277
1486 334.371 248.318
1487 354.863 260.392
1488 334.419 251.666
1489 344.697 249.838
1490 344.238 247.386
1491 343.235 249.487
1492 337.408 248.982
1493 337.147 263.329
1494 419.005 260.931
1495 333.957 263.393
1496 341.548 257.286
1497 349.99 251.968
1498 343.795 265.97
1499 345.977 254.441
1500 337.981 256.297
1501 357.26 254
1502 348.99 253.282
1503 354.734 261.5
1504 338.892 265.992
1505 341.76 252.357
1506 334.851 246.439
1507 345.013 261.878
1508 360.201 244.835
1509 346.364 260.5
1510 331.131 253.389
1511 340.223 268.983
1512 345.33 258.36
1513 332.265 255.998
1514 344.778 255.194
1515 334.746 254.049
1516 341.336 251.44
1517 339.523 254.841
1518 331.459 252.5
1519 342.552 256.441
1520 342.345 254.476
1521 355.792 246.386
1522 342.143 254.441
1523 355.121 250.902
1524 353.624 258.952
1525 340.62 247.756
1526 356.11 242.981
1527 343.872 243.315
1528 343.948 250.08
1529 341.868 256.905
1530 343.162 247.415
1531 338.748 254.498
1532 346.814 251.95
1533 335.835 252.321
1534 339.853 259.906
1535 334.855 262.42
1536 362.011 254.441
1537 348.981 247.871
1538 330.357 253.389
1539 344.019 270.954
1540 332.12 261.327
1541 355.015 253.282
1542 355.851 247.798
1543 337.461 258.093
1544 345.868 250.759
1545 345.4 257.806
1546 331.361 262.679
1547 346.02 245.754
1548 343.016 260.952
1549 328.764 253.417
1550 324.185 265.462
1551 334.275 252.761
1552 336.754 260.768
1553 337.941 259.245
1554 338.395 254.676
1555 331.474 256.242
1556 339.323 256.998
1557 343.872 253.357
1558 338.646 256.359
1559 336.749 255.143
1560 342.673 258.998
1561 334.115 250.08
1562 337.743 260.392
1563 339.901 260
1564 347.249 262.932
1565 341.661 252.873
1566 342.357 256.842
1567 336.286 245.231
1568 345.647 254.214
1569 341.21 263.998
1570 343.22 258.476
1571 344.055 253.762
1572 333.06 244.008
1573 329.8 255.496
1574 331.827 263.811
1575 336.027 258.287
1576 342.013 258.844
1577 326.127 257.992
1578 340.007 254.804
1579 353.966 256.805
1580 323.497 257.441
1581 357.2 247.968
1582 330.08 256.359
1583 350.343 257.998
1584 341.482 248.318
1585 349.994 250.713
1586 343.604 255.359
1587 339.094 258.505
1588 341.772 255.982
1589 337.423 264.517
1590 350.049 251.356
1591 347.239 259.675
1592 337.083 255.764
1593 338.127 247.439
1594 343.459 249.758
1595 343.22 266.683
1596 352.094 261.998
1597 330.708 263.452
1598 340.007 254.998
1599 337.291 251.356
1600 347.471 250.136
1601 347.62 248.355
1602 391.982 251.95
1603 341.855 254.441
1604 342.964 251.893
1605 332.697 252.46
1606 337.962 242.949
1607 339.688 255.764
1608 343.862 250.998
1609 346.925 260.288
1610 333.742 250.982
1611 343.418 251.903
1612 333.871 249.576
1613 329.144 246.386
1614 351.312 254.967
1615 341.409 251.388
1616 340.441 262.248
1617 352.062 255.359
1618 343.942 254.441
1619 334.622 250.44
1620 341.895 256.461
1621 337.381 250.968
1622 348.167 251.082
1623 340.097 251.998
1624 353.353 246.87
1625 344.241 255.417
1626 330.825 252.282
1627 343.773 250.236
1628 348.713 249.968
1629 344.006 260.983
1630 344.42 257.93
1631 347.261 261.903
1632 333.823 255.951
1633 368.011 257.418
1634 332.464 263.488
1635 343.862 257.461
1636 338.926 245.475
1637 336.286 254.46
1638 339.22 254.193
1639 330.15 249.8
1640 340.215 247.798
1641 334.515 253.44
1642 337.837 261.998
1643 353.016 247.277
1644 346.078 254.389
1645 340.933 256.764
1646 343.057 254.829
1647 340.353 243.834
1648 337.981 252.238
1649 344.865 255.39
1650 337.291 256.905
1651 343.942 247.132
1652 341.504 254.992
1653 344.949 255.441
1654 345.23 255.617
1655 334.727 258.325
1656 336.281 251.982
1657 337.123 247.233
1658 334.736 240.225
1659 331.831 251.982
1660 346.925 261.442
1661 353.631 264.496
1662 326.169 264.42
1663 336.575 256.671
1664 340.097 248.757
1665 331.916 241.981
1666 323.034 256.221
1667 348.488 257.496
1668 347.973 256.764
1669 334.497 253.357
1670 347.261 245.341
1671 341.104 261.983
1672 343.968 249.475
1673 332.265 243.315
1674 327.796 247.798
1675 350.423 253.969
1676 332.824 251.802
1677 348.488 255.323
1678 333.729 264.204
1679 352.159 262.393
1680 327.202 243.752
1681 342.859 259.245
1682 347.073 247.546
1683 351.181 249.662
1684 347.59 263.488
1685 345.155 255.488
1686 336.519 248.133
1687 340.605 251.5
1688 344.164 254.841
1689 363.846 261.477
1690 339.853 252.357
1691 352.718 242.495
1692 346.488 260.15
1693 351.178 257.488
1694 346.951 257.806
1695 348.109 263.462
1696 342.751 261.725
1697 336.187 253.417
1698 343.366 252.024
1699 324.222 246.755
1700 328.085 244.992
1701 342.231 267.909
1702 351.909 256.842
1703 342.053 253.992
1704 337.923 259.931
1705 349.833 265.364
1706 354.683 239.531
1707 338.926 251.802
1708 354.683 247.982
1709 342.789 248.459
1710 360.562 246.927
1711 353.463 262.042
1712 350.999 253.192
1713 349.339 253.14
1714 338.584 259.675
1715 325.607 255.476
1716 354.511 256.488
1717 353.435 264.811
1718 342.397 253.389
1719 344.238 260.246
1720 342.159 255.39
1721 343.628 259.476
1722 324.878 258.93
1723 338.194 249.187
1724 331.976 251.388
1725 347.773 257.503
1726 356.98 242.926
1727 344.949 249.928
1728 326.986 248.928
1729 346.246 257.496
1730 355.528 260.096
1731 336.388 246.755
1732 340.55 254.358
1733 338.319 259.476
1734 330.094 251.992
1735 342.689 264.443
1736 356.321 253.085
1737 346.329 255.93
1738 335.181 250.801
1739 338.945 254.283
1740 342.768 256.242
1741 334.828 250.188
1742 336.458 259.496
1743 335.619 246.475
1744 330.866 254.558
1745 349.628 252.488
1746 339.09 250.28
1747 343.513 265.577
1748 342.111 255.998
1749 344.7 254.904
1750 350.26 255.476
1751 359.667 253.417
1752 337.39 253.969
1753 353.313 251.416
1754 355.978 257.952
1755 331.098 256.969
1756 343.147 241.702
1757 334.111 259.877
1758 341.21 251.95
1759 337.941 248.871
1760 327.689 250.839
1761 348.534 256.144
1762 351.064 260.992
1763 344.972 239.994
1764 340.823 259.5
1765 331.27 253.026
1766 346.025 265.812
1767 328.363 265.5
1768 343.235 255.359
1769 341.936 266.496
1770 343.117 254.134
1771 327.173 251.426
1772 334.831 254.982
1773 348.534 263.044
1774 344.63 258.488
1775 336.378 264.394
1776 324.878 250.759
1777 354.305 262.81
1778 343.147 255.194
1779 333.823 245.353
1780 326.435 251.873
1781 330.731 260.2
1782 350.542 254.389
1783 326.233 254.364
1784 350.256 261.511
1785 342.316 259.952
1786 344.967 240.832
1787 342.231 254.358
1788 345.132 260.496
1789 332.193 254.476
1790 340.5 255.366
1791 343.513 258.496
1792 349.082 253.762
1793 345.23 253.44
1794 334.29 261.998
1795 336.303 260.509
1796 340.082 254.998
1797 340.776 244.352
1798 329.545 267.488
1799 345.361 252.982
1800 343.235 259.906
1801 332.098 276.5
1802 344.767 253.357
1803 336.416 251.714
1804 345.065 261.698
1805 333.99 249.968
1806 327.124 249.8
1807 346.302 246.353
1808 341.01 248.871
1809 346.563 274.299
1810 360.583 247.968
1811 347.436 260.906
1812 343.773 244.18
1813 356.321 260.952
1814 340.889 252.761
1815 340.294 254.283
1816 333.823 240.312
1817 338.757 260.5
1818 336.535 249.758
1819 344.061 252.992
1820 329.036 248.998
1821 354.734 255.902
1822 339.678 257.286
1823 335.833 246.317
1824 345.977 258.909
1825 339.853 243.413
1826 336.874 250.08
1827 329.806 263.983
1828 342.673 249.662
1829 340.154 250.28
1830 335.477 255.617
1831 335.297 252.962
1832 332.193 249.387
1833 341.772 264.992
1834 337.074 259.245
1835 326.127 255.488
1836 336.863 250.354
1837 349.587 266.462
1838 323.889 253.762
1839 356.66 256.5
1840 353.644 252.873
1841 333.449 254.142
1842 343.68 251.321
1843 346.432 251.426
1844 337.87 250.28
1845 340.768 268.332
1846 340.735 248.016
1847 334.29 245.9
1848 354.076 263.68
1849 338.646 248.318
1850 341.555 266.953
1851 354.275 255.998
1852 340.655 262.488
1853 341.686 238.784
1854 337.212 252.84
1855 339.467 248.459
1856 339.305 264.443
1857 336.378 251.929
1858 340.758 251.281
1859 357.927 261.969
1860 336.018 262.726
1861 335.022 251.992
1862 346.464 251.237
1863 330.242 259.906
1864 352.511 256.488
1865 351.909 248.278
1866 337.194 247.927
1867 344.767 258.36
1868 326.876 250.663
1869 343.479 253.026
1870 349.199 250.982
1871 324.339 261.809
1872 341.596 252.024
1873 334.111 254.763
1874 351.248 255.417
1875 337.298 258.496
1876 329.591 248.871
1877 342.622 254.874
1878 408.831 248.459
1879 348.174 249.135
1880 338.001 260.2
1881 346.169 255.904
1882 328.898 254.615
1883 342.762 258.621
1884 335.178 253.841
1885 333.014 263.477
1886 344.225 260
1887 336.345 252.496
1888 332.554 246.232
1889 343.057 258.844
1890 333.663 252.903
1891 332.513 239.437
1892 347.53 256.905
1893 337.212 258.952
1894 344.572 263.477
1895 333.107 250.356
1896 339.882 257.146
1897 339.149 250.32
1898 327.884 244.495
1899 344.325 245.982
1900 340.154 265.394
1901 335.833 249.838
1902 369.459 258.36
1903 328.325 249.928
1904 347.677 258.84
1905 335.254 253.192
1906 345.326 254.028
1907 337.532 258.418
1908 340.776 261.992
1909 340.044 254.904
1910 332.917 241.793
1911 338.926 248.475
1912 362.802 250.356
1913 340.294 257.243
1914 335.812 256.488
1915 325.883 254.496
1916 336.077 248.757
1917 347.304 254.498
1918 350.902 247.901
1919 337.212 248.185
1920 345.196 268.421
1921 326.169 253.951
1922 354.275 262.29
1923 331.361 259.808
1924 344.164 242.475
1925 364.768 255.143
1926 346.7 256.982
1927 348.494 265.682
1928 339.893 247.756
1929 333.092 250.872
1930 349.308 256.93
1931 336.575 262.393
1932 337.486 256.144
1933 346.237 250.713
1934 323.704 257.325
1935 340.682 256.875
1936 340.347 257.806
1937 347.931 251.982
1938 342.561 261.289
1939 332.098 250.982
1940 349.251 253.874
1941 337.188 244.949
1942 344.122 249.888
1943 336.119 259.844
1944 343.942 256.461
1945 339.882 247.415
1946 343.401 249.135
1947 344.697 258.983
1948 330.454 254.929
1949 335.693 250.801
1950 347.491 245.927
1951 355.049 248.871
1952 348.937 252.496
1953 331.361 255.842
1954 329.257 249.387
1955 340.682 258.952
1956 333.284 254.417
1957 330.182 255.5
1958 344.801 248.66
1959 338.201 246.414
1960 337.757 260.952
1961 346.782 257.952
1962 335.072 252.84
1963 356.651 258.441
1964 330.55 244.385
1965 336.303 255.969
1966 330.129 251.46
1967 341.623 260.906
1968 340.999 261.725
1969 333.515 254.982
1970 344.323 262.77
1971 341.763 242
1972 350.179 257.672
1973 329.733 247.277
1974 348.345 253.982
1975 344.42 255.998
1976 355.18 254.46
1977 354.189 259.496
1978 337.074 251.664
1979 340.776 256.359
1980 348.03 248.982
1981 333.808 252.494
1982 334.658 250.46
1983 337.639 249.499
1984 348.597 256.441
1985 356.317 255.39
1986 338.881 254.46
1987 336.187 257.476
1988 350.179 246.901
1989 346.788 262.099
1990 351.903 258.287
1991 329.138 261.392
1992 335.52 245.459
1993 339.544 259.723
1994 352.783 244.998
1995 329.351 254.5
1996 322.844 250.49
1997 335.204 259.723
1998 337.683 246.901
1999 330.817 259.496
2000 341.148 257.441
2001 342.143 248.495
2002 336.633 263.462
2003 344.7 266.908
2004 345.407 249.187
2005 341.21 253.762
2006 344.016 251.714
2007 345.096 256.875
2008 355.438 252.19
2009 332.193 257.461
2010 338.615 258.674
2011 326.986 244.655
2012 347.708 258.722
2013 337.074 246.439
2014 334.604 251.873
2015 348.597 240.312
2016 333.808 258.064
2017 335.532 254
2018 343.779 256.359
2019 355.256 259.392
2020 334.515 251
2021 346.856 254.46
2022 351.723 259
2023 335.124 242.704
2024 348.426 258.36
2025 359.912 259.037
2026 343.348 243.982
2027 331.361 243.315
2028 336.702 255.476
2029 340.955 255.417
2030 362.533 257.418
2031 328.723 250.32
2032 327.687 263.907
2033 344.07 259.392
2034 319.099 258.36
2035 341.227 250.476
2036 349.256 260.952
2037 334.53 264.329
2038 334.018 249.459
2039 340.861 266.207
2040 344.225 251.5
2041 352.094 263.42
2042 349.256 245.992
2043 349.9 253.476
2044 335.291 256.5
2045 353.49 245.499
2046 336.295 258.905
2047 337.751 259.844
2048 341.784 256.461
2049 330.15 262.932
2050 345.384 249.968
2051 338.622 256.969
2052 341.221 250.839
2053 348.368 250.424
2054 333.846 268.732
2055 332.503 261.327
2056 332.836 259.419
2057 318.498 258.565
2058 335.628 256.875
2059 339.22 245.707
2060 343.01 244.262
2061 354.817 253.389
2062 341.76 261.983
2063 348.039 250.992
2064 338.876 245.182
2065 366.426 258.905
2066 342.689 257.391
2067 347.059 257.93
2068 344.767 251.281
2069 338.848 252.416
2070 322.7 249.475
2071 341.667 262.461
2072 328.177 253.904
2073 342.793 249.95
2074 348.167 244.352
2075 347.53 262.983
2076 351.431 256.39
2077 333.398 248.355
2078 349.833 255.93
2079 339.004 255.951
2080 330.15 259.931
2081 346.169 247.798
2082 340.097 256.93
2083 348.957 263.879
2084 349.256 254.358
2085 336.838 255.476
2086 341.555 259.723
2087 332.973 254.498
2088 345.384 258.093
2089 334.054 258.998
2090 333.449 254.615
2091 338.296 248.318
2092 433.124 244.127
2093 342.053 255.417
2094 337.843 248.133
2095 339.765 261.725
2096 337.538 253.667
2097 349.84 259.998
2098 333.931 254.982
2099 349.044 252.44
2100 344.404 253.59
2101 346.025 262.907
2102 325.334 260.419
2103 341.226 256.875
2104 333.844 251.321
2105 347.708 258.905
2106 346.257 259.419
2107 342.578 254.9
2108 332.611 247.901
2109 345.242 259.496
2110 341.048 254.982
2111 343.626 252.802
2112 347.027 248.349
2113 338.089 249.888
2114 343.872 257.907
2115 338.467 259.488
2116 353.555 240.271
2117 333.449 263.983
2118 346.116 249.8
2119 332.603 255.488
2120 346.635 255.805
2121 343.956 254.476
2122 332.054 249.662
2123 340.441 259.326
2124 345.576 244.438
2125 332.554 249.279
2126 345.057 255.67
2127 343.664 253.14
2128 334.567 269.496
2129 349.583 255.39
2130 339.305 256.324
2131 332.366 247.233
2132 330.599 271.496
2133 325.877 264.932
2134 334.473 254.668
2135 345.33 256.461
2136 340.204 261.998
2137 333.014 258.523
2138 334.81 245.561
2139 331.057 251.5
2140 341.139 255.805
2141 344.375 256.842
2142 339.08 264.932
2143 348.848 260.2
2144 335.932 255.417
2145 343.779 248.278
2146 355.049 245.471
2147 342.413 251
2148 334.066 253.5
2149 334.515 258.621
2150 321.319 252.389
2151 336.437 248.871
2152 431.865 253.322
2153 356.567 240.832
2154 331.057 244.753
2155 330.055 244.967
2156 334.574 252.44
2157 338.296 260.808
2158 347.82 250.388
2159 355.632 251.46
2160 335.835 254.441
2161 345.633 248.837
2162 346.027 262.907
2163 325.782 257.876
2164 328.195 258.488
2165 343.872 259.5
2166 337.39 262.983
2167 340.735 250.236
2168 348.797 258.621
2169 333.071 259.419
2170 343.942 258.975
2171 325.072 261.151
2172 330.273 243.413
2173 339.756 255.764
2174 348.379 259.977
2175 326.683 253.874
2176 416.683 248.499
2177 341.895 256.496
2178 333.957 262.983
2179 349.369 245.385
2180 350.885 252.67
2181 344.482 247.277
2182 350.485 267.253
2183 342.888 247.495
2184 336.526 251.903
2185 341.069 245.487
2186 338.644 251.76
2187 331.711 241.35
2188 339.617 255.5
2189 351.111 251.839
2190 355.199 254.841
2191 341.549 264.847
2192 332.923 255.39
2193 352.891 257.969
2194 347.138 257.391
2195 328.451 268.462
2196 336.286 258.722
2197 333.014 256.5
2198 346.098 246.901
2199 346.834 253.43
2200 345.333 247.184
2201 348.838 251.903
2202 328.177 240
2203 346.583 261.878
2204 344.674 255.875
2205 337.31 248.439
2206 346.526 248.606
2207 349.857 263.932
2208 331.005 241.833
2209 349.96 247.95
2210 332.611 242.458
2211 339.495 259.095
2212 327.687 250.992
2213 348.416 254.417
2214 352.81 251.488
2215 334.018 269.11
2216 345.196 260.2
2217 333.922 242.949
2218 342.183 259.496
2219 337.408 251.416
2220 335.124 250.28
2221 332.272 264.772
2222 336.027 259.245
2223 339.769 256.461
2224 334.828 252.46
2225 339.588 264.477
2226 339.623 252.873
2227 338.083 261.992
2228 338.615 260.392
2229 344.354 256.285
2230 353.353 252.476
2231 348.775 251.873
2232 340.999 259.419
2233 343.147 244.229
2234 345.427 261.931
2235 346.237 257.36
2236 327.646 252.761
2237 339.004 255.417
2238 342.964 253.14
2239 346.952 256.905
2240 321.148 252.802
2241 341.394 253.239
2242 339.588 253.803
2243 329.642 244.487
2244 354.102 240.867
2245 343.235 252.929
2246 340.044 243.438
2247 345.948 252.951
2248 355.82 251.426
2249 324.672 262.042
2250 344.913 265.932
2251 343.693 249.982
2252 344.558 253.476
2253 345.207 257.765
2254 352.349 246.439
2255 345.485 261.878
2256 338.216 253.282
2257 338.674 262.477
2258 340.943 252.992
2259 344.945 246.475
2260 332.818 248.415
2261 343.418 264.879
2262 328.222 247.734
2263 342.453 251.714
2264 337.743 246.499
2265 345.384 258.93
2266 335.38 257.5
2267 332.009 263.932
2268 324.463 253.085
2269 330.808 250.609
2270 343.604 262.932
2271 339.678 256.93
2272 337.639 249.902
2273 349.703 259.149
2274 348.534 254.46
2275 348.798 256.992
2276 343.68 258.391
2277 352.81 251.189
2278 329.773 270.463
2279 328.325 258.674
2280 329.09 254.763
2281 339.04 263.771
2282 337.58 252.416
2283 320.305 259.442
2284 352.718 248.95
2285 352.579 261.677
2286 336.077 253.929
2287 355.438 256.476
2288 336.999 252.666
2289 334.29 243.869
2290 334.618 258.488
2291 344.945 253.969
2292 342.901 257.93
2293 341.085 254.441
2294 344.423 254.804
2295 332.039 250.02
2296 345.132 262.513
2297 348.336 254.364
2298 333.284 253.841
2299 326.625 258.5
2300 338.036 251.44
2301 337.074 257.243
2302 347.53 245.998
2303 345.808 255.842
2304 346.309 247.71
2305 346.617 254.992
2306 334.29 263.477
2307 352.041 266.421
2308 349.643 255.617
2309 326.258 258.461
2310 337.466 257.62
2311 346.367 249.8
2312 347.373 255.764
2313 346.687 262.42
2314 348.241 254.358
2315 324.419 251.76
2316 340.135 249.8
2317 339.544 261.381
2318 329.924 248.234
2319 337.639 260.845
2320 345.485 256.437
2321 330.731 245.9
2322 327.793 249.998
2323 348.488 261.992
2324 342.826 265.488
2325 336.132 261.327
2326 334.376 259.361
2327 338.089 256.998
2328 338.395 251.873
2329 332.4 255.359
2330 343.671 257.461
2331 345.899 253.46
2332 338.646 253.282
2333 331.646 254
2334 323.094 263.879
2335 326.236 255.435
2336 330.356 252.357
2337 331.391 255.46
2338 346.782 247.495
2339 342.6 255.93
2340 337.147 257.62
2341 337.141 263.488
2342 342.357 251.082
2343 344.354 259.419
2344 324.617 264.443
2345 345.235 255.805
2346 355.069 253.969
2347 343.296 242.405
2348 337.743 263.992
2349 337.486 243.9
2350 340.215 249.758
2351 335.52 239.981
2352 340.911 258.093
2353 341.855 262.5
2354 336.999 264.987
2355 332.277 249.415
2356 329.071 238.321
2357 345.23 255.617
2358 342.434 244.352
2359 335.571 254.804
2360 341.473 245.754
2361 345.33 255.969
2362 425.834 253.841
2363 350.12 272.478
2364 345.977 252.476
2365 345.521 255.284
2366 341.227 252.321
2367 334.963 249.968
2368 330.454 253.827
2369 346.788 261.461
2370 335.212 270.496
2371 353.582 259.877
2372 346.246 255.143
2373 337.083 254.389
2374 339.65 251.982
2375 343.942 253.488
2376 342.004 256.764
2377 334.376 255.951
2378 331.735 250.95
2379 339.588 260.906
2380 333.611 254.992
2381 335.821 248.499
2382 341.526 253.969
2383 331.711 251.44
2384 351.038 249.928
2385 336.838 259.245
2386 338.127 256.418
2387 337.532 262
2388 339.853 249.872
2389 342.695 255.67
2390 337.67 243.834
2391 352.624 250.32
2392 353.252 253
2393 347.563 252.992
2394 344.946 254.193
2395 339.323 255.496
2396 331.153 261.931
2397 358.43 263.291
2398 341.772 261.419
2399 328.694 262.461
2400 341.763 247.734
2401 346.098 256.39
2402 334.172 265.812
2403 346.107 249.992
2404 335.212 259.476
2405 334.29 251.839
2406 322.971 259.931
2407 326.913 254.283
2408 352.718 250.356
2409 328.926 245
2410 332.16 258.461
2411 347.373 258.621
2412 340.889 255.992
2413 344.105 267.421
2414 337.843 239.7
2415 317.408 249.387
2416 332.838 247.318
2417 335.571 244.459
2418 342.31 249.758
2419 354.189 264.811
2420 333.237 254.5
2421 339.464 252.903
2422 330.094 253.841
2423 341.302 248.95
2424 345.155 247.354
2425 337.519 262.846
2426 333.922 259.392
2427 351.09 251.356
2428 342.508 247.475
2429 359.099 266.105
2430 347.793 257.476
2431 345.421 239.061
2432 341.855 242.998
2433 340.62 257.496
2434 344.354 254.763
2435 278.887 258.807
2436 341.895 254.389
2437 333.449 245.707
2438 327.443 270.688
2439 349.716 260.615
2440 346.432 265.42
2441 356.124 253.322
2442 331.944 251.903
2443 345.362 255.992
2444 322.315 260.952
2445 329.249 268.814
2446 334.29 255.39
2447 340.2 245.805
2448 342.473 256.905
2449 345.326 262.461
2450 338.036 260.808
2451 320.125 254.496
2452 327.629 252.968
2453 333.227 247.415
2454 329.269 250.902
2455 335.917 245.992
2456 337.71 250.992
2457 339.305 255.998
2458 330.705 250.713
2459 349.537 257.721
2460 335.932 247.495
2461 326.715 246.901
2462 333.371 252.476
2463 341.101 248.954
2464 347.373 251.5
2465 358.197 265.488
2466 342.561 250.928
2467 348.594 250.4
2468 347.62 247.992
2469 330.145 264.932
2470 336.999 250.46
2471 328.329 247.837
2472 339.993 247.386
2473 339.617 248.387
2474 329.903 247.439
2475 335.061 256.875
2476 329.484 256.285
2477 342.413 254.969
2478 338.945 256.671
2479 352.386 252.968
2480 341.686 257.391
2481 347.239 256.601
2482 350.708 255.992
2483 349.803 254.291
2484 329.181 254.24
2485 331.391 260.992
2486 345.977 252
2487 341.139 256.285
2488 331.131 257.983
2489 343.01 256.72
2490 340.309 263.953
2491 352.433 256
2492 334.567 254.951
2493 346.069 260.392
2494 344.945 255.904
2495 349.176 260.419
2496 338.718 253.716
2497 347.261 248.998
2498 332.671 256.195
2499 340.166 259.149
2500 335.291 246.797
2501 340.682 247.798
2502 335.628 251.44
2503 327.443 257.564
2504 320.866 251.802
2505 350.26 249.355
2506 338.089 252.761
2507 345.057 248.711
2508 360.025 254.829
2509 331.614 259.808
2510 337.27 254.24
2511 332.986 250.28
2512 340.889 252.44
2513 344.061 251.137
2514 339.753 247.659
2515 337.683 262.042
2516 342.316 250.488
2517 340.889 250.5
2518 338.404 253.969
2519 331.646 258.905
2520 349.604 252.998
2521 347.931 263.992
2522 347.53 259.808
2523 339.305 256.5
2524 330.825 259.769
2525 336.697 247.271
2526 334.939 255.67
2527 337.194 260.379
2528 343.235 255
2529 332.824 247.927
2530 323.155 254.087
2531 343.147 254.615
2532 340.404 253.841
2533 335.38 251.492
2534 344.697 257.196
2535 335.932 245.475
2536 350.485 259.877
2537 343.937 265.157
2538 334.376 252.416
2539 343.22 245.438
2540 334.685 259.496
2541 338.149 246.276
2542 345.333 256.5
2543 453.475 262.202
2544 334.604 246.499
2545 341.526 259.623
2546 343.147 246.658
2547 349.339 248.234
2548 349.385 251.416
2549 329.515 250.356
2550 332.464 261
2551 331.669 253.282
2552 330.908 252.982
2553 348.231 257.146
2554 336.482 249.475
2555 334.13 259.808
2556 354.119 262.153
2557 336.575 245.927
2558 335.124 269.687
2559 342.689 243.998
2560 345.132 261.419
2561 344.822 252.715
2562 349.628 251.714
2563 315.171 256.501
2564 347.413 253.998
2565 334.766 237.891
2566 350.354 254.417
2567 338.395 255.284
2568 339.882 248.274
2569 332.836 260.952
2570 340.154 265.772
2571 362.673 252.357
2572 326.308 263.488
2573 334.851 253.929
2574 337.923 248.837
2575 336.295 251.873
2576 328.892 246.603
2577 337.423 247.354
2578 337.941 252.84
2579 339.993 255.435
2580 335.625 261.969
2581 345.647 249.415
2582 333.014 256.418
2583 343.567 250.388
2584 327.793 251.839
2585 345.248 254.992
2586 336.119 251.488
2587 336.208 249.279
2588 348.336 249.355
2589 342.316 247.386
2590 337.188 250.759
2591 348.039 256.998
2592 350.714 261.289
2593 343.191 262.442
2594 337.843 251.496
2595 345.384 256.195
2596 344.354 260.496
2597 332.039 248.982
2598 337.283 254.967
2599 341.415 261.31
2600 328.512 257.837
2601 339.941 261.327
2602 336.754 255.875
2603 334.371 256.09
2604 342.789 256.5
2605 334.174 242.384
2606 334.497 270.5
2607 344.945 263.462
2608 339.929 257.952
2609 339.094 253.44
2610 346.635 260.509
2611 340.547 261.151
2612 344.629 247.927
2613 349.494 258.952
2614 344.449 259.361
2615 340.154 265.88
2616 353.814 249.187
2617 338.296 259.037
2618 336.295 260.496
2619 344.093 256.488
2620 351.111 246.968
2621 344.323 250.496
2622 353.353 248.606
2623 343.555 251.839
2624 337.87 261
2625 337.923 252.903
2626 331.459 252.962
2627 333.654 259.376
2628 318.528 257.418
2629 331.361 253.716
2630 339.495 256.285
2631 351.812 253.803
2632 346.069 251.95
2633 330.926 252.802
2634 352.136 259.442
2635 343.779 254.755
2636 349.8 256.437
2637 352.267 259.245
2638 311.104 265.932
2639 339.09 254.389
2640 347.585 250.416
2641 339.769 255.39
2642 349.497 263.363
2643 342.508 245.182
2644 345.977 249.355
2645 352.314 248.483
2646 338.926 263.727
2647 355.472 261.983
2648 338.646 258.418
2649 345.647 247.968
2650 342.513 248.278
2651 354.401 257.146
2652 332.229 255.617
2653 328.364 261.906
2654 337.756 257.461
2655 334.658 259.461
2656 350.109 256.09
2657 348.672 247.992
2658 345.23 246.87
2659 347.997 256.618
2660 341.394 261.477
2661 351.648 259.461
2662 344.63 254.804
2663 331.276 244.475
2664 328.366 240.412
2665 331.711 259.611
2666 356.192 250.388
2667 338.615 256.618
2668 338.455 258
2669 328.862 256.982
2670 337.283 250.188
2671 333.014 258.441
2672 329.5 258.905
2673 341.302 250.44
2674 350.5 257.391
2675 347.073 256.969
2676 345.786 260.877
2677 341.106 257.033
2678 334.111 259.844
2679 346.583 265.496
2680 350.885 256.476
2681 336.737 253.43
2682 338.296 254.951
2683 336.999 252.389
2684 350.423 250.136
2685 331.098 254.46
2686 338.762 255.46
2687 327.024 243.487
2688 330.642 254.358
2689 344.629 253.762
2690 335.835 261.419
2691 344.608 258.766
2692 341.504 243.006
2693 298.948 245.797
2694 337.743 245.412
2695 329.036 257.843
2696 346.533 252.357
2697 360.916 260.488
2698 331.711 250.801
2699 324.116 263.811
2700 346.782 252.321
2701 335.178 256.72
2702 333.844 256.93
2703 331.11 248.871
2704 339.726 259.442
2705 327.919 266.73
2706 357.744 264.42
2707 364.323 251.802
2708 347.664 256.488
2709 340.204 256.764
2710 341.661 256.93
2711 346.814 248.95
2712 345.701 252.389
2713 348.368 257.441
2714 323.11 250.32
2715 341.311 250.928
2716 352.718 249.968
2717 340.768 260.327
2718 350.166 252.282
2719 329.181 252.84
2720 333.747 259.507
2721 338.538 249.888
2722 334.461 252.951
2723 344.465 251.982
2724 332.95 257.488
2725 337.396 258.287
2726 343.418 248.355
2727 339.305 256.805
2728 346.834 256.618
2729 349.17 261.998
2730 335.571 258.496
2731 343.418 251.082
2732 341.548 257.496
2733 333.449 247.132
2734 343.764 256.764
2735 339.653 258.5
2736 343.162 264.477
2737 343.01 254.5
2738 354.817 247.386
2739 329.638 247.901
2740 337.291 255.476
2741 343.235 252.5
2742 335.38 252.19
2743 345.868 245.9
2744 350.154 263.727
2745 338.285 256.5
2746 345.919 261.327
2747 345.248 250.5
2748 334.275 253.929
2749 335.857 249.487
2750 341.426 238.998
2751 355.972 251.476
2752 335.072 270.5
2753 338.945 250.416
2754 335.857 246.012
2755 352.718 243.705
2756 347.986 247.354
2757 342.143 249.299
2758 341.936 266.813
2759 430.692 255.284
2760 337.843 265.462
2761 334.29 240.169
2762 343.321 254.904
2763 340.852 253.44
2764 343.862 264.42
2765 347.62 261.931
2766 352.511 271.463
2767 324.068 251.488
2768 335.181 259.983
2769 332.054 254.488
2770 338.526 253.43
2771 328.926 247.483
2772 350.808 249.421
2773 345.3 268.477
2774 338.526 255.5
2775 340.735 246.982
2776 352.061 258.952
2777 337.337 253.239
2778 331.361 251.488
2779 344.572 249.982
2780 342.316 258.674
2781 340.441 249.992
2782 338.892 253.716
2783 353.463 258.461
2784 352.278 254.951
2785 338.302 253.969
2786 339.411 254.967
2787 322.059 248.871
2788 347.891 251.137
2789 330.705 255.39
2790 355.652 260.246
2791 330.55 253.998
2792 343.671 254.874
2793 346.41 243.795
2794 341.226 237.947
2795 343.348 244.229
2796 342.876 262.726
2797 340.097 246.439
2798 354.435 254.193
2799 340.776 251.321
2800 338.848 248.475
2801 334.174 256.324
2802 342.357 254.488
2803 338.644 253.762
2804 350.719 245.9
2805 324.777 259.392
2806 343.118 255.359
2807 340.943 253.904
2808 335.833 250.928
2809 332.193 257.496
2810 343.631 248.711
2811 332.193 256.031
2812 346.139 258.325
2813 342.143 261.442
2814 345.769 254.998
2815 341.355 256.992
2816 350.246 247.952
2817 337.39 256.195
2818 355.19 248.278
2819 348.956 255.294
2820 350.109 257.843
2821 351.431 251.802
2822 346.563 250.188
2823 343.628 261.725
2824 348.827 251.388
2825 325.906 256.144
2826 343.884 257.496
2827 339.495 258.992
2828 330.145 262.328
2829 323.666 262.362
2830 333.398 256.441
2831 334.993 249.902
2832 336.416 251.611
2833 342.768 255.951
2834 331.032 249.992
2835 324.564 256.805
2836 346.553 252.5
2837 337.031 246.901
2838 340.776 242.475
2839 327.44 251.44
2840 332.445 248.982
2841 352.718 256.144
2842 336.132 246.992
2843 339.95 248.928
2844 323.894 271.256
2845 338.149 249.712
2846 341.991 263.443
2847 347.793 249.55
2848 329.09 255.875
2849 328.894 246.13
2850 333.922 257.503
2851 346.159 256.992
2852 335.571 250.663
2853 335.022 256.951
2854 337.031 257.905
2855 334.281 255.46
2856 337.757 259.5
2857 337.58 254.841
2858 334.746 252.496
2859 340.204 263.983
2860 344.945 256.418
2861 344.767 255.758
2862 338.201 250.388
2863 341.855 254.417
2864 349.497 256.905
2865 322.771 261.419
2866 337.347 258.36
2867 327.472 258.876
2868 347.638 244.01
2869 345.783 245.499
2870 344.232 260.442
2871 324.419 253.192
2872 336.3 242.794
2873 339.929 257.286
2874 337.212 253.841
2875 348.488 274.853
2876 347.59 258.287
2877 333.846 253.898
2878 338.904 253.716
2879 338.876 267.488
2880 352.962 259.969
2881 345.248 255.764
2882 334.287 257.806
2883 326.127 254.441
2884 352.266 257.461
2885 345.471 241.75
2886 351.812 262.846
2887 335.75 254.476
2888 345.576 275.971
2889 338.278 249.135
2890 336.975 251.664
2891 340.776 248.318
2892 342.666 251.873
2893 344.972 249.872
2894 343.321 240.225
2895 345.881 255.758
2896 356.823 253.476
2897 346.872 269.583
2898 347.875 259.952
2899 334.245 262.442
2900 327.806 245.797
2901 348.594 250.188
2902 330.356 252.321
2903 346.583 255.805
2904 333.107 255.39
2905 343.604 257.952
2906 349.445 262.362
2907 338.429 240.628
2908 353.17 250.02
2909 348.957 247.992
2910 328.798 260.476
2911 327.443 264.847
2912 348.152 248.837
2913 342.357 252.488
2914 329.436 249.415
2915 332.818 261.289
2916 338.325 249.712
2917 347.589 256.764
2918 329.582 251.321
2919 346.133 261.362
2920 355.927 259.977
2921 360.452 251.492
2922 345.167 254.441
2923 338.296 246.968
2924 333.828 247.499
2925 340.547 260.419
2926 330.731 254.874
2927 440.169 248.757
2928 340.492 244.998
2929 341.825 256.93
2930 346.246 260.877
2931 352.165 242.751
2932 359.667 252.321
2933 328.445 262.362
2934 292.563 255.39
2935 358.857 259.151
2936 346.133 257.564
2937 337.217 245.967
2938 347.027 251.189
2939 337.743 262.461
2940 344.877 255.284
2941 345.155 254.488
2942 321.266 250.476
2943 336.385 260.327
2944 338.201 249.928
2945 343.862 260.906
2946 349.8 258.905
2947 345.683 258.969
2948 330.817 247.71
2949 332.06 257.441
2950 354.584 243.438
2951 332.524 249.495
2952 340.082 252.929
2953 334.567 251.839
2954 338.674 254.46
2955 336.92 251.189
2956 341.21 255.323
2957 346.432 247.417
2958 339.993 270.463
2959 344.569 258.5
2960 346.981 255.982
2961 336.874 255.805
2962 350.036 249.355
2963 331.646 256.09
2964 340.605 250.968
2965 348.253 254.283
2966 340.306 250.5
2967 337.291 248.757
2968 339.388 254.087
2969 318.683 250.992
2970 356.763 252.321
2971 341.394 261.878
2972 342.397 250.44
2973 343.118 254
2974 344.423 251.802
2975 341.763 249.982
2976 343.162 245.949
2977 340.592 249.838
2978 346.895 261.488
2979 332.986 264.5
2980 363.079 251.873
2981 343.147 251.929
2982 321.784 259.392
2983 345.23 253.496
2984 329.818 243.495
2985 356.875 248.185
2986 351.111 247.439
2987 344.061 251.356
2988 333.275 253.969
2989 347.589 253.762
2990 345.702 255.902
2991 350.354 261.57
2992 342.473 256.488
2993 350.714 253.026
2994 341.01 247
2995 338.881 252.416
2996 332.357 254.998
2997 347.708 252.389
2998 339.678 253.46
2999 341.447 254.904
3000 338.761 253.841
3001 329.727 252.286
3002 348.356 256.195
3003 335.742 265.443
3004 336.737 258.476
3005 340.1 252.992
3006 335.204 252.929
3007 342.768 255.5
3008 327.89 244.409
3009 341.661 250.236
3010 344.404 257.765
3011 343.628 252.761
3012 341.048 253.085
3013 346.02 254.841
3014 349.445 251.237
3015 337.639 255.441
3016 354.102 253.496
3017 354.827 241.926
3018 344.006 255.969
3019 330.908 257.876
3020 337.981 248.928
3021 328.892 242.487
3022 314.118 262.202
3023 338.987 256.297
3024 344.404 256.441
3025 338.646 253.614
3026 350.905 252.903
3027 343.795 260.461
3028 332.057 247.386
3029 340.215 254.668
3030 353.044 256.476
3031 337.188 248.495
3032 332.277 252.873
3033 352.817 261.419
3034 340.655 249.902
3035 339.027 257.461
3036 351.636 254.992
3037 327.002 261.618
3038 328.798 248.077
3039 332.524 257.983
3040 344.677 253.192
3041 337.879 260.288
3042 336.92 260.676
3043 299.416 253.762
3044 346.788 251.237
3045 341.472 243.228
3046 356.641 264.783
3047 341.895 257.5
3048 342.215 256.476
3049 327.89 240.487
3050 344.558 264.932
3051 342.939 254.763
3052 350.43 261.5
3053 346.329 251.893
3054 347.557 252.998
3055 329.897 260.476
3056 344.767 252.44
3057 338.176 257.969
3058 339.221 251.082
3059 329.814 255.417
3060 336.385 257.418
3061 329.375 252.929
3062 344.812 251.76
3063 339.753 255.832
3064 340.735 260.998
3065 358.971 263.488
3066 329.198 249.968
3067 350.174 242.178
3068 341.139 252.46
3069 344.323 256.496
3070 345.065 245.9
3071 340.044 245.475
3072 343.016 260.15
3073 334.99 250.32
3074 339.495 256.93
3075 348.345 250
3076 338.987 256.842
3077 334.712 253.282
3078 344.533 256.461
3079 343.09 258.909
3080 348.534 252.083
3081 332.806 258.766
3082 348.798 257.721
3083 351.723 261.981
3084 336.378 255.323
3085 328.755 264.992
3086 340.1 245.316
3087 346.393 252.321
3088 347.171 262.42
3089 340.082 249.8
3090 350.493 258.391
3091 333.06 254.323
3092 355.18 249.475
3093 332.668 258.5
3094 344.199 257.146
3095 343.401 262.952
3096 346.563 250.28
3097 335.946 251.893
3098 342.183 240.312
3099 334.141 242.899
3100 447.247 247.756
3101 333.398 238.967
3102 351.76 268.421
3103 343.862 252.873
3104 341.355 260.461
3105 338.491 250.819
3106 327.919 254.763
3107 333.107 250.992
3108 332.836 251.968
3109 340.66 250.663
3110 341.596 272.397
3111 336.119 258.5
3112 344.449 263.462
3113 341.347 255.992
3114 326.435 244.655
3115 355.514 259.476
3116 341.92 247.871
3117 336.838 256.031
3118 321.285 245.87
3119 335.723 254.24
3120 340.682 253.026
3121 338.149 254.142
3122 328.592 246.499
3123 350.808 256.418
3124 346.341 249.235
3125 341.221 251.44
3126 329.198 251.426
3127 347.897 253.982
3128 347.373 249.459
3129 334.473 254.9
3130 354.175 247.475
3131 335.865 244.127
3132 339.882 249.662
3133 335.844 260.15
3134 333.617 249.902
3135 335.44 260.15
3136 335.069 254.967
3137 347.241 255.241
3138 348.03 251.982
3139 341.76 255.969
3140 312.816 258.461
3141 335.477 260.379
3142 332.615 254.291
3143 332.611 250.356
3144 340.69 257.146
3145 342.876 252.84
3146 350.166 253.192
3147 336.458 249.838
3148 354.102 257.843
3149 314.733 261.247
3150 335.969 258.198
3151 351.875 250.496
3152 336.754 264.102
3153 337.486 262.496
3154 344.019 264.932
3155 337.532 251.998
3156 339.769 254.969
3157 334.53 250.982
3158 356.655 250.496
3159 351.373 256.133
3160 340.391 243.274
3161 351.056 261.809
3162 336.482 252.666
3163 327.756 250.713
3164 328.195 244.487
3165 341.504 262.383
3166 332.907 257.765
3167 351.056 247.439
3168 333.617 243.598
3169 342.053 253.44
3170 348.64 266.158
3171 344.63 254.417
3172 337.381 249.968
3173 348.713 243.926
3174 330.642 254.982
3175 349.42 265.908
3176 345.427 251.46
3177 350.371 243.982
3178 336.954 258.287
3179 335.742 247.798
3180 344.913 250.95
3181 328.995 268
3182 324.666 263.629
3183 330.454 266.848
3184 351.807 253.951
3185 341.944 251.5
3186 325.982 260.724
3187 340.758 265.97
3188 353.144 252.19
3189 352.266 254.214
3190 345.682 254.498
3191 332.262 249.439
3192 342.859 259.877
3193 340.768 243.705
3194 345.633 251.496
3195 352.612 263.515
3196 334.813 244.706
3197 331.794 254.193
3198 345.582 263.932
3199 332.917 253.803
3200 341.21 245.129
3201 353.432 249.487
3202 346.872 244.835
3203 339.882 253.46
3204 336.027 276.782
3205 344.125 257.146
3206 353.847 254.496
3207 340.232 255.39
3208 346.235 254.028
3209 332.054 250.356
3210 349.777 264.388
3211 344.482 250.356
3212 340.592 256.285
3213 347.53 253.46
3214 343.942 247.483
3215 349.484 254.389
3216 331.391 251.839
3217 347.53 261.952
3218 333.617 258.461
3219 346.432 252.612
3220 341.139 260.288
3221 337.217 252.612
3222 337.743 248.499
3223 345.065 247.71
3224 354.047 253.026
3225 337.446 256.764
3226 337.141 255.476
3227 334.622 249.279
3228 333.014 255.969
3229 348.672 246.881
3230 344.778 261.289
3231 342.689 251.982
3232 336.666 257.876
3233 341.01 251.416
3234 343.016 252.84
3235 343.118 251.416
3236 339.22 247.798
3237 344.608 245.414
3238 356.362 261.461
3239 338.001 252.476
3240 351.502 253.14
3241 337.083 257.091
3242 351.263 253.389
3243 329.897 253.357
3244 343.567 257.418
3245 352.014 257.763
3246 340.933 256.992
3247 352.062 257.952
3248 339.338 256.285
3249 349.643 254.417
3250 342.088 258.093
3251 344.608 251.496
3252 331.474 254.488
3253 336.281 246.998
3254 341.743 261.998
3255 338.748 250.496
3256 343.802 253.488
3257 352.183 253.43
3258 341.782 252.416
3259 334.275 253.614
3260 345.23 250.902
3261 344.801 253.762
3262 334.111 250.28
3263 350.423 257.765
3264 341.292 261.5
3265 345.783 252.873
3266 340.5 247.495
3267 336.11 242.833
3268 323.537 253.998
3269 331.497 246.927
3270 345.326 259.931
3271 349.149 254.5
3272 356.041 250.551
3273 339.941 240.468
3274 344.019 259.623
3275 335.932 250.992
3276 326.576 246.968
3277 351.286 252.968
3278 340.215 257.907
3279 345.022 264.953
3280 333.922 247.871
3281 339.035 254.488
3282 319.776 247.495
3283 322.104 255.969
3284 426.527 253.192
3285 335.57 260.724
3286 342.964 240.792
3287 343.057 258.998
3288 342.294 258.147
3289 343.459 248.439
3290 353.067 255.39
3291 339.653 267.395
3292 346.583 261.5
3293 341.059 253.982
3294 333.564 256.297
3295 339.323 250.982
3296 347.62 246.755
3297 347.82 261.477
3298 336.262 257.992
3299 330.129 260.154
3300 334.275 257.36
3301 340.776 246.982
3302 346.235 244.949
3303 332.818 256.671
3304 351.547 252.998
3305 341.01 261.969
3306 330.386 256.496
3307 336.132 242.475
3308 338.538 248.799
3309 359.498 245.275
3310 346.423 254.142
3311 341.504 257.476
3312 336.187 246.012
3313 348.103 246.386
3314 328.244 252.84
3315 341.139 246.414
3316 335.571 244.557
3317 338.083 246.808
3318 339.04 247.233
3319 347.436 260.327
3320 336.749 262.248
3321 344.945 257.969
3322 338.455 255.56
3323 332.917 258
3324 428.43 247.927
3325 332.824 258.391
3326 328.892 259.998
3327 335.072 257.091
3328 343.09 248.318
3329 333.729 259.5
3330 329.393 239.867
3331 344.354 245.967
3332 336.378 243.926
3333 342.215 264.879
3334 340.943 250.28
3335 342.768 256.195
3336 341.863 261.247
3337 343.441 258.844
3338 331.813 256.875
3339 335.932 256.496
3340 332.277 253.998
3341 323.017 249.495
3342 347.138 254.476
3343 343.348 248.318
3344 346.925 257.033
3345 324.426 253.389
3346 332.464 257.969
3347 348.241 257.983
3348 349.033 249.712
3349 336.183 260.476
3350 341.782 247.014
3351 336.482 251.982
3352 343.01 251.968
3353 335.097 259.326
3354 321.87 243.967
3355 347.146 258.441
3356 331.005 252.357
3357 332.366 249.135
3358 344.639 257.604
3359 334.172 258.969
3360 348.103 262.362
3361 343.759 256.875
3362 340.329 247.798
3363 329.773 250.034
3364 339.09 254.841
3365 355.277 251.95
3366 338.945 250.28
3367 343.479 251.76
3368 321.87 242.438
3369 335.115 267.774
3370 330.466 263.42
3371 340.776 263.727
3372 338.127 248.485
3373 325.04 257.36
3374 349.497 255.143
3375 323.948 259.767
3376 346.329 253.762
3377 335.061 258.418
3378 356.205 258.844
3379 327.89 241.172
3380 347.836 253.357
3381 350.959 250.95
3382 340.441 260.906
3383 360.452 254.763
3384 335.821 262.907
3385 346.393 261.5
3386 349.833 249.459
3387 358.447 260.969
3388 344.006 254.283
3389 325.023 249.968
3390 328.81 251.664
3391 345.578 246.949
3392 335.678 259.983
3393 349.01 257.299
3394 346.215 263.443
3395 350.28 249.135
3396 328.541 248.077
3397 334.371 261.496
3398 330.9 253.951
3399 329.257 253.614
3400 353.409 259.245
3401 339.575 256.671
3402 345.361 251.664
3403 341.473 254.389
3404 340.007 248.318
3405 348.797 253.239
3406 355.64 245.927
3407 342.228 258.441
3408 331.735 255.832
3409 347.146 252.951
3410 335.52 252.357
3411 348.494 263.393
3412 344.389 247.459
3413 350.611 259.992
3414 335.38 252.488
3415 347.986 251.714
3416 342.231 253.614
3417 330.395 265.812
3418 335.662 254.615
3419 340.655 245
3420 345.132 254.558
3421 355.339 260.509
3422 338.538 251.44
3423 333.548 254.46
3424 345.057 256.476
3425 328.244 252.19
3426 342.476 252.715
3427 351.5 256.09
3428 346.432 243.352
3429 345.612 249.816
3430 353.514 248.077
3431 346.583 247.659
3432 339.848 267.58
3433 339.399 251.496
3434 358.751 256.359
3435 337.188 243.653
3436 358.385 260.038
3437 333.27 262.97
3438 344.122 248.475
3439 360.375 255.284
3440 333.371 253.762
3441 324.113 257.876
3442 345.919 250.759
3443 348.379 250.982
3444 341.895 241
3445 336.458 245.414
3446 342.215 249.758
3447 340.1 243.998
3448 337.837 264.5
3449 330.731 255.39
3450 338.384 263.393
3451 339.094 257.325
3452 339.467 260.969
3453 339.287 259.5
3454 347.566 251.189
3455 354.849 258.992
3456 335.628 247.184
3457 335.061 249.712
3458 341.555 252.666
3459 339.094 247.71
3460 329.903 255.719
3461 341.227 266.477
3462 335.41 249.928
3463 338.302 258.505
3464 343.09 265.364
3465 338.646 250.416
3466 334.201 248.871
3467 334.277 257.286
3468 332.357 253.557
3469 351.09 270.954
3470 340.682 270.444
3471 335.662 245.414
3472 343.459 259.969
3473 336.526 251.496
3474 336.633 251.476
3475 344.019 253.961
3476 339.753 258.441
3477 357.365 262.42
3478 340.223 269.366
3479 360.025 260.488
3480 349.243 260.992
3481 336.633 252.962
3482 327.186 241.868
3483 343.872 260.5
3484 329.453 243.487
3485 353.963 262.393
3486 345.022 249.415
3487 334.745 253.982
3488 340.768 249.838
3489 344.019 260.768
3490 341.292 256.488
3491 344.572 262.248
3492 348.895 255.194
3493 344.298 251.082
3494 341.01 246.544
3495 342.946 268.496
3496 341.596 270.734
3497 331.983 246.755
3498 346.329 247.756
3499 333.742 258.722
3500 357.195 256.285
3501 334.018 253.417
3502 350.803 252.416
3503 358.804 248.711
3504 364.452 254.24
3505 324.986 255.359
3506 351.716 263.907
3507 341.855 249.459
3508 344.465 257.843
3509 347.62 251.903
3510 339.765 263
3511 348.246 247.132
3512 347.482 255.617
3513 343.479 257.907
3514 344.482 250.95
3515 347.34 265.364
3516 328.936 254.488
3517 338.876 240.225
3518 347.566 256.982
3519 343.968 257.146
3520 341.336 249.662
3521 350.708 258
3522 334.172 245.835
3523 334.201 249.459
3524 347.638 253
3525 340.955 241.938
3526 341.555 259.476
3527 347.349 256.72
3528 347.632 251.95
3529 346.335 257.36
3530 338.748 250.28
3531 337.347 252.962
3532 343.01 248.606
3533 345.868 252.282
3534 348.64 254.668
3535 341.311 249.998
3536 330.491 258.441
3537 340.933 250.488
3538 348.174 236
3539 344.423 257.93
3540 356.98 266.86
3541 343.671 263.044
3542 338.464 260.15
3543 323.738 254.829
3544 355.199 248.813
3545 347.53 258.461
3546 342.552 258.844
3547 344.778 250.982
3548 350.905 251.44
3549 341.863 257.496
3550 339.22 260.569
3551 342.159 248.415
3552 337.941 252.715
3553 333.371 255.488
3554 342.627 249.8
3555 337.843 250.982
3556 344.164 248.387
3557 345.207 253.874
3558 333.563 255.143
3559 349.149 247.318
3560 344.558 248.274
3561 346.488 255.284
3562 342.004 258.983
3563 348.921 261.992
3564 339.756 246.232
3565 351.09 251.76
3566 344.783 252.761
3567 347.53 252.238
3568 356.765 257.488
3569 339.688 259.844
3570 337.31 262.202
3571 352.041 241.313
3572 340.858 248.419
3573 336.303 253.904
3574 336.954 257.983
3575 326.68 258.391
3576 338.821 260.442
3577 338.588 258.325
3578 338.194 266.477
3579 323.156 257.721
3580 356.741 254.717
3581 330.357 254.717
3582 347.954 256.998
3583 338.754 254.323
3584 356.345 256.842
3585 335.28 244.796
3586 341.763 261.362
