0 1 1
1 336.829 250.968
2 342.316 257.806
3 352.718 245.01
4 329.638 254.874
5 336.975 252.19
6 330.454 246.708
7 340.204 259.998
8 335.747 262.202
9 336.975 246.881
10 349.538 258.844
11 332.464 258.998
12 346.058 250.08
13 347.146 260.914
14 341.336 256.496
15 338.384 258.441
16 337.046 255.39
17 329.509 264.204
18 341.526 254.46
19 344.016 254.615
20 344.972 253.46
21 341.596 259.095
22 350.803 247.659
23 353.353 248.318
24 337.843 249.355
25 344.783 266.5
26 325.782 264.728
27 339.765 255.496
28 338.748 251.76
29 341.693 257.62
30 330.955 248.548
31 352.292 259.442
32 354.047 259.037
33 345.808 251.998
34 337.756 256.764
35 350.371 263.42
36 339.688 251.982
37 338.876 252.46
38 341.991 252.968
39 349.385 251.46
40 327.806 248.234
41 339.848 247.952
42 344.003 257.391
43 335.181 252.44
44 331.596 250.902
45 350.43 262.97
46 337.941 253.614
47 338.18 245.475
48 324.977 265.364
49 329.09 263.907
50 341.312 256.5
51 342.31 270.97
52 341.526 247.499
53 345.682 249.95
54 332.161 253.488
55 329.052 246.968
56 340.204 250.28
57 342.215 264.811
58 338.674 250.839
59 344.608 253.716
60 330.083 259.983
61 346.788 251.76
62 344.199 240.412
63 337.123 260.15
64 328.922 255.294
65 336.633 253.992
66 333.611 246.927
67 331.497 248.349
68 345.478 260.288
69 342.901 266.421
70 345.977 249.992
71 343.358 255.496
72 343.22 257.93
73 331.605 242.413
74 333.197 254.717
75 332.838 252.982
76 342.453 252.612
77 337.817 253.488
78 356.281 252.715
79 350.902 254.967
80 334.452 261.151
81 314.468 243.795
82 350.902 262.383
83 334.21 258.36
84 339.464 255.241
85 332.65 258.391
86 352.914 256.057
87 332.503 265.772
88 341.101 258.391
89 339.534 260.768
90 348.482 254.929
91 339.323 249.499
92 338.302 244.54
93 337.461 259.567
94 339.301 253.496
95 346.069 259.199
96 334.746 259.442
97 334.831 250.44
98 339.726 246.073
99 350.036 249.475
100 332.28 261.488
101 355.359 247.798
102 335.75 259.461
103 334.111 261.488
104 345.022 253.929
105 339.588 257.441
106 344.238 254.496
107 326.656 257.503
108 333.617 249.351
109 345.521 266.477
110 345.808 249.968
111 333.167 247.354
112 333.673 248.66
113 340.223 262.992
114 346.895 259.931
115 340.29 257.461
116 339.399 247.95
117 330.55 252.321
118 341.01 256.562
119 345.682 246.927
120 334.939 255.982
121 358.028 244.315
122 332.836 252.824
123 359.797 252.873
124 335.917 254.841
125 347.249 256.144
126 335.297 246.414
127 346.364 256.09
128 347.973 248.982
129 336.187 241.651
130 334.21 251.664
131 333.673 248.968
132 331.646 251.666
133 332.357 247.354
134 344.7 256.72
135 346.563 258.461
136 340.758 257.488
137 339.544 268.581
138 352.851 263
139 338.491 257.418
140 348.109 253.14
141 341.772 252.873
142 330.599 257.418
143 326.058 259.844
144 338.464 253.992
145 349.881 253.614
146 341.944 260.845
147 338.395 251.839
148 344.63 251.664
149 314.827 252.982
150 347.366 251.237
151 343.479 257.503
152 334.245 252.389
153 357.86 260.906
154 347.62 257.952
155 337.39 253.667
156 332.818 258.418
157 329.144 249.838
158 340.29 253.357
159 349.803 253.827
160 358.915 255.969
161 349.711 261.952
162 333.284 258.505
163 340.309 259.361
164 345.155 250.388
165 330.042 254.951
166 340.1 266.983
167 342.695 260.442
168 332.74 262.42
169 341.473 252.083
170 333.931 252.488
171 323.558 261.969
172 352.579 264.155
173 337.962 251.321
174 326.625 250.28
175 340.5 261.981
176 340.768 254.358
177 351.359 256.998
178 346.676 254.969
179 340.5 257.091
180 338.845 241.981
181 346.432 250.998
182 336.183 255.359
183 325.791 248.837
184 337.639 256.93
185 354.844 263.496
186 351.056 264.477
187 337.837 257.146
188 332.907 252.666
189 334.727 237.057
190 338.18 256.969
191 321.31 254.929
192 346.098 261.998
193 353.918 251.082
194 333.398 256.461
195 344.608 254.969
196 337.87 247.968
197 356.02 256.992
198 343.555 248.475
199 340.758 251.968
200 336.863 254.841
201 337.751 254.668
202 348.709 242.066
203 329.138 252.238
204 345.582 260.695
205 339.65 251.96
206 341.782 258.969
207 344.677 261.362
208 327.625 250.416
209 356.258 257.286
210 339.411 249.279
211 332.366 252.496
212 333.545 251.839
213 331.715 252.982
214 341.596 253.389
215 325.228 252.389
216 347.373 246.268
217 343.673 265.848
218 344.946 271.801
219 330.808 252.496
220 336.61 259.488
221 336.633 258.998
222 345.167 256.39
223 322.998 251.496
224 339.221 250.801
225 333.047 255.417
226 351.812 254.874
227 335.747 255.476
228 354.648 264.363
229 342.867 257.519
230 332.098 251.873
231 329.45 261.57
232 329.138 248.475
233 345.022 251.356
234 346.693 242.405
235 339.08 256.418
236 342.826 256.875
237 332.65 252.998
238 341.825 243.653
239 343.15 252.357
240 341.226 248.495
241 345.362 256.982
242 332.65 252.024
243 338.754 250.551
244 335.022 256.764
245 343.628 261.769
246 347.033 253.827
247 343.795 260.5
248 350.5 257.418
249 336.345 254.028
250 336.526 250.759
251 324.598 248.499
252 349.643 258.418
253 345.23 260
254 337.074 262.202
255 337.147 250.801
256 346.788 262.362
257 348.039 265.932
258 343.09 257.765
259 335.732 249.928
260 335.835 250.928
261 331.789 254.193
262 341.863 251.476
263 350.808 242.998
264 333.459 260.392
265 349.96 254.929
266 331.596 247.075
267 334.275 256.992
268 339.769 262.29
269 343.68 250.424
270 347.033 252.929
271 331.385 257.439
272 339.388 265.786
273 336.214 248.415
274 329.09 254.323
275 344.323 255.5
276 346.771 255.719
277 326.887 249.475
278 340.955 239.748
279 343.117 256.905
280 339.753 251.553
281 341.139 256.842
282 338.384 258.198
283 435.713 260.327
284 342.946 253.969
285 337.147 258.441
286 352.292 259.392
287 345.951 253.085
288 350.423 260.327
289 347.241 250.95
290 346.79 259.952
291 346.563 249.235
292 359.505 249.608
293 342.555 249.439
294 323.877 268.444
295 340.391 256.461
296 335.835 258.93
297 347.589 249.712
298 358.625 255.441
299 331.867 253
300 337.083 263.101
301 330.817 255.992
302 348.594 259.496
303 337.938 265.631
304 341.311 254.488
305 353.907 252.238
306 337.212 255.904
307 326.683 261.906
308 349.711 262.846
309 326.582 249.872
310 348.633 254.804
311 329.945 249.902
312 353.067 259.969
313 344.122 250.5
314 349.159 255.842
315 348.586 255.5
316 337.39 249.872
317 331.596 248.278
318 341.936 255.904
319 320.284 260.768
320 346.169 249
321 330.15 244.992
322 336.666 255.488
323 339.976 255.417
324 334.473 267.159
325 338.584 259.461
326 354.584 262.97
327 340.984 256.144
328 338.089 258.418
329 350.858 244.992
330 344.517 253.874
331 346.246 254.841
332 341.772 249.55
333 342.578 244.495
334 341.409 250.713
335 332.603 260.676
336 331.646 252.951
337 324.777 248.355
338 353.27 242.495
339 348.345 250
340 336.936 249.816
341 341.686 255.496
342 338.584 246.901
343 356.476 253.841
344 350.708 257
345 334.066 255.904
346 333.823 246.949
347 345.022 251.321
348 327.261 255.5
349 360.551 254.441
350 343.942 248.998
351 336.208 260.461
352 343.418 261.5
353 339.09 254.24
354 335.628 245.353
355 336.214 253.969
356 335.932 249.902
357 347.82 248.278
358 334.018 251.46
359 340.62 245.071
360 334.373 257.969
361 334.139 256.5
362 341.227 250.356
363 340.943 246
364 342.342 251.839
365 335.404 249.956
366 336.838 258.391
367 337.283 258.36
368 345.786 251.46
369 357.659 257.843
370 342.053 253.969
371 332.599 248.95
372 328.35 260.476
373 342.527 255.764
374 364.14 253.951
375 340.309 253.716
376 333.673 249.758
377 346.098 260.724
378 342.6 252.929
379 345.421 256.496
380 335.917 258.674
381 337.941 242.413
382 330.268 241.948
383 344.629 251.388
384 348.426 250.759
385 331.276 248.837
386 336.068 250.902
387 336.183 259.149
388 355.632 258.418
389 337.194 256.437
390 344.122 255.359
391 342.193 251.082
392 335.38 249.838
393 336.62 253
394 340.223 257.418
395 336.954 258.147
396 344.238 262.461
397 344.238 250.236
398 345.825 256.875
399 354.543 255.241
400 344.404 257.488
401 333.545 263.044
402 341.76 255.764
403 332.193 254.142
404 345.407 254.992
405 334.927 246.982
406 338.127 243.869
407 344.677 249.992
408 341.693 252.496
409 346.169 245.487
410 341.139 241.535
411 330.15 239.948
412 342.143 248.077
413 350.423 252.951
414 338.491 260.442
415 341.226 256.875
416 328.085 253.874
417 335.693 257.146
418 340.999 257.299
419 325.072 252.666
420 332.503 246.87
421 335.835 243.598
422 332.102 262.442
423 340.955 258.244
424 335.477 265.394
425 326.435 249.319
426 331.361 264.488
427 333.06 256.72
428 340.55 251.903
429 337.283 256.72
430 352.962 254.389
431 333.99 248.902
432 340.097 248.928
433 333.828 256.496
434 346.237 251.903
435 353.652 256.476
436 353.27 261.247
437 350.808 242.868
438 339.411 254.507
439 353.353 258.766
440 349.082 253.841
441 335.204 249.998
442 338.646 253.026
443 349.833 251.664
444 339.95 252.998
445 342.751 261.327
446 336.92 253.5
447 326.353 244.07
448 345.004 261.952
449 342.695 250.356
450 338.349 251.992
451 337.745 262.248
452 347.986 246.012
453 333.368 260.969
454 340.858 259.149
455 354.975 254.417
456 335.212 256.144
457 337.147 254.488
458 331.554 254.992
459 329.459 253.929
460 328.079 245.316
461 342.666 252.929
462 311.148 263.811
463 331.711 256.618
464 343.567 256.418
465 359.597 260.845
466 339.158 248.871
467 332.229 263.574
468 332.301 251.982
469 329.773 255.992
470 330.042 260.496
471 338.845 254.358
472 331.189 255.284
473 336.702 256.905
474 334.497 250.08
475 345.471 255.241
476 335.279 255.441
477 340.306 271.404
478 339.09 245.656
479 324.426 260.724
480 335.571 252.761
481 350.808 262.202
482 349.777 251.666
483 355.121 254.476
484 332.706 253.904
485 338.541 255.805
486 337.842 265.33
487 333.167 253.951
488 348.99 254.46
489 342.876 257.146
490 325.799 255.359
491 344.517 260.992
492 337.486 261.31
493 351.821 251.189
494 341.686 256.418
495 343.319 257.286
496 325.57 250.5
497 327.472 253.929
498 344.783 262.328
499 350.5 251.388
500 338.945 258.496
501 340.441 257.091
502 331.554 253.14
503 340.758 257.5
504 347.836 257.62
505 341.226 253.389
506 338.538 248.998
507 347.53 255.902
508 333.828 259.461
509 341.473 243.438
510 348.957 254.951
511 347.986 254.717
512 330.15 263.443
513 338.302 255.904
514 332.671 251.76
515 337.883 248.495
516 319.086 253.982
517 352.375 258.998
518 332.797 267.496
519 337.461 256.476
520 334.066 251.44
521 341.504 253.951
522 339.821 257.969
523 346.159 247.992
524 324.339 256.39
525 343.23 249.187
526 343.795 246.073
527 348.416 255.46
528 330.236 257.952
529 334.21 243.998
530 340.47 257.496
531 335.455 252.238
532 322.208 251.929
533 337.981 256.242
534 350.542 251.992
535 337.71 255.842
536 344.63 253.992
537 339.765 261.289
538 351.09 253.998
539 341.085 251.873
540 345.362 248.439
541 346.687 259.969
542 336.068 260.969
543 333.509 259.496
544 348.416 263.992
545 337.756 242.652
546 344.151 262.932
547 336.027 254.841
548 341.959 252.238
549 335.917 247.935
550 348.895 262.952
551 333.742 255.982
552 334.993 252.802
553 335.072 259.488
554 347.638 249.998
555 339.678 246.797
556 336.838 250.872
557 340.999 251.321
558 330.341 258.287
559 348.103 250.46
560 334.927 254.417
561 345.868 258.461
562 341.447 256.93
563 343.628 251.46
564 342.964 261.906
565 344.225 257.876
566 342.939 255.998
567 325.346 260.724
568 353.508 263.97
569 333.419 241.926
570 343.475 255.982
571 340.223 251.982
572 355.256 255.992
573 334.066 258.766
574 342.004 254.488
575 344.53 259.442
576 354.827 250.902
577 369.324 249.8
578 341.863 257.441
579 343.671 247.318
580 344.003 260.998
581 339.004 258.391
582 352.363 265.443
583 341.085 252.84
584 342.111 250.416
585 333.922 250.663
586 344.778 248.278
587 342.625 258.876
588 332.739 259.992
589 349.711 238.269
590 345.531 256.437
591 353.72 257.5
592 346.41 258
593 336.666 259.488
594 347.62 256.875
595 333.922 260.931
596 326.715 258.5
597 330.357 249.928
598 354.522 245.265
599 342.453 253.929
600 337.165 255.67
601 338.748 246.475
602 340.933 259.392
603 346.717 258.147
604 338.296 244.385
605 333.41 257.224
606 333.449 252.929
607 340.852 256.359
608 342.088 251.982
609 337.298 249.608
610 338.089 258.5
611 344.323 258.905
612 353.582 248.711
613 336.482 260.808
614 343.764 253.44
615 334.404 245.805
616 335.504 243.458
617 343.68 248.459
618 353.894 255.241
619 338.302 252.496
620 339.04 251.082
621 340.955 246.232
622 341.772 250.388
623 347.954 253.803
624 351.013 258.476
625 341.292 270.851
626 345.56 248.016
627 343.862 247.415
628 348.878 248.992
629 348.009 256.39
630 348.898 256.998
631 340.861 254.668
632 337.291 258.998
633 330.731 251
634 345.701 252.428
635 354.584 245.475
636 339.821 253.417
637 331.735 253.614
638 343.773 247.487
639 340.999 260.877
640 350.26 250.46
641 342.088 252.761
642 330.145 258.147
643 336.027 258.418
644 336.208 268.477
645 326.435 256.496
646 341.447 259.442
647 342.013 258.983
648 337.39 257.992
649 332.558 249.499
650 330.642 251.488
651 341.01 257.418
652 323 254.358
653 335.532 250.496
654 356.589 260.379
655 335.917 252.389
656 353.098 257.983
657 340.858 254.283
658 341.221 254.496
659 347.366 260.906
660 346.432 247.659
661 345.769 259.906
662 343.235 245.231
663 334.275 249.712
664 336.482 252.19
665 341.104 248.318
666 338.674 256.671
667 340.082 255.441
668 336.482 254.476
669 343.09 266.252
670 345.167 241.535
671 346.098 256.297
672 335.291 255.359
673 335.115 254.804
674 334.275 253.803
675 334.515 251.496
676 322.416 250.5
677 327.971 257.325
678 334.736 244.274
679 353.067 251.416
680 350.343 252.992
681 344.423 247.487
682 349.082 257.286
683 324.86 258.952
684 344.687 250.609
685 333.167 252.321
686 351.487 255.088
687 335.022 261.5
688 341.394 250.32
689 331.367 251
690 342.6 266.207
691 324.977 251
692 337.842 249.902
693 336.187 251.903
694 339.929 250.801
695 344.061 266.293
696 341.693 255.875
697 357.936 257.243
698 338.216 250.44
699 346.952 262.5
700 329.5 251.281
701 340.635 252.992
702 339.221 260.392
703 323.283 258.441
704 335.38 251.664
705 337.842 256.461
706 336.936 251.237
707 334.497 250.948
708 349.9 261.845
709 336.526 250.902
710 333.611 259.767
711 326.435 256.875
712 346.139 255.617
713 312.749 255.875
714 333.99 248.475
715 336.883 257.146
716 345.808 258.983
717 333.742 248.95
718 336.303 254.668
719 336.303 258.147
720 338.216 256.93
721 326.308 253.44
722 356.02 256.425
723 342.964 260.768
724 336.385 255.39
725 351.111 256.992
726 349.106 249.608
727 349.587 257.033
728 340.655 257.983
729 360.036 253.44
730 343.872 255.417
731 339.351 243.869
732 355.421 237.897
733 327.44 246.481
734 334.174 255.764
735 344.164 268.295
736 332.464 261.725
737 340.55 258.5
738 340.473 256.39
739 351.454 244.18
740 330.708 257.146
741 335.477 258.325
742 341.447 256.905
743 353.652 244.655
744 329.803 248.499
745 337.87 255.323
746 333.371 258.227
747 349.9 249.872
748 341.426 256.93
749 337.486 251.476
750 347.875 249.838
751 334.716 256.998
752 328.085 251
753 357.936 256.39
754 346.329 256.461
755 352.488 248.902
756 338.194 258.93
757 338.018 248.711
758 345.361 264.155
759 332.464 254.829
760 330.024 260.931
761 353.72 256.875
762 361.331 260.845
763 344.404 251.496
764 328.139 255.488
765 328.25 250.356
766 351.111 252.903
767 355.18 249.55
768 347.138 256.875
769 341.895 250.928
770 330.9 260.442
771 349.445 253.5
772 330.983 258.722
773 337.981 251.416
774 340.852 253.998
775 349.8 249.872
776 340.69 269.496
777 333.489 268.421
778 333.197 248.992
779 334.201 252.282
780 346.215 250.416
781 327.347 244.475
782 325.579 238.269
783 344.225 255.46
784 347.53 256.805
785 341.048 255.969
786 330.866 255.719
787 348.957 255.992
788 346.635 247.415
789 331.735 248.355
790 329.036 250.5
791 354.593 256.461
792 351.844 249.74
793 331.813 251.96
794 357.881 248.487
795 326.169 256.969
796 330.094 257
797 317.632 254.929
798 345.485 257.224
799 338.541 265.321
800 338.077 243.495
801 335.124 257.969
802 344.83 251.611
803 359.131 253.998
804 323.574 253.476
805 333.602 251.553
806 324.615 260.992
807 336.132 258.476
808 337.147 250.5
809 340.861 252.903
810 336.303 254.982
811 342.088 251.903
812 346.951 248.234
813 336.281 257.439
814 329.181 256.476
815 341.01 261.496
816 357.983 251.496
817 335.28 253.992
818 351.966 251.998
819 338.987 251.982
820 341.623 257.969
821 334.963 247.982
822 339.853 255.476
823 357.19 258.93
824 349.044 252.19
825 337.923 260.288
826 331.831 251.281
827 347.275 259.287
828 339.756 251.46
829 315.062 245.9
830 351.723 261.769
831 332.722 276.993
832 343.628 256.671
833 343.693 256.195
834 342.013 256.764
835 332.95 258.93
836 330.185 249.387
837 362.301 258.844
838 326.683 261.496
839 330.9 246.836
840 339.688 264
841 323.333 253.904
842 342.316 258.621
843 346.477 256.971
844 345.792 252.19
845 342.888 261.725
846 347.62 251.664
847 347.163 246.276
848 340.823 253.614
849 346.329 252.903
850 344.225 257.721
851 353.972 260.419
852 336.838 257.196
853 343.968 247.653
854 336.208 263.42
855 343.296 249.712
856 344.323 248.495
857 338.538 259.844
858 339.004 253
859 344.325 249.8
860 337.572 259.5
861 344.755 247.968
862 337.757 258.505
863 344.016 253.762
864 350.588 240.495
865 335.678 255.496
866 341.693 261.488
867 331.646 244.274
868 346.676 253.982
869 340.1 248.439
870 341.504 257.196
871 329.803 256.969
872 340.999 243.274
873 344.83 262.983
874 342.939 256.285
875 342.527 253.667
876 332.986 256.992
877 343.459 268.365
878 338.491 266.813
879 325.724 243.998
880 341.763 254.142
881 329.663 257.905
882 335.571 262.477
883 337.683 259.952
884 342.413 247.901
885 336.378 255.441
886 349.445 248.387
887 347.836 252.715
888 334.618 251.356
889 340.69 258.876
890 339.094 243.384
891 353.652 262.248
892 347.366 261.5
893 317.391 249.968
894 344.783 243.487
895 337.756 256.875
896 343.235 253.488
897 352.846 258.287
898 351.426 252.416
899 341.863 255.969
900 331.659 240.867
901 350.803 255.39
902 342.946 244.438
903 341.936 249.888
904 336.187 257
905 327.629 250.609
906 340.309 247.386
907 346.025 254.142
908 331.27 255.088
909 349.256 255.93
910 350.154 261.511
911 341.01 246.982
912 348.336 241.868
913 338.149 250.743
914 338.754 255.488
915 328.588 254.982
916 355.161 253.496
917 339.351 254.874
918 341.415 256.496
919 355.28 269.993
920 329.977 249.838
921 353.555 252.895
922 328.862 253.476
923 325.012 260.952
924 343.459 249.475
925 336.388 259.723
926 349.256 252.612
927 337.423 249.968
928 340.933 247.992
929 333.489 254.5
930 343.401 258.722
931 293.479 256.842
932 345.919 247.184
933 352.041 252.802
934 331.646 249.74
935 347.138 261.992
936 340.306 249.319
937 343.01 253.488
938 334.111 253.496
939 338.219 253.803
940 318.434 258.5
941 333.27 257.765
942 328.346 250.982
943 337.639 259.376
944 363.962 252.968
945 327.806 248.998
946 345.236 249.135
947 328.694 262.461
948 329.591 252.19
949 342.228 253.44
950 331.521 248.711
951 342.111 253.874
952 345.786 250.388
953 335.212 256.5
954 341.21 258.565
955 344.972 248.928
956 343.117 254.5
957 341.157 260.233
958 339.597 240
959 342.876 240.354
960 341.415 253.951
961 329.814 247.952
962 332.054 252.873
963 333.957 260.906
964 327.805 260.461
965 343.513 250.356
966 351.128 251.968
967 343.872 255.904
968 330.802 256.476
969 337.532 253.44
970 334.371 267.253
971 337.083 260.983
972 343.779 275.955
973 341.895 256.992
974 347.481 252.238
975 342.6 251.929
976 349.99 253.841
977 336.345 251
978 328.81 249.387
979 335.297 260.288
980 350.779 256.031
981 347.664 265.477
982 337.291 257.998
983 338.384 265.772
984 348.31 254.358
985 339.756 252.488
986 331.904 270.296
987 352.969 255.241
988 341.085 255.241
989 340.925 264.953
990 338.316 270.396
991 332.193 260.845
992 325.346 255.088
993 356.738 257.196
994 347.261 249.018
995 310.073 244.352
996 339.435 257.721
997 340.768 261.983
998 335.181 254.291
999 331.497 254.594
1000 332.65 242.751
1001 328.798 250.609
1002 333.808 245.231
1003 397.641 255.875
1004 326.798 252.982
1005 337.941 261.998
1006 323.094 249.277
1007 339.467 249.872
1008 333.371 261.511
1009 352.363 242.438
1010 338.216 249.928
1011 359.989 255.805
1012 331.827 250.801
1013 342.876 247.318
1014 324.777 249.982
1015 331.711 254.558
1016 340.47 250.496
1017 335.996 247.415
1018 346.488 260.327
1019 335.416 251.476
1020 341.106 264.847
1021 342.316 257.461
1022 330.439 245.377
1023 330.593 253.992
1024 333.563 245.414
1025 346.952 257.905
1026 346.563 251.553
1027 351.807 255.323
1028 331.098 257.461
1029 319.299 254.46
1030 338.089 243.721
1031 332.611 247.487
1032 330.736 254.717
1033 333.371 258.876
1034 341.825 257.243
1035 353.454 246.881
1036 335.742 245.87
1037 332.536 245.495
1038 342.867 253.874
1039 331.605 248.459
1040 334.172 247.871
1041 352.505 255.241
1042 338.127 249.662
1043 335.181 262.992
1044 341.355 240.327
1045 339.65 262.77
1046 342.689 249.902
1047 340.852 250.958
1048 343.862 247.487
1049 335.477 255.875
1050 336.999 251.903
1051 345.977 247.95
1052 343.773 254.46
1053 340.204 252.321
1054 345.485 257.952
1055 334.831 255.46
1056 344.093 259.287
1057 338.216 259.419
1058 324.339 252.024
1059 325.527 241.413
1060 339.65 246.459
1061 347.534 243.495
1062 317.736 272.444
1063 343.296 253.803
1064 334.515 243.274
1065 340.47 257.998
1066 327.788 249.95
1067 331.005 251.356
1068 323.852 258.418
1069 343.693 250.95
1070 345.155 257.488
1071 342.867 261.442
1072 331.442 253.667
1073 335.204 245.998
1074 328.795 241.122
1075 352.182 252.761
1076 358.664 252.476
1077 344.767 255.476
1078 348.624 253.929
1079 333.99 257.461
1080 336.838 253.667
1081 339.65 259.844
1082 333.99 269.444
1083 349.274 252.951
1084 344.517 263.932
1085 362.533 258.391
1086 335.607 256.39
1087 341.271 261.442
1088 346.329 257.876
1089 339.929 263.477
1090 347.027 266.552
1091 349.583 252.357
1092 339.467 251.611
1093 343.016 259.5
1094 342.561 265.462
1095 334.913 259.476
1096 327.536 266.993
1097 352.914 240.412
1098 356.382 255.842
1099 347.481 240.412
1100 337.188 258.844
1101 441.535 256.764
1102 334.574 249.277
1103 335.374 252.024
1104 329.814 243.125
1105 340.47 252.968
1106 350.246 264.462
1107 343.061 255.951
1108 331.189 255.46
1109 346.526 251.998
1110 326.582 244.967
1111 337.461 253.667
1112 345.242 249.459
1113 324.777 254.615
1114 346.364 253.46
1115 340.55 258.147
1116 338.395 258.969
1117 320.755 266.88
1118 340.605 259.844
1119 357.384 250.32
1120 341.221 259.496
1121 349.703 254.476
1122 329.181 261.906
1123 339.22 254.992
1124 340.05 261.362
1125 333.654 251.137
1126 323.32 246.797
1127 334.277 260.461
1128 331.276 258.198
1129 356.415 245.495
1130 343.631 256.951
1131 337.423 258.975
1132 354.047 242.652
1133 344.945 256.969
1134 338.761 256.5
1135 356.66 246.13
1136 326.018 254.417
1137 341.959 252.951
1138 349.943 259.361
1139 343.673 257.672
1140 344.238 252.024
1141 338.216 253.44
1142 339.544 254.763
1143 338.302 248.95
1144 348.798 255.441
1145 340.55 254.951
1146 333.339 246.564
1147 340.592 254.668
1148 334.515 248.355
1149 342.768 250.713
1150 345.421 253.488
1151 332.65 261.511
1152 334.736 249.95
1153 317.943 246.968
1154 346.246 249.415
1155 346.526 259.983
1156 338.94 257.391
1157 325.122 251.476
1158 345.702 251.281
1159 345.63 257.461
1160 341.555 261.769
1161 337.683 267.326
1162 338.644 257.672
1163 330.273 250.801
1164 334.658 255.951
1165 341.21 251.137
1166 335.455 243.167
1167 329.017 255.359
1168 342.964 253.965
1169 330.129 259.419
1170 334.851 264.42
1171 347.707 249.319
1172 335.28 245.927
1173 334.658 253.46
1174 331.831 257.672
1175 328.634 251.496
1176 329.638 255.323
1177 334.676 251.666
1178 331.349 252.67
1179 331.715 242.94
1180 333.931 251.496
1181 350.542 261.931
1182 356.321 252
1183 352.459 257.461
1184 346.479 253.44
1185 335.477 257.286
1186 347.566 250.928
1187 338.686 245.479
1188 348.174 241.868
1189 353.72 252.612
1190 333.922 254.951
1191 347.033 255.969
1192 334.018 248.968
1193 346.583 258
1194 337.58 246.982
1195 339.678 254.763
1196 351.437 259.877
1197 350.719 259.969
1198 338.969 249.74
1199 350.719 263.574
1200 335.917 259.442
1201 338.674 254.992
1202 337.188 244.706
1203 341.447 249.459
1204 336.838 256.496
1205 331.202 261.442
1206 327.081 247.968
1207 343.862 257.488
1208 339.467 250
1209 340.391 257.476
1210 353.067 252.488
1211 338.201 252.903
1212 339.617 248.487
1213 327.991 256.476
1214 338.584 255.294
1215 343.235 251.426
1216 336.303 242.926
1217 344.325 257.983
1218 341.101 249.475
1219 342.413 265.462
1220 344.298 251.356
1221 342.316 248.757
1222 330.908 257.969
1223 346.139 261.419
1224 342.453 261.57
1225 336.208 256.324
1226 350.343 258.905
1227 345.774 254.193
1228 332.599 255.488
1229 334.174 256.285
1230 336.754 251.237
1231 331.153 254
1232 330.825 252.761
1233 342.111 261.247
1234 334.201 263.203
1235 341.473 255.969
1236 341.447 244.6
1237 351.056 256.905
1238 347.53 245.475
1239 349.571 255.764
1240 348.594 244.9
1241 327.796 262.042
1242 328.894 258.36
1243 342.964 243.095
1244 335.607 259.877
1245 335.932 254.496
1246 341.782 257.672
1247 337.076 253.992
1248 335.061 241.967
1249 339.411 253.762
1250 328.009 256.842
1251 332.554 255.5
1252 336.077 248.195
1253 338.384 261.419
1254 330.254 252.929
1255 336.61 264.953
1256 333.721 255.842
1257 354.655 256.905
1258 329.436 267.395
1259 343.22 254.998
1260 336.632 254.193
1261 338.491 239.119
1262 348.306 259.675
1263 331.789 250.872
1264 336.406 250.488
1265 343.401 253.982
1266 343.229 254.998
1267 345.478 261.392
1268 345.167 245.01
1269 336.936 253.762
1270 337.756 249.421
1271 344.404 253.46
1272 324.25 260.488
1273 353.582 261.419
1274 326.778 251.388
1275 337.083 260.676
1276 343.057 254.389
1277 343.693 260.442
1278 336.119 248.998
1279 335.835 246.544
1280 338.541 256.441
1281 344.865 261.952
1282 340.547 263.953
1283 345.421 255.764
1284 333.398 259.199
1285 336.119 252.929
1286 338.219 256.875
1287 327.582 259.361
1288 334.245 249.319
1289 336.535 256.242
1290 335.343 251.022
1291 343.828 270.366
1292 339.853 251.426
1293 330.817 253.716
1294 334.066 253.239
1295 360.329 250.5
1296 337.39 254.717
1297 344.476 256.671
1298 347.413 248.871
1299 341.686 255.67
1300 333.284 242.796
1301 333.706 257.476
1302 329.666 250.839
1303 335.072 253.282
1304 290.551 268.983
1305 336.027 258.441
1306 344.558 260.969
1307 341.01 255.969
1308 351.172 255.323
1309 325.724 250.476
1310 341.21 248.998
1311 343.191 256.324
1312 354.521 259.877
1313 335.178 249.415
1314 326.888 259.199
1315 349.033 257.461
1316 333.957 253.716
1317 335.022 260.53
1318 343.348 251.388
1319 343.103 256.418
1320 331.153 269.637
1321 334.093 255.764
1322 336.262 258.36
1323 359.395 248.711
1324 333.676 253.476
1325 342.695 261.677
1326 335.607 251.929
1327 342.901 253.389
1328 342.789 263.932
1329 327.89 250.982
1330 334.277 259.149
1331 339.004 260.624
1332 331.189 256.982
1333 345.361 245.353
1334 343.366 258.461
1335 342.622 249.608
1336 343.628 258.244
1337 356.494 252.389
1338 355.733 244.008
1339 321.148 244.655
1340 351.09 257.905
1341 334.851 250.476
1342 340.547 251.46
1343 359.797 257.488
1344 353.847 241.702
1345 348.534 245.475
1346 356.083 265.772
1347 342.775 264.42
1348 334.452 250.136
1349 359.121 256.969
1350 346.526 254.358
1351 342.6 251.929
1352 358.325 254.841
1353 340.47 257.806
1354 325.427 240.175
1355 333.107 250.02
1356 339.853 254.804
1357 363.962 253.026
1358 349.628 253.496
1359 349.484 263.932
1360 338.819 266.364
1361 344.508 247.901
1362 337.756 248.475
1363 339.469 254.283
1364 328.131 242.314
1365 338.584 253.982
1366 335.969 262.932
1367 342 256.969
1368 346.302 256.39
1369 344.949 264.394
1370 337.683 262.442
1371 331.361 246.658
1372 357.571 244.127
1373 337.396 256.905
1374 343.22 249.135
1375 338.018 258.391
1376 339.152 249.459
1377 328.366 252.357
1378 350.371 251.44
1379 342.901 252.929
1380 340.776 248.711
1381 337.074 250.32
1382 341.106 256.441
1383 342.561 244.982
1384 347.027 256.875
1385 356.931 256.242
1386 344.687 265.88
1387 350.538 264.102
1388 355.311 260.998
1389 346.257 252.715
1390 346.159 261.931
1391 343.828 272.883
1392 349.17 260.476
1393 347.171 251.664
1394 290.56 253.762
1395 339.411 245.275
1396 352.727 248.757
1397 355.563 253.982
1398 336.999 245.182
1399 348.109 265.462
1400 348.174 256.39
1401 342.053 243.9
1402 351.346 259.808
1403 362.392 259.906
1404 344.63 251.488
1405 353.836 257.952
1406 349.044 259.199
1407 351.96 255.359
1408 341.991 253.46
1409 337.743 255.435
1410 348.144 253.951
1411 328.892 251.5
1412 346.479 257.441
1413 345.096 243.438
1414 344.83 235.219
1415 331.349 249.495
1416 349.711 248.95
1417 338.41 265.812
1418 351.807 258.488
1419 344.164 241.926
1420 348.797 251.802
1421 334.618 254.904
1422 354.378 252.321
1423 348.709 246.276
1424 350.154 259.199
1425 337.083 246.073
1426 343.418 248.548
1427 340.329 257.983
1428 326.559 253.322
1429 344.151 246.998
1430 332.205 250.416
1431 339.158 252.761
1432 347.481 252.488
1433 346.834 255.875
1434 341.271 256.09
1435 343.58 258.876
1436 344.517 260.906
1437 336.702 257.905
1438 345.881 253.904
1439 331.442 254.476
1440 339.726 249.998
1441 333.742 270.111
1442 338.584 253.874
1443 339.094 253.969
1444 349.628 259.992
1445 340.682 252.416
1446 346.872 246.439
1447 348.712 250.872
1448 308.99 251
1449 340.097 264.488
1450 343.235 244.477
1451 334.341 256.461
1452 333.99 252.962
1453 337.941 247.837
1454 335.428 243.705
1455 342.228 250.488
1456 331.276 252.44
1457 350.086 259.877
1458 344.241 249.439
1459 331.385 256.982
1460 359.498 250.992
1461 344.404 248
1462 341.886 261.151
1463 325.527 256.461
1464 349.604 259.906
1465 347.534 249.499
1466 343.016 263.811
1467 338.926 253.389
1468 342.316 256.496
1469 327.261 253.239
1470 332.524 252.139
1471 334.658 260.724
1472 339.756 256.09
1473 337.58 257.418
1474 340.47 262.97
1475 333.931 245.998
1476 326.127 255.476
1477 334.676 254.5
1478 325.782 257.441
1479 336.999 246.232
1480 340.5 258.905
1481 320.437 264.728
1482 326.532 259.983
1483 351.909 258.476
1484 343.555 249.872
1485 346.617 254.594
1486 347.027 260.768
1487 350.343 264.987
1488 327.933 254.951
1489 336.633 254.46
1490 344.151 254.615
1491 335.662 250
1492 352.505 255.5
1493 332.973 257.418
1494 358.594 262.29
1495 327.971 250.713
1496 337.123 258.391
1497 337.314 249.872
1498 339.099 248.837
1499 342.159 258.287
1500 330.938 247.184
1501 349.176 250.416
1502 334.748 254.998
1503 343.191 251.664
1504 342.964 255.39
1505 337.843 247.798
1506 341.227 246.276
1507 337.031 265.292
1508 352.905 257.905
1509 346.367 254.874
1510 333.398 252.416
1511 340.404 250.713
1512 335.38 248.415
1513 327.133 258.198
1514 334.373 268.496
1515 346.704 261.362
1516 357.744 254.951
1517 331.715 250.32
1518 334.066 248.355
1519 338.761 257.243
1520 335.291 257.144
1521 342.342 263.574
1522 341.415 259.906
1523 336.737 259.952
1524 339.726 257.672
1525 351.716 255.93
1526 337.751 255.323
1527 337.298 251.356
1528 327.582 264.443
1529 341.473 256.905
1530 338.845 256.476
1531 336.077 244.992
1532 329.733 248.871
1533 355.966 249.872
1534 335.742 250.95
1535 341.76 241.172
1536 345.881 258.147
1537 323.978 254.841
1538 341.671 265.998
1539 350.538 254.558
1540 326.127 250.488
1541 345.478 259.361
1542 338.845 255.476
1543 332.869 254.558
1544 339.152 264.488
1545 358.594 255.992
1546 340.758 251.76
1547 340.204 252.488
1548 336.378 257.439
1549 343.235 253.929
1550 329.45 262.878
1551 330.491 258.302
1552 334.622 264.575
1553 343.001 255.441
1554 349.96 250.982
1555 335.532 264.462
1556 352.263 269.85
1557 347.163 247.798
1558 344.055 247.132
1559 336.437 262.878
1560 345.132 258.969
1561 340.62 247.992
1562 347.59 247.837
1563 348.441 252.488
1564 339.399 266.158
1565 349.494 254.992
1566 343.942 254.193
1567 338.077 261.983
1568 340.204 257.06
1569 333.371 256.5
1570 337.27 254.904
1571 342.221 259.983
1572 340.097 254.969
1573 341.069 263.203
1574 329.982 255.476
1575 333.06 245.499
1576 344.608 254.874
1577 356.083 258.476
1578 346.951 252.968
1579 340.166 263.515
1580 357.659 264.443
1581 321.148 260.419
1582 340.69 258.36
1583 350.26 259.567
1584 340.768 248.928
1585 339.597 263.249
1586 351.888 253.357
1587 343.671 252.802
1588 344.63 260.461
1589 342.867 260.361
1590 258.608 250.424
1591 341.549 258.488
1592 340.776 253.874
1593 336.633 250.44
1594 329.924 248.902
1595 357.126 265.488
1596 347.707 253.904
1597 331.813 254.142
1598 339.929 255.842
1599 346.246 249.712
1600 339.323 250.476
1601 342.876 242.273
1602 345.578 260.906
1603 347.793 257.439
1604 337.31 253.874
1605 326.018 265.157
1606 346.364 261.969
1607 332.722 250.801
1608 346.981 251.611
1609 333.527 266.97
1610 334.371 262.496
1611 361.994 260.5
1612 331.189 267.253
1613 348.586 256.144
1614 326.466 255.764
1615 336.749 251.968
1616 354.467 245.102
1617 353.72 257.418
1618 337.756 244.655
1619 334.275 247.756
1620 342.053 258.876
1621 349.96 249.712
1622 334.371 251.929
1623 341.355 252.968
1624 332.06 257.196
1625 351.781 254.992
1626 348.416 249.415
1627 344.199 250.713
1628 348.569 262.907
1629 341.302 250.982
1630 327.793 254.087
1631 335.022 244.655
1632 343.942 252.389
1633 344.629 261.952
1634 330.908 260
1635 341.614 252.802
1636 331.442 251.76
1637 336.575 249.499
1638 340.391 261.392
1639 343.604 262.878
1640 341.743 264.992
1641 347.707 252.408
1642 344.608 258.441
1643 334.497 258.496
1644 327.133 252.139
1645 343.942 248.871
1646 349.9 254.841
1647 346.139 246.927
1648 330.356 254.389
1649 340.044 254.558
1650 340.852 252.19
1651 334.371 255.969
1652 341.549 259.5
1653 345.682 254.5
1654 340.55 254.24
1655 344.164 262.627
1656 331.827 258.909
1657 334.111 243.598
1658 350.632 248.928
1659 341.226 250.416
1660 331.944 260.392
1661 360.735 252.389
1662 358.165 250.32
1663 339.588 254.763
1664 337.39 253.417
1665 342.527 248.415
1666 353.631 258.722
1667 335.835 250.44
1668 347.333 251.492
1669 335.628 237.79
1670 336 255.417
1671 342.397 247.439
1672 338.127 246.992
1673 334.745 256.324
1674 332.009 251.714
1675 330.518 258.844
1676 343.884 251.96
1677 336.144 255.241
1678 348.956 264.879
1679 323.787 249.992
1680 324.419 255.359
1681 323.034 254.951
1682 331.459 258.441
1683 344.558 252.238
1684 345.56 242.438
1685 338.455 252.802
1686 339.27 251.553
1687 346.488 251.281
1688 335.279 245.878
1689 340.5 249.712
1690 325.552 253.488
1691 346.655 255.998
1692 351.373 248.419
1693 337.538 257.286
1694 340.347 254.969
1695 332.923 250.819
1696 335.455 255.323
1697 335.693 251.903
1698 354.188 254.668
1699 341.855 250.992
1700 326.625 254.028
1701 340.135 258.36
1702 335.477 250.188
1703 341.157 260.246
1704 343.764 263.811
1705 342.673 254.433
1706 349.571 253.716
1707 350.111 246.603
1708 340.852 258.952
1709 336.214 266.421
1710 340.135 265.157
1711 317.939 248.278
1712 339.929 257.391
1713 328.478 254.496
1714 346.025 242.949
1715 355.256 254.992
1716 328.062 256.998
1717 339.588 262.81
1718 353.517 251.664
1719 336.736 235.436
1720 349.571 250.663
1721 331.005 243.949
1722 321.028 253.5
1723 334.746 260.5
1724 344.783 253.557
1725 353.186 240.948
1726 356.07 254.951
1727 336.999 259.199
1728 327.509 247.883
1729 348.336 261.448
1730 346.617 256.441
1731 344.122 261.677
1732 343.235 257.243
1733 335.678 260.979
1734 336.281 257.418
1735 342.004 248.234
1736 346.432 253.969
1737 341.157 248.998
1738 341.855 248.185
1739 335.833 260.096
1740 346.583 252.761
1741 351.261 263.496
1742 338.646 249.928
1743 349.42 254.992
1744 341.336 246.353
1745 343.555 255.764
1746 330.708 252.998
1747 341.782 252.929
1748 343.562 250.759
1749 346.583 253.667
1750 333.368 259.461
1751 339.534 256.72
1752 336.119 254.441
1753 337.31 254.323
1754 354.83 250.839
1755 324.777 255.982
1756 330.273 255.143
1757 352.266 252.208
1758 315.785 254.668
1759 348.937 254.967
1760 346.41 254.507
1761 344.093 254.982
1762 340.007 250.32
1763 340.62 257.983
1764 331.831 263.443
1765 330.613 254.389
1766 337.756 261.151
1767 338.219 254.441
1768 327.002 246.755
1769 349.943 251.281
1770 338.526 242.066
1771 355.438 247.271
1772 341.895 261.327
1773 336.303 245.495
1774 325.188 252.903
1775 344.164 247.901
1776 338.541 251.476
1777 330.731 267.496
1778 331.723 253.476
1779 329.903 249.135
1780 341.763 266.633
1781 337.291 252.083
1782 329.509 242.751
1783 335.204 265.292
1784 345.521 258.621
1785 348.103 238.311
1786 353.847 252.5
1787 334.913 263.811
1788 342.859 247.495
1789 341.355 258.952
1790 337.39 260.392
1791 344.53 257.325
1792 349.9 259.767
1793 336.583 253.557
1794 349.8 255.359
1795 338.748 256.5
1796 334.111 248.548
1797 333.673 248.475
1798 331.252 261.5
1799 349.385 252.555
1800 347.897 243.752
1801 342.876 254.929
1802 324.962 263.629
1803 350.28 253.762
1804 323.666 259.692
1805 353.638 260.931
1806 338.036 263.811
1807 313.634 252.46
1808 339.765 250.424
1809 337.423 261.931
1810 360.855 247.982
1811 334.497 258.807
1812 333.371 258.844
1813 337.532 256.488
1814 345.427 245.385
1815 326.336 245.9
1816 331.659 253.841
1817 354.274 255.143
1818 339.305 250.839
1819 343.862 259.245
1820 333.611 254.5
1821 343.795 268.477
1822 340.655 251.893
1823 350.45 253.417
1824 332.445 254.283
1825 341.693 256.285
1826 340.1 259.931
1827 334.963 255.143
1828 357.793 255.366
1829 352.241 257.033
1830 350.963 258.905
1831 330.273 256.488
1832 330.094 248.475
1833 343.22 255.194
1834 334.927 259.675
1835 342.316 253.44
1836 334.736 270.934
1837 345.893 248.278
1838 345.471 264.496
1839 349.587 241.313
1840 350.036 251.802
1841 343.855 259.305
1842 344.949 256.842
1843 345.977 255.476
1844 344.801 258.461
1845 326.233 252.555
1846 339.04 263.932
1847 341.549 256.285
1848 353.432 262.726
1849 342.228 254.417
1850 352.041 261.626
1851 343.828 261.916
1852 340.391 253.389
1853 354.655 256.324
1854 337.381 241
1855 348.798 260.461
1856 335.28 260.808
1857 346.563 259.723
1858 349.833 236.829
1859 361.671 265.772
1860 340.204 258.905
1861 343.22 245.275
1862 353.746 261.931
1863 344.241 263.68
1864 350.371 252.992
1865 343.401 258.998
1866 344.697 251.929
1867 336.666 248.499
1868 343.147 254.283
1869 337.67 250.496
1870 352.014 257.837
1871 355.049 252.895
1872 331.153 249.998
1873 319.553 259.442
1874 343.555 248.954
1875 328.131 258.565
1876 344.677 264.329
1877 349.033 253.841
1878 330.98 248.606
1879 340.007 260.361
1880 346.704 251.321
1881 338.41 246.949
1882 347.692 255.46
1883 348.253 253.14
1884 348.895 256.195
1885 348.482 254.717
1886 352.81 254.193
1887 346.246 249.888
1888 341.336 249.872
1889 327.472 249.421
1890 335.678 251.95
1891 345.908 257.36
1892 345.361 259.844
1893 333.617 255.029
1894 336.187 268.775
1895 350.726 255.617
1896 359.733 254.763
1897 338.615 253.614
1898 339.617 245.385
1899 341.415 259.488
1900 343.358 252.992
1901 340.541 258.325
1902 345.235 261.769
1903 337.291 258.505
1904 336.071 245.967
1905 337.291 258.5
1906 348.878 242.596
1907 346.583 255.93
1908 349.634 258.992
1909 339.941 247.95
1910 332.102 256.992
1911 339.27 258.244
1912 342.561 240.499
1913 349.538 252.951
1914 331.735 251.388
1915 346.215 252.46
1916 348.569 255.998
1917 346.006 262.442
1918 340.592 243.438
1919 346.159 260.808
1920 343.054 250.872
1921 337.31 252.929
1922 337.188 242.611
1923 341.394 245.316
1924 338.467 250.713
1925 351.781 249.85
1926 333.957 244.008
1927 350.246 248.992
1928 343.513 258.844
1929 331.098 252.761
1930 337.076 255.46
1931 331.821 250.488
1932 336.666 251.95
1933 354.318 256.998
1934 338.047 253.951
1935 338.819 258.147
1936 339.95 253.417
1937 339.688 251.496
1938 333.99 250.998
1939 343.693 258.391
1940 346.952 247.354
1941 334.404 247.982
1942 353.638 248.737
1943 337.923 248.799
1944 330.454 255.805
1945 333.654 250.46
1946 331.738 253.951
1947 363.924 257.5
1948 328.634 254.969
1949 338.194 262.042
1950 329.372 256.285
1951 342.228 246.982
1952 341.76 250.958
1953 347.986 247.415
1954 336.749 256.671
1955 347.223 259.287
1956 336.666 253.44
1957 346.246 264.953
1958 347.891 255.5
1959 336.303 255.805
1960 336.144 253.982
1961 335.38 255.488
1962 327.689 244.992
1963 339.152 241.384
1964 348.713 259.844
1965 355.758 248.485
1966 336.863 255.842
1967 409.483 257.806
1968 330.454 255.875
1969 326.726 264.932
1970 348.797 261.725
1971 348.368 247.837
1972 330.808 252.46
1973 342.946 251.309
1974 334.287 260.496
1975 329.932 246.603
1976 348.306 250.354
1977 347.482 259.095
1978 336.863 257.146
1979 335.181 253.982
1980 353.007 261.289
1981 353.918 250.5
1982 347.836 269.881
1983 340.29 244.992
1984 322.844 260.379
1985 342.689 256.476
1986 329.052 252.127
1987 354.593 256.951
1988 341.944 254.417
1989 342.695 263.42
1990 331.711 244.998
1991 339.221 250.28
1992 338.94 260.676
1993 341.64 251.929
1994 339.435 256.09
1995 324.731 253.282
1996 353.316 260.969
1997 359.989 258.476
1998 335.38 250.388
1999 332.907 247.487
2000 322.315 246.414
2001 358.971 252.238
2002 344.608 257.36
2003 324.544 248.133
2004 343.01 251.416
2005 336.458 245.9
2006 336.027 255.284
2007 349.485 261.878
2008 348.624 251.873
2009 332.838 263.992
2010 331.131 255.488
2011 332.566 263.852
2012 335.662 263.704
2013 349.082 267.462
2014 340.135 245.487
2015 329.257 257.806
2016 356.978 263.879
2017 336.575 260.442
2018 334.066 257.905
2019 357.441 261.392
2020 328.926 266.993
2021 330.212 257.441
2022 340.62 254.929
2023 341.069 252.476
2024 330.55 258.998
2025 325.04 250.5
2026 335.069 255.359
2027 339.004 247.132
2028 348.981 257.5
2029 356.685 250.713
2030 345.531 248.837
2031 341.555 252.19
2032 336.749 251.714
2033 344.325 255.842
2034 330.533 260.096
2035 346.617 256.618
2036 327.806 260.361
2037 342.316 260.308
2038 342.939 263.907
2039 340.858 255.805
2040 329.354 263.97
2041 354.593 273.934
2042 344.42 261.488
2043 331.095 250.609
2044 338.491 251.388
2045 355.594 263.249
2046 340.66 248.711
2047 354.817 248.837
2048 340.933 259.877
2049 343.235 258.488
2050 394.143 258.441
2051 338.472 252.46
2052 338.588 258.844
2053 343.401 251.553
2054 343.147 258.608
2055 357.301 238.311
2056 349.68 251.992
2057 333.365 265.998
2058 327.472 265.364
2059 346.951 257.496
2060 341.418 252.982
2061 340.082 254.929
2062 340.758 242.124
2063 346.782 253.322
2064 335.178 255.93
2065 339.929 243.967
2066 330.908 256.93
2067 334.991 242.652
2068 341.895 257.196
2069 333.449 262.488
2070 337.757 257.286
2071 343.321 256.992
2072 350.999 247.499
2073 339.765 254.615
2074 331.735 252.476
2075 337.217 249.55
2076 348.368 254.24
2077 343.513 251.496
2078 323.246 240.4
2079 330.094 248.928
2080 339.467 263.154
2081 343.089 260.496
2082 336.92 242.899
2083 344.767 247.318
2084 351.431 258.325
2085 348.624 252.44
2086 334.275 257.952
2087 338.748 260.461
2088 345.792 250.968
2089 336.388 260
2090 332.102 254.5
2091 341.01 253.085
2092 338.588 254.441
2093 348.712 248.419
2094 347.875 268.421
2095 351.589 254.668
2096 337.612 255.902
2097 335.742 253.557
2098 354.435 254.558
2099 337.212 248.419
2100 330.976 253.557
2101 342.867 245.475
2102 325.768 254.142
2103 346.664 254.193
2104 339.915 255.5
2105 334.172 253.417
2106 335.52 246.414
2107 345.427 244.495
2108 341.936 250.5
2109 353.16 255.143
2110 347.163 239.474
2111 341.157 257.286
2112 340.007 250.95
2113 335.462 247.483
2114 340.419 245.9
2115 336.61 240.948
2116 332.566 257.439
2117 337.639 261.878
2118 345.427 255.719
2119 334.939 255.137
2120 344.061 249.8
2121 338.001 260.15
2122 341.085 256.764
2123 344.517 260.676
2124 334.831 244.18
2125 348.167 254.998
2126 334.53 244.385
2127 328.541 251.492
2128 329.897 252.982
2129 350.949 245.835
2130 352.579 256.998
2131 332.464 246.992
2132 355.377 264.155
2133 332.95 259.444
2134 346.771 252.982
2135 323.666 257.418
2136 341.312 248.837
2137 346.006 246.968
2138 336.027 254.558
2139 342.053 252.982
2140 341.944 255.476
2141 345.421 258.488
2142 342.768 256.39
2143 348.336 259.392
2144 341.21 261.419
2145 341.504 254.488
2146 332.603 250.46
2147 342.673 247.075
2148 348.411 261
2149 342.768 249.8
2150 343.968 257.286
2151 346.341 247.184
2152 350.036 248.928
2153 352.579 254.969
2154 349.806 249.758
2155 345.242 259.952
2156 339.688 253.969
2157 337.612 261.906
2158 334.933 257.476
2159 351.812 254.476
2160 346.83 247.982
2161 338.41 254.929
2162 351.263 255.417
2163 331.669 246.495
2164 327.793 250.958
2165 346.617 248.475
2166 321.509 251.664
2167 339.305 251.714
2168 336.749 255.496
2169 349.994 252.666
2170 342.413 255.284
2171 341.614 256.562
2172 336.737 259.983
2173 332.277 257.843
2174 331.916 239.437
2175 341.772 253.417
2176 353.829 256.992
2177 337.212 265.477
2178 345.326 262.952
2179 341.686 256.764
2180 328.634 254.904
2181 335.857 261.809
2182 348.709 257.969
2183 330.705 248.077
2184 336.295 253.803
2185 346.159 250.28
2186 339.95 259.392
2187 349.484 253.496
2188 335.52 250.968
2189 330.955 263.462
2190 347.146 247.546
2191 329.354 254.323
2192 332.161 240.981
2193 352.488 236.525
2194 351.178 250.08
2195 338.467 252.998
2196 329.818 250.28
2197 349.239 244.724
2198 341.959 255.241
2199 324.325 250.902
2200 340.655 249.439
2201 349.806 255.435
2202 347.249 256.5
2203 329.333 270.954
2204 336.183 258.807
2205 333.107 266.458
2206 346.872 260.288
2207 340.135 250.968
2208 347.931 251.416
2209 341.936 250.496
2210 344.7 253.357
2211 339.678 256.93
2212 333.931 264.363
2213 343.057 252.476
2214 336.385 247.927
2215 349.957 262.726
2216 334.376 263.42
2217 348.624 254.193
2218 341.048 255.46
2219 343.296 251.982
2220 347.954 250.388
2221 351.359 254.364
2222 327.002 253.951
2223 338.089 258.992
2224 337.291 241.833
2225 341.139 255.488
2226 330.268 255.488
2227 343.773 252.982
2228 349.484 249.387
2229 344.423 256.562
2230 351.158 261.878
2231 348.797 253.192
2232 350.719 253.841
2233 343.89 258.983
2234 334.851 254.763
2235 330.599 248.387
2236 343.968 257.033
2237 333.721 261.461
2238 344.608 262.248
2239 328.995 249.475
2240 339.678 250.28
2241 333.828 249.982
2242 347.914 261.916
2243 343.698 256.488
2244 351.431 256.671
2245 330.382 261.327
2246 346.254 255.441
2247 353.966 254.951
2248 325.169 255.359
2249 341.548 256.461
2250 337.39 258.325
2251 332.445 263.92
2252 349.716 255.441
2253 334.287 258.476
2254 335.532 259.037
2255 329.932 256.842
2256 351.312 256.359
2257 331.474 247.71
2258 339.853 251.416
2259 336.187 257.973
2260 339.544 255.143
2261 335.932 271.934
2262 346.025 250.32
2263 330.268 257.672
2264 346.159 260.906
2265 332.558 251.96
2266 324.006 253.488
2267 335.917 264.5
2268 335.28 262.202
2269 345.521 259.507
2270 345.207 257.876
2271 332.28 254.358
2272 336.633 256.562
2273 334.29 252.951
2274 350.423 255.992
2275 343.631 246.353
2276 350.839 263.203
2277 336.437 255.617
2278 329.522 252.389
2279 346.432 250.28
2280 327.893 253.322
2281 340.858 245.949
2282 344.877 252.929
2283 346.7 255.719
2284 346.335 253.929
2285 344.945 257.564
2286 328.936 254.998
2287 342.111 256.324
2288 328.03 253.085
2289 336.187 254.615
2290 354.435 258.461
2291 328.588 255.241
2292 345.578 265.157
2293 334.172 256.982
2294 349.149 251.553
2295 343.673 252.84
2296 340.47 251.082
2297 332.917 253.361
2298 338.201 258.909
2299 340.1 254.558
2300 352.349 246.797
2301 349.494 252.024
2302 345.022 244.352
2303 354.274 249.982
2304 356.66 256.805
2305 346.41 257.876
2306 341.472 252.903
2307 352.314 246.459
2308 341.548 248.757
2309 348.241 261.845
2310 339.094 253.667
2311 340.735 250.551
2312 331.554 256.437
2313 346.583 254.874
2314 340.223 265.462
2315 336.975 260.569
2316 333.107 252
2317 333.828 249.387
2318 340.955 256.476
2319 314.949 249.415
2320 336.214 258.992
2321 342.625 249.888
2322 340.1 252.5
2323 344.125 263.727
2324 336.92 257.983
2325 344.508 254.969
2326 331.659 251.903
2327 343.348 247.499
2328 342.013 273.445
2329 348.712 257.992
2330 349.538 262.488
2331 351.68 260.5
2332 337.461 251.998
2333 338.588 263.92
2334 334.245 255.992
2335 341.693 249.319
2336 331.646 260.724
2337 341.936 258.36
2338 341.772 257.721
2339 335.007 246.927
2340 323.518 252.428
2341 342.888 257.905
2342 341.048 250.95
2343 350.423 248.475
2344 335.291 257.033
2345 342.397 255.67
2346 352.722 268.998
2347 357.855 254.841
2348 355.069 249.982
2349 338.845 256.324
2350 345.065 262.328
2351 339.467 254.804
2352 340.044 254.389
2353 333.617 254.389
2354 337.381 251.388
2355 343.321 252.968
2356 344.151 249.712
2357 331.474 246.183
2358 341.623 259
2359 336 243.495
2360 337.883 243.752
2361 325.527 258.952
2362 341.21 244.796
2363 341.855 244.459
2364 341.473 257.243
2365 342.183 247.233
2366 329.818 245.316
2367 349.777 251.5
2368 339.099 250.32
2369 350.26 249.078
2370 325.621 254.615
2371 330.379 261.931
2372 332.986 245.385
2373 345.868 254.668
2374 333.489 260.496
2375 345.407 250.08
2376 343.628 261.952
2377 333.742 247.439
2378 328.177 255.951
2379 331.543 255.194
2380 346.488 247.756
2381 345.694 255.323
2382 342.476 250.188
2383 351.248 256.875
2384 342.397 255.511
2385 341.782 257.091
2386 348.267 276.424
2387 340.884 254.476
2388 346.246 258.565
2389 343.459 251.44
2390 340.768 247.386
2391 342.342 247.659
2392 338.926 256.496
2393 331.735 253.614
2394 341.789 242.124
2395 340.391 260.724
2396 345.808 254.476
2397 340.635 242.596
2398 340.779 252.357
2399 356.439 257.998
2400 336.378 253.614
2401 334.828 247.998
2402 339.688 249.982
2403 357.936 255.764
2404 332.161 259.287
2405 330.817 253.752
2406 346.329 262.907
2407 333.107 260.392
2408 346.952 257.843
2409 349.72 251.992
2410 336.975 260.676
2411 348.078 253.992
2412 342.357 258.227
2413 339.882 264.932
2414 356.853 251.839
2415 353.972 247.546
2416 350.485 256.982
2417 344.581 248.998
2418 340.525 239.992
2419 331.183 249.758
2420 333.919 248.928
2421 328.811 271.934
2422 337.71 252.715
2423 335.404 250.44
2424 339.523 248.459
2425 337.639 256.476
2426 352.386 256.496
2427 330.736 261.461
2428 357.433 257.998
2429 344.36 251.123
2430 343.795 245.754
2431 339.09 260.461
2432 331.821 246.232
2433 338.316 257.441
2434 348.898 250.476
2435 358.663 254.087
2436 335.297 249.439
2437 356.968 261.419
2438 337.083 250.416
2439 325.423 254.488
2440 341.139 260.361
2441 335.072 252.44
2442 339.094 260.442
2443 341.782 249.758
2444 355.869 244.927
2445 343.764 261.878
2446 344.476 258.766
2447 361.994 251.968
2448 356.185 248.419
2449 346.704 268.209
2450 338.319 255.842
2451 338.848 256.671
2452 325.072 252.46
2453 332.464 249.956
2454 350.154 251.416
2455 323.659 252.666
2456 345.242 251.496
2457 341.157 259.623
2458 328.512 258.418
2459 353.966 249.928
2460 341.959 246.708
2461 334.018 248.487
2462 330.599 265.772
2463 340.404 252.282
2464 329.249 259.461
2465 336.119 254.676
2466 338.201 246.439
2467 334.277 246.439
2468 343.795 233.495
2469 353.555 258.461
2470 325.346 257.476
2471 350.011 243.315
2472 341.686 264.811
2473 340.223 260.419
2474 338.926 251.802
2475 346.335 244.385
2476 350.423 259.567
2477 325.678 248.459
2478 346.687 263.249
2479 329.333 253.282
2480 326.233 253.716
2481 336.345 268.365
2482 343.22 253.992
2483 339.853 257.391
2484 335.115 241.981
2485 325.621 240.649
2486 342.215 251.992
2487 338.987 249.487
2488 347.638 256.359
2489 346.583 250.958
2490 339.004 261.983
2491 361.975 256.437
2492 329.977 259.931
2493 343.016 251.496
2494 350.645 253.803
2495 345.683 262.42
2496 340.154 261.419
2497 345.065 255.875
2498 330.254 259.877
2499 352.267 262.29
2500 334.141 239.537
2501 353.73 255.969
2502 346.196 244.835
2503 347.163 247.495
2504 324.758 250.188
2505 331.202 248.485
2506 342.789 254.615
2507 332.464 262.846
2508 350.632 250.982
2509 339.131 242.537
2510 339.588 259.808
2511 325.503 248.757
2512 340.492 247.495
2513 331.715 253.929
2514 336.132 256.72
2515 354.975 250.44
2516 325.552 255.969
2517 335.821 256.72
2518 354.844 258.766
2519 351.178 251.873
2520 342.826 244.753
2521 337.23 254.951
2522 345.694 250.928
2523 333.617 254.417
2524 350.036 249.872
2525 338.848 244.18
2526 336.482 257.391
2527 336.754 252.982
2528 331.276 259.507
2529 341.825 253.503
2530 358.197 259.767
2531 331.032 254.717
2532 334.275 264.5
2533 342.762 256.221
2534 328.974 255.241
2535 346.631 257.5
2536 339.544 256.285
2537 340.592 246.414
2538 347.34 256.72
2539 341.447 258.147
2540 336.119 246.495
2541 348.594 262.97
2542 333.982 252.44
2543 345.521 252.389
2544 352.783 252.357
2545 358.057 250.034
2546 329.638 259.767
2547 341.743 253.192
2548 323.252 252.357
2549 333.107 253.239
2550 327.991 259.983
2551 344.865 248.483
2552 353.116 253.716
2553 342.473 256.418
2554 349.044 245.797
2555 342.342 251.356
2556 340.47 251.76
2557 341.21 259.767
2558 333.931 260.496
2559 346.107 245.967
2560 338.845 249.487
2561 330.599 244.945
2562 341.355 251.189
2563 337.837 263.811
2564 334.927 258.523
2565 332.16 249.982
2566 331.474 251.929
2567 344.517 261.981
2568 326.625 263.907
2569 341.312 257.62
2570 350.011 258.844
2571 339.769 250.356
2572 342.627 241.998
2573 335.151 252.359
2574 355.244 253.982
2575 335.571 254.441
2576 336.071 259.444
2577 344.783 250.202
2578 324.006 257.564
2579 338.18 253.5
2580 333.275 254.874
2581 357.744 250.188
2582 348.798 255.284
2583 343.235 261.769
2584 331.361 251.488
2585 342.434 253.998
2586 341.686 254.904
2587 320.86 257.243
2588 325.3 259.5
2589 342.876 250.416
2590 327.893 259.444
2591 337.298 258.876
2592 345.832 250.08
2593 338.996 265.772
2594 341.936 246.737
2595 338.296 259.723
2596 347.146 250.713
2597 330.341 247.495
2598 345.057 235.584
2599 344.122 256.835
2600 337.87 264.045
2601 334.913 260.906
2602 335.932 251.321
2603 333.401 260.488
2604 344.949 254.929
2605 339.901 236.994
2606 341.336 257.93
2607 344.63 257.763
2608 361.671 256.951
2609 347.793 261.906
2610 341.549 258.302
2611 335.069 257.146
2612 339.853 249.187
2613 344.716 254.929
2614 347.836 250.49
2615 331.3 258.505
2616 336.61 259.488
2617 349.803 247.546
2618 336.737 257.286
2619 337.883 252.488
2620 354.175 257.476
2621 333.602 258.909
2622 328.995 257.5
2623 341.048 251.992
2624 345.919 250.928
2625 340.1 250.609
2626 348.345 265.812
2627 342.508 259.623
2628 340.413 257.843
2629 317.67 243.869
2630 323.034 262.726
2631 336.385 265.729
2632 326.336 247.184
2633 340.135 263.249
2634 343.147 248.747
2635 333.563 250.839
2636 333.207 246.603
2637 341.426 259.068
2638 341.895 266.97
2639 334.066 246.459
2640 344.891 250.356
2641 331.944 261.442
2642 339.976 251.5
2643 349.485 254.323
2644 339.617 241.833
2645 335.279 261.992
2646 345.326 256.805
2647 326.798 250.476
2648 333.823 260.509
2649 342.183 247.483
2650 349.716 256.72
2651 339.853 259.808
2652 354.153 255.417
2653 350.632 253.496
2654 353.972 250.872
2655 351.312 258.844
2656 331.913 251.44
2657 349.445 250.5
2658 333.401 255.842
2659 351.723 254.283
2660 333.365 252.929
2661 348.569 254.992
2662 353.644 264.292
2663 333.721 252.488
2664 348.167 243.705
2665 333.922 249.495
2666 336.416 255.842
2667 358.748 265.42
2668 333.527 256.982
2669 346.717 251.611
2670 332.869 259.392
2671 333.931 244.07
2672 350.839 253.44
2673 357.983 254.558
2674 355.978 256.992
2675 328.634 252.476
2676 330.825 258.496
2677 335.662 256.998
2678 335.115 261.247
2679 345.694 262.572
2680 331.831 258.36
2681 328.25 257.843
2682 359.437 257.952
2683 349.274 242.351
2684 328.995 257.391
2685 345.407 257.476
2686 352.182 253.841
2687 327.719 268
2688 340.884 261.381
2689 344.055 256.842
2690 355.82 250.982
2691 337.212 256.144
2692 345.248 244.459
2693 336.295 250.188
2694 337.879 253.898
2695 333.371 260.906
2696 326.178 244.9
2697 342.088 251.46
2698 343.715 245.927
2699 333.092 262.362
2700 350.632 262.477
2701 340.768 259.361
2702 334.963 244.967
2703 346.951 254.9
2704 335.072 242.833
2705 355.927 249.499
2706 348.698 250.08
2707 339.523 254.358
2708 339.146 259.969
2709 340.933 247.837
2710 346.687 257.886
2711 331.361 257.765
2712 342.555 248.355
2713 336.526 258.93
2714 344.801 258.876
2715 333.137 253.5
2716 339.305 261.448
2717 341.548 251.982
2718 334.963 237.457
2719 354.435 261.247
2720 334.736 246.495
2721 346.367 244.796
2722 327.793 240.898
2723 339.617 249.902
2724 354.584 253.46
2725 334.371 251.802
2726 320.757 245.542
2727 341.336 251.321
2728 328.363 251.137
2729 348.543 240.898
2730 339.617 268.954
2731 336.633 255.969
2732 327.629 249.415
2733 345.471 249.608
2734 338.926 252.139
2735 334.618 253.417
2736 333.828 264.496
2737 354.655 249.235
2738 350.959 246.459
2739 335.38 262.97
2740 351.09 249.608
2741 356.362 256.971
2742 344.151 258.391
2743 343.147 261.931
2744 341.661 255.93
2745 335.946 256.324
2746 340.223 248.902
2747 348.078 248.234
2748 344.972 254.389
2749 351.178 261.847
2750 337.291 264.932
2751 326.127 259.5
2752 331.596 263.329
2753 344.945 256.805
2754 341.01 259.488
2755 346.254 249.838
2756 351.454 256.285
2757 336.027 254.969
2758 355.514 249.758
2759 326.118 249.439
2760 389.977 248.349
2761 332.668 251.839
2762 333.527 252.357
2763 340.758 250.551
2764 348.03 241.868
2765 330.599 255.476
2766 349.251 243.982
2767 348.306 245.499
2768 323.32 255.904
2769 336.877 253.803
2770 352.727 245.129
2771 347.171 248.318
2772 339.617 256.5
2773 343.348 261
2774 323.537 241.938
2775 341.048 244.274
2776 348.678 259.488
2777 329.7 255.904
2778 342.316 257.5
2779 340.66 247.439
2780 339.848 257.672
2781 321.509 256.618
2782 346.895 250.902
2783 345.612 252.282
2784 341.104 259.808
2785 332.102 258.461
2786 342.004 252.998
2787 355.587 251.992
2788 353.067 255.441
2789 347.839 250.034
2790 348.06 240.967
2791 341.139 263.291
2792 349.369 252.802
2793 349.929 257.672
2794 345.485 255.904
2795 344.697 261.725
2796 337.147 250.236
2797 339.588 266.252
2798 353.508 253.476
2799 333.602 251.746
2800 341.174 249.998
2801 331.813 258.461
2802 340.347 255.904
2803 342.228 255.805
2804 343.147 258.689
2805 330.593 244.438
2806 326.127 246.927
2807 343.764 256.982
2808 327.081 254.389
2809 337.58 249.8
2810 345.242 249.355
2811 342.689 262.572
2812 324.453 251.46
2813 337.396 257.806
2814 344.093 257.439
2815 355.121 253.557
2816 330.254 258.807
2817 339.853 249.487
2818 341.863 258.391
2819 343.147 259.844
2820 345.384 252.873
2821 338.526 253.557
2822 346.814 251.982
2823 335.969 254.441
2824 346.423 256.805
2825 340.044 250.32
2826 340.5 265.364
2827 344.225 244.655
2828 336.936 252.476
2829 345.326 246.232
2830 342.316 253.288
2831 325.43 252.929
2832 326.888 265.908
2833 334.371 259.969
2834 359.207 259.476
2835 329.903 255.496
2836 347.773 252
2837 337.31 260.154
2838 338.018 260.461
2839 335.52 262.29
2840 329.818 256.496
2841 333.654 246.353
2842 336.071 246.012
2843 337.031 251.611
2844 341.667 255.323
2845 346.79 245.707
2846 345.326 245.353
2847 356.441 263.879
2848 328.009 244.467
2849 341.895 259.461
2850 344.972 253.673
2851 339.495 247.487
2852 332.65 258.441
2853 323.252 255.951
2854 338.219 251.873
2855 331.605 260
2856 342.867 271.396
2857 350.036 252.873
2858 328.366 256.461
2859 325.782 252.389
2860 339.399 246.949
2861 348.03 250.801
2862 346.41 257.488
2863 339.305 260.419
2864 341.661 258.952
2865 347.436 262.5
2866 342.473 252.929
2867 333.063 250.902
2868 331.189 258.621
2869 341.426 251.281
2870 333.808 261.845
2871 347.223 256.982
2872 334.018 256.39
2873 347.773 253.476
2874 332.277 252.321
2875 344.225 254.841
2876 334.99 252.761
2877 347.638 253.361
2878 344.783 252.357
2879 327.89 247.798
2880 324.651 252.992
2881 343.948 258.496
2882 326.803 247.386
2883 333.563 262.679
2884 341.085 253.322
2885 344.325 243.869
2886 357.855 260.992
2887 344.07 256.982
2888 335.52 263.983
2889 332.391 255.56
2890 347.891 257.503
2891 336.526 257.93
2892 338.538 262.77
2893 335.178 256.805
2894 328.346 246.836
2895 345.56 248.992
2896 330.185 257.371
2897 329.7 251.476
2898 347.34 253.803
2899 336.482 256.242
2900 336.737 252.46
2901 345.647 251.968
2902 329.8 257.93
2903 344.323 254.193
2904 337.076 260.442
2905 331.189 242.926
2906 340.758 256.285
2907 329.144 250.32
2908 349.176 247.968
2909 340.47 250.46
2910 359.797 251.388
2911 336.535 253.46
2912 341.21 250.759
2913 334.515 264.63
2914 355.32 255.143
2915 335.455 247.605
2916 342.939 258.325
2917 336.119 242.004
2918 349.678 261.392
2919 345.786 247.756
2920 337.188 257.992
2921 342.476 258.952
2922 334.712 259.496
2923 338.077 263
2924 348.775 250.968
2925 347.566 261.327
2926 331.821 247.95
2927 336.526 256.671
2928 326.343 244.438
2929 335.932 247.927
2930 329.375 255.417
2931 356.09 262.726
2932 341.64 252.982
2933 321.206 253.557
2934 335.455 251.237
2935 348.64 246.708
2936 346.41 254.804
2937 347.708 265.42
2938 339.467 248.495
2939 329.977 248.606
2940 356.546 247.475
2941 348.827 259.906
2942 347.249 246.927
2943 340.933 242.495
2944 337.39 250.08
2945 344.003 256.242
2946 353.016 259.952
2947 351.781 256.875
2948 343.147 251.553
2949 331.913 256.057
2950 335.404 251.356
2951 334.658 254.5
2952 350.423 250.32
2953 331.904 243.335
2954 332.102 238.86
2955 343.862 255.951
2956 342.508 254.951
2957 332.503 247.439
2958 340.655 262.726
2959 334.658 252.238
2960 350.343 259.692
2961 340.419 262.77
2962 335.821 247.998
2963 333.468 256.476
2964 348.039 257.196
2965 343.117 262.461
2966 333.527 257.243
2967 352.094 264.329
2968 325.965 254.717
2969 349.93 261.809
2970 322.059 255.764
2971 339.997 249.928
2972 323.447 253.762
2973 326.506 254.323
2974 339.411 255.5
2975 355.359 242.794
2976 333.197 257.476
2977 355.286 255.488
2978 356.931 244.753
2979 349.538 247.81
2980 335.38 248.234
2981 345.471 254.804
2982 325.883 255.284
2983 334.745 258.844
2984 336.829 259.419
2985 345.701 243.475
2986 348.536 257.843
2987 341.863 248.318
2988 334.574 256.324
2989 345.254 249.487
2990 331.596 259.326
2991 344.783 249.902
2992 356.98 260.845
2993 337.981 251.968
2994 344.465 256.488
2995 334.828 254.874
2996 340.525 247.475
2997 333.997 248.998
2998 336.754 256.285
2999 336.416 260.327
3000 340.232 250.236
3001 339.688 248.95
3002 337.423 262.932
3003 357.126 257.503
3004 338.644 262.442
3005 340.135 253.488
3006 345.694 245.87
3007 331.554 251.356
3008 341.01 252.873
3009 345.612 253.357
3010 333.957 250.663
3011 342.053 258.844
3012 344.36 249.135
3013 329.257 248.185
3014 342.342 245.495
3015 332.907 252.44
3016 355.193 252.476
3017 340.413 260.992
3018 337.217 251.356
3019 340.044 245.341
3020 343.147 239.967
3021 337.188 241.967
3022 348.231 260.2
3023 334.371 256.195
3024 332.65 267.488
3025 336.936 252.715
3026 344.061 259.376
3027 335.374 254.9
3028 337.147 243.384
3029 343.418 260.038
3030 331.711 259.361
3031 334.913 249.199
3032 324.222 257.146
3033 342.768 249.018
3034 322.087 261.906
3035 332.907 257.969
3036 332.716 260.246
3037 336.975 255.969
3038 344.783 258.621
3039 339.08 256.242
3040 341.863 247.233
3041 328.798 253.841
3042 331.361 247.415
3043 332.986 256.476
3044 329.09 252.494
3045 355.594 251.137
3046 357.881 260.808
3047 352.488 253.841
3048 349.243 254.283
3049 352.375 252.84
3050 305.279 257.391
3051 330.129 250.388
3052 344.449 248.387
3053 352.783 249.279
3054 345.633 251.321
3055 340.823 248.439
3056 352.905 258.766
3057 336.388 259.977
3058 346.235 263.879
3059 341.227 266.88
3060 352.846 254.142
3061 319.862 259.442
3062 344.891 255.617
3063 344.122 251
3064 339.469 252.139
3065 362.73 260.419
3066 340.329 246.808
3067 346.254 245.182
3068 337.39 253.614
3069 338.316 260.906
3070 324.426 250.236
3071 338.761 251.388
3072 345.868 262.442
3073 347.708 258.035
3074 333.844 245.186
3075 327.173 246.268
3076 345.456 251.903
3077 329.372 242.596
3078 328.894 255.359
3079 338.429 256.359
3080 348.241 259.767
3081 320.406 247.992
3082 331.554 246.65
3083 335.932 248.459
3084 336.92 258.198
3085 332.366 249.928
3086 341.76 251.496
3087 341.409 256.969
3088 340.852 251.321
3089 322.529 252.903
3090 335.628 259.769
3091 321.31 253.14
3092 347.073 253.43
3093 345.022 248.982
3094 344.63 252.84
3095 338.761 258.93
3096 320.05 255.194
3097 336.838 263.329
3098 331.904 262.42
3099 346.704 251.714
3100 338.036 259.496
3101 348.345 254.5
3102 333.275 251.281
3103 354.491 265.496
3104 331.904 246.968
3105 334.873 268
3106 345.56 247.475
3107 333.284 249.838
3108 328.661 251.44
3109 355.204 251.802
3110 332.907 246.708
3111 340.955 259.245
3112 334.727 251.5
3113 336.068 256.297
3114 328.588 262.97
3115 337.751 264.5
3116 330.593 262.496
3117 337.283 261.769
3118 329.666 248.415
3119 337.031 250.136
3120 344.558 249.475
3121 336.999 256.441
3122 335.996 258.488
3123 335.946 249.838
3124 332.193 245.438
3125 358.522 258.476
3126 338.429 253.417
3127 349.176 258.488
3128 329.977 261.878
3129 341.772 255.719
3130 357.764 252.44
3131 331.913 257.496
3132 330.024 257.488
3133 333.14 248.799
3134 347.986 255.5
3135 357.969 257.325
3136 339.929 254.841
3137 347.095 249.662
3138 348.957 248.799
3139 341.936 252.992
3140 345.096 245.182
3141 334.275 262.393
3142 339.411 260.676
3143 335.504 245.231
3144 335.178 256.72
3145 346.834 245.9
3146 341.855 255.992
3147 342.939 260.906
3148 341.886 254.804
3149 339.388 255.998
3150 329.977 250.928
3151 351.346 249.487
3152 343.23 251.137
3153 313.206 256.982
3154 355.106 251.903
3155 353.49 247.487
3156 329.351 255.969
3157 345.362 248.355
3158 334.746 249.355
3159 344.476 261.362
3160 339.099 261.461
3161 352.375 258.325
3162 350.343 267.97
3163 337.743 247.734
3164 353.353 255.982
3165 335.748 256.476
3166 345.235 252.873
3167 338.285 253.43
3168 351.359 262.679
3169 338.429 252.951
3170 324.113 253.992
3171 332.272 261.461
3172 335.124 259.675
3173 344.016 245.438
3174 331.252 250.44
3175 348.241 252.357
3176 339.152 243.992
3177 341.227 258.441
3178 341.782 254.476
3179 341.472 257.998
3180 353.242 245.9
3181 331.131 257.5
3182 327.585 258.391
3183 328.634 258.5
3184 350.063 261.845
3185 326.803 252.666
3186 329.436 259.488
3187 336.286 263.496
3188 341.555 252.998
3189 332.458 251.44
3190 343.671 246.544
3191 339.976 245.835
3192 329.204 258.992
3193 348.712 243.752
3194 341.772 253.417
3195 340.223 253.417
3196 341.693 253.762
3197 338.18 251.416
3198 334.851 256.195
3199 327.347 255.46
3200 333.846 252.968
3201 328.244 248.982
3202 339.941 252.982
3203 346.423 254
3204 323.958 245.341
3205 344.105 247.992
3206 347.875 266.421
3207 333.828 262.393
3208 348.431 249.387
3209 341.855 266.331
3210 341.623 251.082
3211 335.404 252.238
3212 319.687 256.764
3213 327.582 255.719
3214 335.835 254.874
3215 337.408 253.929
3216 346.133 254.804
3217 338.001 247.132
3218 311.913 242.332
3219 338.541 251.982
3220 352.25 257.441
3221 353.353 248.928
3222 351.397 259.361
3223 335.38 249.838
3224 351.038 260.615
3225 342.228 255.417
3226 337.923 255.982
3227 350.905 255.029
3228 330.651 251.426
3229 333.676 258.975
3230 331.459 242.499
3231 336.071 256.969
3232 347.304 249.902
3233 332.205 246.881
3234 348.878 249.018
3235 338.429 259.906
3236 332.917 259.983
3237 351.781 239.898
3238 341.863 245.927
3239 346.237 251.46
3240 336.385 253.752
3241 349.42 258.488
3242 332.838 248.837
3243 346.335 255.842
3244 341.302 260.2
3245 337.141 258.905
3246 339.435 247.883
3247 344.404 247.998
3248 342.453 261.461
3249 327.971 252.992
3250 326.726 256.671
3251 322.152 244.487
3252 346.925 258.565
3253 324.5 256.951
3254 346.583 245.414
3255 352.624 257.721
3256 346.488 251.873
3257 357.284 257.196
3258 338.588 252.389
3259 339.882 244.262
3260 357.855 256.476
3261 332.671 250.998
3262 335.747 263.907
3263 350.086 254.904
3264 342.316 250.492
3265 338.127 257.36
3266 343.968 246.949
3267 350.645 256.461
3268 351.178 260.442
3269 336.378 264.879
3270 338.429 246.495
3271 338.615 261.981
3272 339.22 249.487
3273 337.612 255.5
3274 329.484 251.982
3275 341.311 258.476
3276 336.737 261.952
3277 339.152 251.95
3278 333.823 259.567
3279 354.436 251.802
3280 329.903 248.495
3281 342.876 248.886
3282 339.853 256.501
3283 340.999 246.317
3284 329.45 248.415
3285 345.977 258.998
3286 345.427 261.477
3287 328.723 257.36
3288 322.104 255.904
3289 329.351 258.722
3290 347.333 252.494
3291 339.853 260.845
3292 343.117 254.668
3293 345.326 258.674
3294 334.567 253.874
3295 334.567 256.764
3296 341.104 250.476
3297 345.242 248.234
3298 345.717 267.685
3299 342.079 263.727
3300 334.275 263.393
3301 334.53 258.374
3302 312.919 245.438
3303 331.442 248.349
3304 350.808 250.32
3305 347.566 250.968
3306 335.291 252.929
3307 343.693 244.992
3308 315.346 252.46
3309 352.267 257.496
3310 346.159 251.903
3311 342.666 248.439
3312 355.438 258.391
3313 339.65 253.998
3314 334.993 252.139
3315 338.848 256.875
3316 349.84 257.286
3317 333.167 252.19
3318 335.204 258.093
3319 331.361 256.671
3320 347.62 260.569
3321 339.08 257.441
3322 332.06 260.724
3323 352.488 259.361
3324 336.814 256.764
3325 342.026 249.279
3326 336.749 251.903
3327 352.25 252.238
3328 348.775 253.389
3329 281.855 263.42
3330 343.828 252.929
3331 340.204 261.992
3332 348.441 260.288
3333 343.479 254.717
3334 340.223 259.983
3335 336.303 260.979
3336 325.883 250.902
3337 338.404 248.355
3338 336.378 248.982
3339 326.178 251.76
3340 347.171 248.606
3341 348.698 245.341
3342 327.193 251.95
3343 333.957 262.477
3344 334.29 264.908
3345 344.53 241.413
3346 329.372 255.93
3347 331.459 254.969
3348 338.089 258.36
3349 350.808 241.384
3350 335.124 249.838
3351 348.712 264.879
3352 345.384 254.488
3353 340.776 242.495
3354 329.638 252.321
3355 330.491 261.906
3356 328.265 253.43
3357 348.336 265.477
3358 338.41 255.875
3359 324.977 243.438
3360 335.477 252.929
3361 335.996 254.717
3362 337.58 254.498
3363 338.001 244.274
3364 333.509 255.46
3365 352.579 257.418
3366 353.115 253.716
3367 343.698 253.5
3368 332.102 252.46
3369 340.852 260.288
3370 359.074 252.359
3371 329.977 248.355
3372 331.098 244.982
3373 331.554 256.992
3374 350.45 253.762
3375 346.479 254.358
3376 335.57 259.488
3377 341.139 244.475
3378 345.786 245.182
3379 341.221 245.992
3380 335.022 253.667
3381 346.069 253.998
3382 345.106 254.441
3383 350.803 261.289
3384 344.308 253.762
3385 342.357 247.277
3386 345.132 256.418
3387 349.571 246.495
3388 341.106 249.387
3389 345.786 255.417
3390 337.743 254.9
3391 349.106 251.123
3392 353.016 254.441
3393 347.836 254.476
3394 342.826 246.232
3395 343.779 247.798
3396 341.686 245.275
3397 339.712 249.387
3398 348.478 263.363
3399 345.56 248.278
3400 337.757 251.46
3401 332.391 253.322
3402 348.797 261.247
3403 337.123 268.954
3404 346.834 251.76
3405 344.697 248.355
3406 355.514 266.993
3407 358.195 242.868
3408 331.904 248.928
3409 340.62 260.906
3410 347.566 250.663
3411 351.966 260.992
3412 347.53 267.993
3413 346.886 247.495
3414 329.897 251.488
3415 341.686 258.969
3416 341.596 256.418
3417 345.485 251.968
3418 340.223 249.235
3419 351.909 255.904
3420 339.929 257.721
3421 346.693 247.386
3422 335.732 246.755
3423 354.491 253.874
3424 331.964 248.837
3425 342.689 273.397
3426 343.22 249.415
3427 328.894 257.441
3428 349.256 251.205
3429 334.913 256.764
3430 338.668 264.983
3431 339.853 253.026
3432 340.007 259.723
3433 333.06 253.841
3434 337.074 253.239
3435 338.194 252.042
3436 341.76 249.8
3437 335.455 250.5
3438 336.143 252.024
3439 348.078 252.824
3440 349.42 246.87
3441 335.625 250.188
3442 330.055 258.505
3443 347.793 254.24
3444 337.194 253.192
3445 353.044 251.476
3446 340.943 267.774
3447 343.479 260.15
3448 335.404 253.44
3449 340.215 255.805
3450 334.042 255.029
3451 347.163 256.905
3452 344.34 256.39
3453 350.839 255.496
3454 334.727 246.927
3455 335.835 245.927
3456 347.481 259.037
3457 344.232 255.992
3458 341.221 250.839
3459 345.868 253.992
3460 340.884 256.951
3461 349.8 256.144
3462 337.031 245.385
3463 335.835 251.137
3464 337.283 250.476
3465 342.228 254.389
3466 340.007 251.95
3467 344.298 250.136
3468 352.349 253.322
3469 339.765 260.969
3470 340.823 244.438
3471 337.67 249.495
3472 339.495 256.671
3473 339.094 253.14
3474 341.895 246.836
3475 337.756 254.498
3476 337.981 257.391
3477 329.036 240.35
3478 327.173 254.904
3479 348.039 247.568
3480 339.65 252.895
3481 341.693 257.243
3482 321.88 248.886
3483 342.228 256.496
3484 343.68 256.951
3485 353.555 242.384
3486 332.445 244.875
3487 330.036 250.89
3488 344.945 248.871
3489 352.846 250.663
3490 334.277 243.274
3491 337.381 255.088
3492 334.29 246.317
3493 331.26 247.475
3494 336.999 252.67
3495 335.41 254.5
3496 338.216 251.95
3497 342.527 252.998
3498 348.356 244.499
3499 330.518 255
3500 336.144 258.418
3501 347.249 254.476
3502 350.354 253.951
3503 342.397 265.577
3504 334.018 259.376
3505 338.194 259.906
3506 301.423 265.364
3507 336.754 264.443
3508 330.98 248.278
3509 352.179 256.297
3510 348.009 250.136
3511 350.5 255.476
3512 340.47 255.758
3513 339.158 261.201
3514 347.793 248.928
3515 342.476 248.95
3516 345.326 248.278
3517 339.678 258.992
3518 341.548 243.9
3519 335.742 257
3520 338.089 261.201
3521 348.838 264.932
3522 326.127 258.093
3523 354.972 259.844
3524 347.954 262.488
3525 348.494 253.951
3526 349.84 258.565
3527 330 247.998
3528 332.917 259.5
3529 334.018 257.196
3530 332.039 251.839
3531 339.753 262.099
3532 343.358 249.415
3533 317.232 249.415
3534 343.01 254.417
3535 337.31 262.77
3536 343.555 260
3537 346.951 256.93
3538 340.097 257.196
3539 336.838 253.969
3540 340.29 260.392
3541 338.996 250.902
3542 252.111 259.877
3543 347.223 252.895
3544 339.04 257.503
3545 331.831 257.969
3546 332.265 250.356
3547 331.831 255.143
3548 344.164 249.439
3549 330.55 261.952
3550 340.541 249.872
3551 345.128 256.982
3552 336.271 254.904
3553 329.181 266.049
3554 349.485 261.809
3555 344.122 257.36
3556 337.605 252.761
3557 320.092 251.839
3558 431.889 249.355
3559 338.674 253.667
3560 346.215 248.813
3561 343.22 260.461
3562 331.521 248.982
3563 336.632 258.461
3564 344.423 249.662
3565 333.922 248.439
3566 346.488 252.982
3567 343.01 248.954
3568 338.149 249.235
3569 335.072 258.488
3570 344.674 254.291
3571 331.202 248.998
3572 336.749 244.655
3573 331.983 245.982
3574 354.965 259.526
3575 336.666 251.992
3576 335.204 242.636
3577 336.633 262.248
3578 350.963 250.902
3579 333.828 252.19
3580 338.219 251.95
3581 335.28 244.07
3582 332.277 258.909
3583 338.083 241.967
3584 347.34 249.872
3585 350.157 256.496
3586 339.95 251.388
3587 352.511 248.837
3588 355.91 246.276
3589 335.732 247.968
3590 345.485 246.439
3591 318.189 250.188
3592 335.607 252.46
3593 333.957 253.998
3594 341.106 247.837
3595 332.161 244.352
3596 341.292 256.144
3597 326.683 248.886
3598 349.369 260.808
3599 348.416 256.031
3600 347.033 249.838
3601 331.005 256.285
3602 336.92 255.088
3603 354.975 244.438
3604 341.991 245.182
3605 331.913 249.235
3606 351.576 256.359
3607 340.338 253.476
3608 339.544 252.951
3609 322.661 241.413
3610 339.004 252.321
3611 337.683 254.804
3612 343.475 250.958
3613 332.806 256.285
3614 346.479 251.929
3615 344.232 249.902
3616 330.268 267.477
3617 335.833 250.89
3618 339.301 266.998
3619 333.063 253.496
3620 339.769 240.533
3621 338.762 257.806
3622 354.076 247.756
3623 349.033 257.876
3624 338.083 259.442
3625 346.981 255.902
3626 342.625 261.201
3627 341.886 257.983
3628 332.739 257.441
3629 343.479 260.676
3630 335.28 251.281
3631 302.093 243.992
3632 264.454 250.982
3633 345.235 263.268
3634 333.729 249.387
3635 357.119 251.802
3636 345.23 247.277
3637 337.639 242.868
3638 348.99 256.971
3639 334.676 252.968
3640 342.159 261.419
3641 337.71 249.712
3642 346.159 261.992
3643 355.472 250.28
3644 350.45 259.326
3645 340.353 249.758
3646 328.265 256.805
3647 343.057 253.14
3648 343.872 248.234
3649 333.014 255.029
3650 344.608 253.43
3651 334.461 259.992
3652 344.53 254.323
3653 351.056 253.5
3654 340.682 255.93
3655 349.628 252.5
3656 309.823 254.763
3657 346.951 245.949
3658 331.711 246.901
3659 350.803 252.488
3660 344.639 267.983
3661 333.527 253.44
3662 347.534 255.56
3663 330 262.952
3664 341.292 249.459
3665 336.295 251
3666 345.022 253.417
3667 330.983 241.384
3668 340.776 258.035
3669 340.752 246.386
3670 335.374 247.71
3671 335.374 253.322
3672 348.009 258.418
3673 351.426 254.498
3674 348.103 253.085
3675 333.721 259.496
3676 349.84 257.476
3677 346.237 250.928
3678 331.156 257.441
3679 333.527 247.386
3680 348.957 258.391
3681 360.5 254.904
3682 343.828 261.931
3683 347.425 242.384
3684 346.526 260.496
3685 332.4 260.476
3686 352.739 246.317
3687 354.344 262.477
3688 342.552 252.357
3689 327.991 254.998
3690 343.862 246.414
3691 337.461 252.488
3692 323.574 260.361
3693 330.55 253.929
3694 336.526 240.271
3695 330.2 251.76
3696 336.071 254.763
3697 344.465 258.302
3698 344.949 251.476
3699 334.066 256.501
3700 346.895 255.359
3701 331.385 256.875
3702 331.605 253.322
3703 350.343 269.983
3704 342.946 250.968
3705 343.441 252.496
3706 333.275 251.76
3707 325.782 256.39
3708 340.309 258.418
3709 389.7 258.325
3710 342.294 253.803
3711 332.265 260.983
3712 335.455 255.992
3713 361.497 248.459
3714 336.838 246.901
3715 358.971 257.286
3716 345.517 255.832
3717 343.779 256.418
3718 349.84 267.929
3719 347.875 247.901
3720 345.868 264.204
3721 342.215 239.458
3722 336.262 249.608
3723 340.852 250.992
3724 328.177 255
3725 339.848 254.982
3726 350.574 244.459
3727 351.346 252.416
3728 326.435 255.951
3729 349.243 267.462
3730 340.884 254.874
3731 342.673 250.28
3732 332.193 248.234
3733 346.069 252.666
3734 342.762 251.893
3735 343.671 252.083
3736 338.881 258.488
3737 340.933 259.245
3738 340.889 252.389
3739 325.799 262.477
3740 336.119 258.674
3741 350.963 252.555
3742 349.42 253.476
3743 343.01 252.139
3744 342.316 250.388
3745 344.019 254.323
3746 341.292 246.968
3747 330.518 243.869
3748 351.547 256.618
3749 343.795 255.805
3750 340.215 256.951
3751 335.178 261.247
3752 350.086 252.968
3753 319.953 258.998
3754 348.103 254.417
3755 332.357 260.808
3756 349.082 249.838
3757 340.984 245.182
3758 330.518 267.159
3759 340.391 256.72
3760 358.022 258.905
3761 342.695 251.992
3762 337.941 246.386
3763 347.163 260.877
3764 334.111 259.983
3765 356.281 257.239
3766 341.76 262.5
3767 344.122 244.655
3768 352.851 254.804
3769 333.489 256.418
3770 342.867 247.439
3771 319.75 257.765
3772 338.216 259.623
3773 337.743 256.195
3774 332.611 260.676
3775 330.042 260.288
3776 335.142 261.289
3777 330.825 253.085
3778 340.223 263.443
3779 351.812 249.982
3780 351.038 251.388
3781 342.491 254.998
3782 336.482 249.387
3783 344.151 236.411
3784 345.235 257.721
3785 345.56 250.46
3786 331.189 257.969
3787 337.843 259.723
3788 322.971 244.229
3789 345.065 257.721
3790 339.882 258.844
3791 336.633 258.621
3792 341.504 246.414
3793 347.954 241.998
3794 336.071 255.969
3795 334.831 247.798
3796 336.119 247.415
3797 330.55 252
3798 345.022 254.804
3799 330.379 250.496
3800 340.007 261.151
3801 336.068 254.476
3802 335.297 248.495
3803 341.623 255.904
3804 339.853 254.496
3805 333.729 257.418
3806 322.087 259.442
3807 341.92 264.983
3808 321.604 256.09
3809 360.247 258.476
3810 330.264 245.601
3811 325.122 255.088
3812 325.791 260.496
3813 336.119 244.487
3814 332.558 250.801
3815 326.043 261.381
3816 352.041 261.247
3817 335.28 249.355
3818 336.877 253.898
3819 349.274 254.929
3820 336.385 256.842
3821 332.536 248.355
3822 333.611 257.496
3823 333.047 252.139
3824 352.433 262.362
3825 345.485 254.929
3826 339.678 252.992
3827 347.986 263.477
3828 337.283 258.418
3829 342.964 251.46
3830 335.812 252.824
3831 339.893 260.877
3832 324.523 259.952
3833 333.721 253.992
3834 345.065 242.178
3835 335.607 252.929
3836 330.593 254.433
3837 334.568 257.496
3838 338.881 264.244
3839 339.769 253.085
3840 354.975 247.927
3841 325.122 255.241
3842 334.963 256.842
3843 337.981 250.188
3844 346.246 258.807
3845 341.825 247.132
3846 346.886 245.835
3847 340.097 255.764
3848 335.628 258.244
3849 345.612 252.873
3850 331.057 250.5
3851 336.575 260.246
3852 336.736 262.383
3853 333.871 247.483
3854 333.197 251.553
3855 350.049 253.192
3856 342.673 248.66
3857 337.123 257.806
3858 352.375 248.992
3859 338.876 257.806
3860 335.462 256.875
3861 344.404 252.903
3862 334.066 249.355
3863 337.123 247.968
3864 338.036 259.287
3865 342.775 250.982
3866 346.41 259.496
3867 342.627 245.129
3868 336.458 262.846
3869 350.343 252.357
3870 338.201 245.414
3871 332.907 255.617
3872 332.824 250.488
3873 337.52 257.806
3874 330.491 251.281
3875 335.204 249.355
3876 346.02 252.903
3877 339.882 250.416
3878 338.755 262.992
3879 341.312 251.476
3880 353.044 254.142
3881 334.172 263.515
3882 344.945 251.714
3883 336.975 259.5
3884 342.964 259.199
3885 354.797 256.998
3886 353.592 250.958
3887 332.716 257.721
3888 335.212 248.837
3889 335.212 253.874
3890 339.544 253.488
3891 336.633 245.805
3892 331.459 257.969
3893 343.698 259.419
3894 342.6 255.67
3895 352.182 252.992
3896 340.082 251.929
3897 335.28 244.475
3898 336.936 234.989
3899 346.237 248.992
3900 327.971 236.981
3901 334.716 256.501
3902 340.943 259.969
3903 328.265 249.279
3904 354.011 257.983
3905 332.503 252
3906 331.057 261.5
3907 333.922 256.144
3908 344.225 251.137
3909 338.644 264.204
3910 345.63 266.293
3911 339.131 255.5
3912 353.252 249.187
3913 358.057 247.927
3914 346.533 252.761
3915 357.284 243.475
3916 355.438 248.928
3917 324.9 278.596
3918 352.846 248.982
3919 342.476 248.711
3920 335.932 244.967
3921 342.964 264.085
3922 345.717 251.553
3923 357.596 254.476
3924 347.53 261.461
3925 332.739 259.392
3926 345.948 255.39
3927 344.36 250.992
3928 330.736 254.323
3929 342.775 255.284
3930 352.314 249.495
3931 328.892 256.297
3932 342.294 256.72
3933 336.999 267.421
3934 338.395 250.496
3935 330.194 259.998
3936 357.658 251.388
3937 347.954 260.877
3938 342.434 250.188
3939 341.782 257.325
3940 346.006 255.992
3941 343.698 260.845
3942 335.628 265.729
3943 335.708 253.752
3944 340.547 271.422
3945 343.01 269.983
3946 339.848 267.477
3947 346.107 250.32
3948 287.186 252.46
3949 341.504 256.5
3950 345.701 240.898
3951 341.667 253.488
3952 350.949 257.5
3953 341.886 253.998
3954 342.6 240.175
3955 335.072 263.291
3956 345.362 243.967
3957 348.488 252.715
3958 333.063 253.951
3959 345.362 256.324
3960 334.287 251.082
3961 332.366 251.356
3962 329.638 251.998
3963 337.842 256.144
3964 350.26 261.327
3965 348.937 252.612
3966 344.122 246.439
3967 340.391 250.354
3968 334.622 245.385
3969 336.144 247.982
3970 330.802 269.488
3971 339.467 241.495
3972 347.402 254.874
3973 340.943 255.496
3974 334.452 258.325
3975 315.728 262.461
3976 340.5 247.927
3977 336.838 256.93
3978 331.005 245.265
3979 347.677 253.496
3980 346.477 257.93
3981 342.231 261.677
3982 343.773 242.596
3983 345.128 250.855
3984 342.413 261.327
3985 342.342 241.413
3986 348.241 251.992
3987 339.131 252.321
3988 341.01 240.792
3989 326.887 247.499
3990 344.354 257.325
3991 350.574 263.452
3992 329.773 266.848
3993 344.298 248.992
3994 356.185 258.905
3995 345.235 254.496
3996 325.527 252.19
3997 346.981 255.969
3998 337.147 255.476
3999 349.42 254.992
4000 332.524 256.992
4001 340.223 249.279
4002 344.558 253.874
4003 342.013 252.992
4004 345.485 264.992
4005 340.215 250.872
4006 319.981 258.461
4007 341.64 261.201
4008 333.611 254.476
4009 336.077 255.417
4010 344.482 253.389
4011 326.748 253.389
4012 338.615 271.496
4013 338.969 252.139
4014 350.574 251.998
4015 316.177 246.386
4016 341.106 251.96
4017 348.956 259.095
4018 353.592 256.671
4019 318.683 257.905
4020 343.671 257.36
4021 327.687 259.095
4022 337.194 257.686
4023 329.591 253.282
4024 330.491 258.969
4025 334.172 264.992
4026 331.397 254.417
4027 338.395 248.902
4028 333.41 259.444
4029 343.693 255.764
4030 335.072 256.761
4031 343.555 250.95
4032 335.38 250.902
4033 343.562 254.904
4034 337.538 264.292
4035 335.204 250.46
4036 338.644 257.952
4037 333.365 270.211
4038 345.096 259.245
4039 350.885 253.557
4040 321.568 258.565
4041 333.931 254.929
4042 331.189 256.461
4043 349.538 254.323
4044 348.03 250.424
4045 355.077 254.998
4046 338.969 257.983
4047 351.181 251.982
4048 352.363 260.476
4049 346.254 262.983
4050 333.805 260.624
4051 325.472 245.707
4052 351.888 259.199
4053 323.017 250.02
4054 333.398 240.412
4055 336.749 258.418
4056 343.968 251.839
4057 335.455 252.282
4058 329.484 251.46
4059 342.939 260.676
4060 338.296 250.713
4061 341.227 252.67
4062 345.128 251.44
4063 345.022 255.5
4064 343.01 255.617
4065 333.617 249.712
4066 342.793 265.992
4067 327.805 254.433
4068 340.391 250.801
4069 348.99 253.898
4070 332.722 251.839
4071 342.111 257.5
4072 343.296 263.727
4073 352.041 250.902
4074 337.751 257.998
4075 331.26 252.476
4076 333.365 256.369
4077 341.596 257.146
4078 338.754 249.351
4079 341.661 242.413
4080 333.06 271.463
4081 339.399 258.227
4082 337.291 259.675
4083 344.572 251.356
4084 331.904 253.929
4085 346.139 252.496
4086 358.594 268.993
4087 338.926 263.998
4088 341.548 255.088
4089 330.817 258.844
4090 331.385 259.767
4091 342.473 258.325
4092 337.031 253.14
4093 346.886 253.389
4094 331.711 254.193
4095 336.345 250.08
4096 333.368 251.189
4097 327.585 258.441
4098 349.42 256.476
4099 340.758 258.876
4100 346.069 262.488
4101 333.398 251.44
4102 344.755 251.488
4103 341.763 257.496
4104 343.811 255.284
4105 343.764 256.441
4106 336.61 251.929
4107 330.908 259.808
4108 344.476 256.671
4109 339.65 248.485
4110 349.9 240.898
4111 336.754 265.443
4112 345.013 261.931
4113 340.823 253.44
4114 339.152 248.318
4115 330.938 256.476
4116 321.696 241.495
4117 345.633 255.951
4118 341.863 252.321
4119 333.563 253.389
4120 342.088 244.643
4121 340.858 261.769
4122 345.128 251.44
4123 337.031 254.969
4124 339.221 255.323
4125 348.246 258.766
4126 354.965 255.719
4127 343.58 257.196
4128 328.346 251.95
4129 345.832 248.656
4130 329.545 254.615
4131 346.41 265.39
4132 331.646 259.245
4133 340.547 253.904
4134 331.554 255.617
4135 340.404 257.391
4136 335.662 259.969
4137 354.683 250.424
4138 348.253 255.56
4139 349.643 263.443
4140 344.465 257
4141 355.117 258.147
4142 354.627 257.461
4143 345.361 263.811
4144 340.541 262.496
4145 343.479 254.028
4146 352.363 260.877
4147 338.464 250.982
4148 350.56 257.418
4149 332.554 258.952
4150 333.721 246.495
4151 349.428 266.908
4152 337.39 269.295
4153 337.147 248.415
4154 336.61 248.902
4155 341.549 253.496
4156 339.597 251.137
4157 344.476 260.998
4158 342.859 263.454
4159 335.678 257.992
4160 354.356 249.902
4161 347.333 251.929
4162 322.652 248.475
4163 344.093 252.282
4164 352.616 259.326
4165 338.573 251.388
4166 350.538 254.476
4167 337.291 247.837
4168 345.881 250.236
4169 333.489 252.488
4170 344.7 255.417
4171 339.997 251.189
4172 350.839 252.282
4173 344.232 249.495
4174 344.151 261.496
4175 348.99 257.969
4176 319.776 260.998
4177 338.541 249.199
4178 347.154 255.39
4179 341.743 247.901
4180 353.508 260.931
4181 332.818 252.416
4182 334.275 251.96
4183 349.445 251.839
4184 346.533 255.476
4185 348.144 258.992
4186 332.464 242.926
4187 329.545 254.291
4188 330.094 245.353
4189 351.844 253.496
4190 346.526 251.839
4191 339.848 254.417
4192 353.377 252.968
4193 348.775 257.672
4194 346.423 267.813
4195 345.235 242.704
4196 353.242 247.386
4197 350.574 246.982
4198 340.758 244.796
4199 344.354 257.418
4200 329.269 259.461
4201 349.243 251.802
4202 344.53 250.713
4203 340.852 264.462
4204 344.949 251.968
4205 333.197 256.09
4206 344.913 264
4207 352.386 252.84
4208 345.56 252.715
4209 350.808 256.998
4210 335.204 254.969
4211 325.621 258.905
4212 341.415 266.983
4213 339.399 254.969
4214 335.115 249.475
4215 335.41 252.488
4216 358.204 244.487
4217 332.986 262.393
4218 342.416 248.077
4219 347.349 243.499
4220 346.563 253.929
4221 336.975 263.443
4222 345.899 260.969
4223 347.033 251.488
4224 341.174 252.998
4225 354.797 252.873
4226 339.323 262.932
4227 333.237 257.843
4228 348.797 261.496
4229 330.2 255.359
4230 332.917 256.144
4231 343.828 258.244
4232 347.707 253.965
4233 335.022 254.417
4234 346.367 257.418
4235 344.865 256.437
4236 334.828 254.874
4237 338.001 247.95
4238 342.561 251.137
4239 328.898 244.315
4240 332.662 250.609
4241 349.274 250.839
4242 327.173 257.503
4243 337.461 252.357
4244 335.28 236.947
4245 346.027 257.36
4246 343.016 255.93
4247 334.746 250.713
4248 350.5 256.969
4249 346.981 255.46
4250 353.517 246.968
4251 345.868 249.279
4252 342.316 239.625
4253 349.082 256.39
4254 354.734 253.874
4255 334.81 248.902
4256 341.21 258.969
4257 342.215 248.495
4258 302.182 254.998
4259 349.634 254.488
4260 340.66 254.951
4261 333.207 257.969
4262 330.908 250.46
4263 335.178 245.992
4264 337.486 249.459
4265 347.163 253.026
4266 334.172 255.67
4267 338.845 250.579
4268 346.834 259.037
4269 348.99 264.97
4270 331.385 248.439
4271 343.907 254.717
4272 343.272 253.982
4273 336.754 236.924
4274 342.775 259.912
4275 338.996 248.185
4276 333.167 262.983
4277 332.554 263.462
4278 331.456 248.928
4279 326.178 261
4280 348.416 253.357
4281 341.311 250.5
4282 342.111 252.929
4283 337.423 252.951
4284 349.42 266.97
4285 345.427 248.387
4286 336.92 257.441
4287 319.945 254.951
4288 340.154 250.236
4289 326.308 253.417
4290 336.482 257.091
4291 336.214 252.321
4292 346.153 247.439
4293 347.566 262.952
4294 335.142 250.839
4295 328.5 253.969
4296 354.897 251.553
4297 339.853 258.496
4298 335.865 249.439
4299 333.284 256.144
4300 341.855 267.953
4301 338.219 266.998
4302 346.335 250.44
4303 336.936 243.315
4304 340.166 258.476
4305 328.25 260.246
4306 343.22 254.193
4307 351.648 248.871
4308 339.221 261.677
4309 334.172 258.035
4310 341.76 256.805
4311 334.287 247.354
4312 326.259 242.949
4313 331.27 249.902
4314 351.359 258.969
4315 343.348 243.926
4316 337.58 252.282
4317 326.576 257.952
4318 337.461 250.902
4319 322.878 253.874
4320 327.629 263.496
4321 342.888 245.495
4322 349.494 252.992
4323 335.747 255.5
4324 348.241 258.147
4325 334.622 257.441
4326 345.022 263
4327 339.286 260.676
4328 326.435 258.287
4329 349.106 253.667
4330 344.42 259.969
4331 341.447 254.46
4332 332.28 251.189
4333 319.69 245.967
4334 317.802 251.95
4335 340.69 250.388
4336 339.199 257.952
4337 344.016 255.488
4338 333.468 257.5
4339 335.374 247.318
4340 343.016 248.757
4341 345.078 266.86
4342 338.748 252.389
4343 323.612 256.031
4344 334.658 254.668
4345 346.329 255.969
4346 337.031 255.902
4347 327.238 255.088
4348 330.599 250.08
4349 408.848 256.805
4350 351.547 260.15
4351 345.769 255.46
4352 344.019 254.049
4353 344.199 255.194
4354 352.183 256.969
4355 344.865 251.189
4356 353.435 265.496
4357 332.366 261.392
4358 325.254 256.359
4359 340.55 252.44
4360 350.16 251.839
4361 340.858 263.329
4362 331.005 253.803
4363 346.364 246.982
4364 349.643 251.929
4365 343.319 268.849
4366 338.969 259.442
4367 333.563 260.569
4368 340.933 244.875
4369 331.983 261.419
4370 346.069 253.874
4371 342.228 255.241
4372 345.096 258.998
4373 310.142 241.702
4374 328.451 257.806
4375 335.693 249.459
4376 334.275 241.833
4377 344.697 256.242
4378 354.522 260.998
4379 341.661 258.198
4380 341.76 248.711
4381 354.243 258.488
4382 327.582 253.288
4383 344.375 246.382
4384 338.644 248.711
4385 332.22 261.998
4386 327.121 248.487
4387 340.682 246.459
4388 352.114 262.29
4389 337.408 252.416
4390 337.461 260.246
4391 351.064 255.764
4392 323.778 255.875
4393 336.838 245.414
4394 347.708 252.139
4395 348.878 247.95
4396 344.298 249.992
4397 350.708 249.998
4398 335.455 250.928
4399 332.95 249.487
4400 347.007 249.235
4401 339.287 251.416
4402 339.853 255.39
4403 340.823 260.461
4404 340.306 255.67
4405 338.522 261.931
4406 341.01 253.762
4407 342.416 252.389
4408 346.133 250.236
4409 342.294 254.969
4410 333.527 255.969
4411 331.189 254.763
4412 342.695 250.08
4413 340.933 244.008
4414 353.644 250.44
4415 326.233 254.615
4416 335.969 246.475
4417 342.215 251.5
4418 350.959 255
4419 332.907 247.475
4420 330.908 261.931
4421 333.107 257.146
4422 349.082 255.719
4423 335.932 250.5
4424 338.384 257.488
4425 348.174 259.998
4426 343.358 245.797
4427 342.508 252.802
4428 332.009 255.5
4429 322.152 249.956
4430 335.291 255.875
4431 339.688 256.805
4432 335.833 255.359
4433 346.069 249.838
4434 340.47 263.811
4435 330.705 254.389
4436 345.855 258.807
4437 338.316 254.829
4438 345.155 242.273
4439 337.074 256.285
4440 334.373 251.929
4441 345.326 253.44
4442 332.869 260.361
4443 358.262 254.283
4444 339.208 253.357
4445 347.82 253.211
4446 333.91 251.356
4447 354.356 262.29
4448 338.686 254.992
4449 345.612 251.873
4450 351.373 260.442
4451 345.33 242.475
4452 341.106 251.496
4453 336.183 249.495
4454 328.974 247.837
4455 332.464 266.364
4456 343.358 251.496
4457 335.455 247.184
4458 335.732 263.249
4459 348.478 260.877
4460 342.219 249.608
4461 342.689 253.44
4462 344.533 246.475
4463 320.05 246.276
4464 341.863 262.998
4465 335.007 254.441
4466 352.505 257.243
4467 337.291 249.758
4468 337.212 258.969
4469 341.825 267.774
4470 334.855 247.952
4471 329.727 262.846
4472 340.943 267.462
4473 351.248 250.46
4474 336.018 251.968
4475 331.745 262.846
4476 359.498 255.93
4477 339.617 254.763
4478 347.436 250.46
4479 352.846 257.952
4480 334.066 259.419
4481 325.653 251
4482 346.335 253.085
4483 332.009 257.905
4484 334.111 248.871
4485 342.929 252.5
4486 343.366 258.244
4487 343.118 251.022
4488 357.744 258.93
4489 342.342 257.461
4490 345.078 263.811
4491 342.946 256.242
4492 349.833 260.15
4493 306.655 247.075
4494 336.119 255.323
4495 335.212 252.208
4496 346.925 264.443
4497 334.287 253.5
4498 333.014 254.441
4499 337.639 241.33
4500 340.889 252.416
4501 337.519 255.488
4502 331.564 254.763
4503 335.747 262.442
4504 343.016 252.982
4505 342.508 260.808
4506 329.545 263.42
4507 340.391 257.418
4508 336.754 254.323
4509 342.859 252.666
4510 333.676 257.806
4511 335.061 243.9
4512 341.157 251.873
4513 342.939 254.763
4514 344.482 240
4515 346.006 245.01
4516 347.82 256.562
4517 346.098 266.998
4518 349.156 255.998
4519 317.534 263.992
4520 332.364 258.969
4521 340.547 255.982
4522 326.888 255.992
4523 343.061 250.902
4524 349.243 268.395
4525 343.862 252.982
4526 341.614 244.869
4527 336.936 258.969
4528 329.7 253.496
4529 337.962 267.983
4530 345.786 249.982
4531 343.235 252.951
4532 333.844 252.84
4533 341.886 254.951
4534 329.924 248.016
4535 334.139 255.617
4536 351.178 255.764
4537 330.825 259.969
4538 336.281 260
4539 337.031 249.968
4540 344.465 260.998
4541 341.504 251.714
4542 345.977 255.969
4543 331.715 260.724
4544 340.525 258.876
4545 356.968 255.441
4546 343.061 268.488
4547 344.569 262.42
4548 330.808 256.39
4549 344.006 253
4550 339.286 251.44
4551 332.671 261.725
4552 343.479 254.874
4553 338.077 257.391
4554 338.845 260.5
4555 339.199 261.327
4556 337.396 257.62
4557 340.223 256.437
4558 342.929 235.427
4559 339.04 256.285
4560 330.357 251.873
4561 336.633 259.392
4562 342.228 247.992
4563 335.821 255.951
4564 341.227 259.442
4565 340.166 250.44
4566 347.891 252.761
4567 337.981 255.39
4568 354.511 262.153
4569 345.612 265.488
4570 333.368 259.877
4571 337.212 253.282
4572 334.604 244.706
4573 342.013 256.285
4574 328.694 263.496
4575 335.571 254.283
4576 336.863 244.998
4577 345.207 248.968
4578 335.662 251.476
4579 348.109 254.929
4580 335.662 246.012
4581 334.186 253.322
4582 346.069 257.952
4583 332.464 246.459
4584 336.749 260.772
4585 335.142 255.969
4586 341.504 259.419
4587 343.523 251.839
4588 338.541 250.488
4589 339.588 252.389
4590 343.475 252.962
4591 362.668 247.653
4592 344.517 245.707
4593 355.256 252.024
4594 338.538 256.324
4595 348.286 255.56
4596 349.239 262.992
4597 341.661 252.46
4598 337.486 246.836
4599 336.754 256.969
4600 343.147 253.898
4601 345.471 254.417
4602 350.708 260.461
4603 342.143 250.416
4604 344.151 254.498
4605 335.291 257.196
4606 332.907 261.477
4607 342.294 258.147
4608 331.521 241.595
