0 1 1
1 365.027 261.247
2 365.582 252.286
3 357.441 265.462
4 356.903 253.417
5 362.044 259.767
6 352.446 261.151
7 359.579 260.419
8 354.373 254.389
9 367.336 250.49
10 357.793 250.32
11 353.517 262.461
12 359.753 255.417
13 365.513 248.387
14 366.811 267.998
15 355.277 273.463
16 357.386 261.626
17 354.467 253.44
18 353.621 264.496
19 374.273 265.443
20 364.598 264.204
21 366.34 260.096
22 351.955 259.977
23 365.144 258.523
24 355.733 262.45
25 358.522 248.234
26 360.837 256.144
27 353.27 249.355
28 362.011 257.876
29 364.598 268.954
30 365.926 246.232
31 355.193 249.608
32 366.148 253.803
33 361.663 256.562
34 357.055 253.841
35 369.221 254.417
36 357.2 255.359
37 362.014 253.969
38 372.093 267.998
39 362.138 247.475
40 363.924 259.567
41 356.441 257.5
42 364.353 248.499
43 358.777 250.992
44 362.678 251.492
45 374.098 265.729
46 352.179 245.797
47 359.893 255.417
48 363.571 251.356
49 357.659 255.875
50 364.14 254.323
51 371.354 254.323
52 361.796 264.879
53 363.304 255.488
54 359.444 256.72
55 363.461 241.35
56 360.125 256.476
57 358.204 251.664
58 362.243 241.833
59 355.9 242.704
60 357.386 247.386
61 345.701 255.982
62 358.845 251.476
63 370.61 249.319
64 362.301 248.982
65 373.613 262.328
66 370.533 259.844
67 359.201 260.392
68 360.211 261.488
69 370.254 264.394
70 365.229 252.929
71 354.522 264.879
72 371.408 256.842
73 350.708 242.066
74 367.791 246.708
75 375.827 259.496
76 351.74 253.614
77 376.423 260.419
78 359.121 250.928
79 366.393 260.931
80 350.611 253.841
81 354.275 259.842
82 354.965 259.245
83 361.129 257.969
84 363.413 251.476
85 374.884 261.461
86 366.06 251.76
87 358.204 252.715
88 353.044 254.929
89 373.17 256.969
90 353.353 253.969
91 367.43 255.496
92 371.758 260.768
93 348.569 252.389
94 365.582 252.321
95 365.478 256.501
96 365.582 253.43
97 353.972 262.932
98 353.857 250.28
99 376.183 264.25
100 360.641 260.379
101 359.912 249.459
102 364.685 249.018
103 348.798 247.495
104 354.318 257.876
105 356.823 256.982
106 354.33 262.477
107 379.834 255.998
108 361.762 250.236
109 355.408 264.25
110 358.195 255.366
111 359.597 238.897
112 349.628 256.992
113 354.965 253.716
114 357.519 263.97
115 356.655 257.998
116 356.637 251
117 356.441 245.601
118 351.74 258.969
119 359.444 253.496
120 362.566 249.902
121 358.391 248.982
122 363.962 256.359
123 359.633 256.441
124 369.899 251.839
125 362.381 247.798
126 366.078 258.476
127 355.733 261.157
128 346.788 252.083
129 359.85 244.9
130 365.82 257.144
131 358.117 246.927
132 364.417 257.765
133 344.608 256.992
134 363.12 254.389
135 343.795 244.475
136 376.768 254.982
137 362.762 257.476
138 369.394 252.496
139 360.855 258.287
140 296.5 263.462
141 355.831 250.5
142 338.429 262.362
143 362.138 257.441
144 368.152 244.409
145 351.286 244.385
146 356.293 260.246
147 366.486 249.8
148 365.683 255.764
149 352.739 255.719
150 351.812 242.868
151 370.246 249.487
152 357.795 265.477
153 362.91 256.441
154 373.336 250.759
155 360.211 254.969
156 357.2 257
157 361.918 246.708
158 360.205 247.982
159 358.986 253.929
160 347.373 244.998
161 353.368 248.992
162 371.792 255.241
163 364.685 249.487
164 375.983 248.711
165 360 249.902
166 349.445 255.93
167 367.936 263.443
168 364 249.982
169 361.309 249.387
170 358.204 253.496
171 350.999 246.992
172 343.907 249.415
173 363.595 254.998
174 353.907 248.757
175 359.555 259.983
176 352.403 243.834
177 364.14 266.443
178 350.391 244.796
179 348.543 254.028
180 357.642 249.998
181 359.55 261.477
182 374.977 260.392
183 361.953 251.929
184 354.275 252.761
185 357.323 252.761
186 350.247 263.291
187 366.47 252.802
188 352.179 249.187
189 371.961 251.96
190 352.95 260.952
191 356.02 257.721
192 356.983 259.983
193 352.266 250.44
194 365.709 257.983
195 361.455 250.28
196 361.859 262.29
197 366.483 258.93
198 354.638 255.998
199 363.169 257.806
200 355.528 254.615
201 365.602 259.931
202 363.772 262.572
203 344.019 256.39
204 351.75 253.496
205 355.286 259.392
206 355.199 251.76
207 362.678 265.5
208 348.827 266.88
209 360.555 251.802
210 381.678 262.932
211 355.077 263.811
212 345.132 249.235
213 358.028 263.998
214 355.408 258.374
215 350.391 261.983
216 354.192 252.968
217 342.901 248.133
218 354.467 259.245
219 353.972 259.095
220 360.205 261.442
221 353.186 251.416
222 367.617 263.97
223 366.614 266.252
224 353.966 247.952
225 366.377 254.804
226 353.409 253.969
227 350.949 255.194
228 350.12 236.614
229 355.438 256.476
230 361.208 255.951
231 387.969 258.287
232 344.07 258.722
233 350.632 244.998
234 350.839 258.391
235 349.274 253.322
236 354.278 248.459
237 367.342 248.475
238 368.435 256.195
239 364.538 265.443
240 366.332 248.355
241 364.867 254.142
242 308.885 246.982
243 355.652 257.286
244 361.796 248.902
245 352.266 258.244
246 339.853 243.949
247 359.201 261.769
248 348.039 248.185
249 367.317 250.968
250 355.978 254.46
251 350.174 254.24
252 359.489 268.477
253 372.093 267.496
254 370.327 260.931
255 362.957 252.208
256 351.568 253.667
257 463.31 261.5
258 344.199 251.839
259 364.927 245.9
260 352.81 263.847
261 358.117 253.417
262 354.522 264.496
263 364.413 261.496
264 361.309 257.905
265 348.597 251.492
266 353.098 246.386
267 367.038 251.46
268 359.667 263.852
269 372.161 258.461
270 356.317 246.459
271 363.676 259.977
272 349.274 256.998
273 368.982 256.461
274 362.602 254.982
275 340.858 255.969
276 363.765 250.95
277 358.909 247.439
278 358.218 247.935
279 360.23 250.188
280 352.624 262.992
281 364.922 256.72
282 359.525 263.496
283 361.796 261.906
284 357.195 265.908
285 356.124 248.982
286 353.621 259.287
287 370.155 257.325
288 345.652 256.476
289 364.556 246.386
290 363.868 249.459
291 359.667 249.872
292 360.4 239.831
293 359.917 257.765
294 362.678 253.496
295 356.511 257.93
296 356.185 260.877
297 353.432 252.488
298 364.225 262.77
299 345.361 257.837
300 360.755 261.5
301 374.294 247.798
302 358.484 245.231
303 368.244 253.239
304 362.218 264.879
305 348.797 246.87
306 373.17 255.435
307 352.914 254.46
308 367.317 254.992
309 364.387 254.904
310 367.336 258
311 358.447 259.461
312 353.894 260.845
313 347.402 244.796
314 375.959 253.488
315 366.393 248.968
316 363.346 253.762
317 375.92 250.496
318 355.311 243.315
319 337.842 263.879
320 361.737 258.807
321 347.707 253.762
322 358.845 258.461
323 361.065 255.93
324 360.45 243.495
325 347.62 251.664
326 367.317 258.952
327 348.698 259.476
328 362.921 254.982
329 367.75 248.711
330 355.193 250.95
331 363.048 249.902
332 361.895 249.439
333 358.777 262.97
334 361.378 251.553
335 361.501 251.76
336 370.934 255.39
337 370.254 262.29
338 362.91 255.194
339 355.161 251.46
340 364.814 270.366
341 357.29 248.016
342 360.104 256.951
343 357.19 250.759
344 352.183 243.274
345 360.493 248.95
346 363.359 250.992
347 354.648 252.555
348 366.47 255.875
349 346.843 255.284
350 368.862 249.838
351 344.608 240.998
352 364.678 253.282
353 356.738 251.321
354 351.696 249.992
355 371.08 250.356
356 360.452 242.926
357 351.359 251.76
358 353.368 256.496
359 354.175 254.193
360 373.095 257.439
361 363.673 243.315
362 363.978 254.558
363 359.099 247.417
364 360.117 254.323
365 373.632 263.97
366 346.687 249.8
367 362.91 246.658
368 349.72 251.714
369 363.318 242.273
370 363.22 260.476
371 368.608 263.496
372 368.244 252.84
373 351.397 257.905
374 348.99 255.476
375 350.542 259.952
376 370.443 252.992
377 345.578 251.488
378 352.783 255.476
379 371.871 254.969
380 355.978 244.796
381 361.53 251.022
382 356.655 256.875
383 364.744 261.725
384 346.7 258.998
385 360.304 258.035
386 352.95 249.355
387 366.786 252.238
388 349.445 246.459
389 358.295 243.869
390 368.494 256.418
391 360.104 256.09
392 350.905 257.36
393 367.696 247.354
394 352.363 253.43
395 367.396 258.434
396 353.069 253.46
397 356.98 257.721
398 353.394 258.36
399 354.192 248.606
400 368.155 263.771
401 374.231 256.905
402 350.343 254.992
403 342.561 257.952
404 358.128 247.95
405 363.208 247.499
406 360.837 256.905
407 353.007 263.42
408 362.011 242.384
409 349.929 228.945
410 356.786 254.358
411 364.598 252.749
412 359.775 255.441
413 363.384 255.969
414 272.114 253.417
415 355.377 250.354
416 354.965 259.808
417 357.827 256.951
418 366.033 260.837
419 347.138 246.881
420 373.979 261.952
421 364.464 247.075
422 364.873 259.149
423 354.076 236.789
424 368.344 249.235
425 364.106 254.874
426 353.17 258.807
427 353.555 266.993
428 353.712 251.416
429 359.395 251.416
430 356.185 252.84
431 317.632 254.496
432 360.527 260.914
433 355.049 255.029
434 354.631 259.488
435 343.235 256.835
436 361.237 256.842
437 359.395 250.388
438 369.286 254.804
439 348.594 259.983
440 333.41 257.765
441 361.378 254.476
442 358.575 257.441
443 351.648 253.14
444 336.632 254.46
445 349.364 245.231
446 349.538 250.819
447 353.918 250.713
448 362.921 260.419
449 354.463 247.901
450 359.11 255.992
451 372.083 259.931
452 359.335 254.441
453 368.795 246.353
454 354.175 258.674
455 352.062 256.057
456 359.299 243.705
457 362.381 252.666
458 354.102 255.982
459 361.796 240.271
460 358.94 250.551
461 360.789 254.829
462 360.444 245.412
463 350.808 252.024
464 359.444 263.443
465 359.893 247.901
466 335.833 249.487
467 360.304 261.983
468 362.566 259.326
469 465.201 252.282
470 372.717 248.871
471 368.239 237.897
472 363.318 254.951
473 352.914 257.391
474 369.711 254.717
475 343.513 254.5
476 355.644 247.318
477 301.533 251.321
478 355.204 252.84
479 369.389 256.764
480 359.753 248.278
481 362.902 248.415
482 356.427 253.476
483 354.072 252.286
484 378.788 255.359
485 343.671 253.803
486 358.994 259.496
487 358.544 250.44
488 352.624 258.909
489 361.953 255.496
490 362.678 248.799
491 363.048 258.969
492 358.748 253.44
493 356.11 251.416
494 363.962 252.042
495 343.631 253.282
496 354.188 250.416
497 363.297 259.5
498 363.846 269.97
499 365.229 257.441
500 368.435 258.844
501 348.144 254.389
502 361.602 254.323
503 370.805 251.022
504 452.106 249.928
505 364.125 249.95
506 373.877 254.433
507 377.015 254.134
508 350.451 254.488
509 373.336 259.442
510 373.972 251.356
511 352.505 250.743
512 362.921 251.388
513 344.767 253.026
514 358.438 249.872
515 352.851 256.805
516 369.529 246.459
517 353.186 260.392
518 352.727 260.392
519 363.916 245.982
520 359.299 254.841
521 365.144 246.982
522 363.691 262.627
523 354.593 247.837
524 346.583 260.509
525 354.511 258.93
526 356.651 256.992
527 365.075 250.388
528 366.005 252.476
529 373.758 259.392
530 357.441 251.714
531 367.14 255.982
532 362.533 264.772
533 352.891 255.088
534 366.881 243.982
535 358.544 256.992
536 363.696 272.984
537 350.611 250.46
538 360.916 247.871
539 357.539 242.178
540 358.748 251.968
541 361.298 259.361
542 356.589 250.928
543 369.345 252.903
544 376.282 240.936
545 352.95 248.387
546 365.93 254.193
547 364.598 257.439
548 362.268 250.496
549 362.313 254.998
550 354.491 256.39
551 355.083 243.384
552 368.043 252.903
553 360.658 254.763
554 351.16 242.652
555 349.044 252.903
556 360.304 241.384
557 349.159 255.842
558 359.667 255.46
559 372.991 249.459
560 338.538 258.722
561 359.833 251.388
562 351.821 251.998
563 361.309 255.441
564 355.049 244.949
565 356.285 264.477
566 349.857 241.413
567 354.844 256.618
568 374.176 250.49
569 338.316 243.998
570 352.292 241.981
571 367.859 248.606
572 363.505 252.903
573 358.795 265.631
574 377.64 259.199
575 366.135 252.321
576 369.242 260.877
577 349.256 253.239
578 362.133 251.283
579 355.657 253.282
580 364.768 248.495
581 336.286 255.998
582 363.923 252.496
583 335.865 257.488
584 365.145 267.443
585 361.136 246.927
586 350.5 255.951
587 351.875 260.488
588 362.138 248.278
589 353.723 246.927
590 371.613 253.026
591 384.9 254.488
592 353.836 258.441
593 351.903 250.968
594 326.576 263.515
595 356.258 246.073
596 351.397 247.798
597 348.336 256.324
598 350.779 245.967
599 371.225 256.369
600 350.719 257.418
601 364.867 259.998
602 348.712 249.018
603 357.113 249.968
604 337.298 247.495
605 368.155 245.601
606 347.986 265.104
607 370.805 252.612
608 349.943 253.965
609 366.871 253.417
610 353.836 262.488
611 363.017 259.496
612 364.417 253.44
613 354.275 266.477
614 371.773 253.667
615 363.413 252.44
616 357.642 254.358
617 374.339 257.5
618 365.612 246.353
619 372.253 264.992
620 354.728 254.841
621 363.868 251.321
622 351.909 251.189
623 356.533 244.07
624 359.667 251.44
625 347.34 263.97
626 368.608 253.43
627 368.837 254.441
628 373.455 254.441
629 359.395 248.757
630 348.246 256.285
631 357.743 252.496
632 361.649 251.929
633 355.528 248.475
634 353.368 253.904
635 352.616 246.755
636 345.207 249.459
637 362.997 259.476
638 363.304 254.142
639 348.103 251.998
640 342.316 255.982
641 344.972 251.189
642 355.789 247.184
643 358.484 263.97
644 351.888 248.318
645 361.298 243.499
646 361.758 257.391
647 364.464 250.49
648 360.4 252.802
649 355.733 253.192
650 354.175 254.193
651 363.136 241.384
652 344.572 246.475
653 366.06 255.832
654 362.678 251.839
655 357.771 257.36
656 367.61 248.459
657 355.978 237.057
658 358.544 256.324
659 363.467 245.9
660 362.011 255.805
661 352.783 251.44
662 369.5 264.394
663 362.115 246.927
664 354.638 255.805
665 352.851 244.495
666 361.92 252.992
667 360.583 262.29
668 362.843 271.934
669 357.743 244.753
670 359.555 253.43
671 366.328 249.95
672 361.215 264.908
673 357.642 250.928
674 352.165 252.496
675 359.099 257.876
676 356.66 259.931
677 360.304 249.928
678 363.413 252.715
679 359.299 248.711
680 368.435 264.772
681 358.83 240.967
682 362.215 250.579
683 354.521 264.517
684 366.517 256.971
685 350.936 249.387
686 369.703 253.496
687 357.323 245.01
688 367.818 242.794
689 359.291 258.93
690 354.593 251.321
691 369.478 252.46
692 360.493 256.242
693 365.027 257.806
694 353.186 254.904
695 354.047 251.388
696 351.379 242.949
697 358.748 249.319
698 428.987 239.748
699 359.667 254.804
700 357.542 247.798
701 359.11 245.459
702 362.864 256.72
703 360.755 256.324
704 361.953 254.087
705 362.381 249.992
706 359.881 260.979
707 360.555 248.799
708 356.979 252.873
709 357.866 262.983
710 350.428 250.32
711 348.441 254.358
712 357.055 254.496
713 370.707 256.488
714 352.739 252.929
715 350.391 257.196
716 359.85 257.721
717 338.316 258.952
718 348.827 247.71
719 369.175 253.14
720 365.82 245.707
721 360.67 254.717
722 334.419 255.67
723 375.77 257.286
724 365.459 248.711
725 341.661 250.839
726 363.384 257.564
727 358.484 251.137
728 367.14 254.594
729 341.601 249.018
730 356.415 251.46
731 362.068 252.496
732 364.922 251.496
733 355.28 255.137
734 355.644 253.841
735 350.086 247.354
736 343.22 253.357
737 356.124 252.968
738 358.83 258.461
739 364.323 249.928
740 366.314 248.349
741 367.281 249.712
742 361.378 259.287
743 362.381 259.507
744 358.777 257.93
745 352.429 254.841
746 358.748 249.928
747 366.426 260.419
748 371.613 264.42
749 375.702 255.029
750 362.921 244.127
751 371.626 253.874
752 359.395 252.802
753 362.977 250.5
754 367.396 258.766
755 365.513 248.234
756 357.488 238.86
757 349.385 255.719
758 347.53 251.356
759 350.166 252.555
760 344.801 252.992
761 365.13 249.982
762 353.621 254.841
763 355.831 248.606
764 360.125 262.907
765 364.225 254.441
766 340.889 250.992
767 373.135 246.755
768 358.295 261.151
769 361.109 261.769
770 345.682 258.36
771 357.866 246.797
772 361.347 246.992
773 348.845 261.952
774 359.989 249.439
775 366.148 237.857
776 361.684 257.196
777 353.631 256.805
778 367.236 255.982
779 362.566 254.488
780 355.421 256.982
781 356.02 250.759
782 361.006 252.5
783 359.224 258.461
784 349.485 252.968
785 355.869 254.193
786 358.262 240.925
787 365.595 247.901
788 360.294 260.288
789 359.489 246.968
790 337.031 249.459
791 365.68 253.322
792 360.036 250.28
793 361.53 259.037
794 366.033 247.475
795 356.651 249.608
796 362.533 255.359
797 359.689 258.441
798 350.154 267.849
799 359.065 255.56
800 356.637 255.435
801 361.953 247.901
802 369.5 245.414
803 366.614 271.882
804 356.192 260.845
805 362.458 259.844
806 361.587 257.325
807 369.085 256.359
808 382.186 260.877
809 356.945 254.389
810 363.249 260.419
811 372.937 251.992
812 368.321 258.488
813 358.986 247.798
814 355.121 252.46
815 372.351 244.499
816 360.062 242.751
817 349.256 252.321
818 369.529 249.187
819 371.792 246.755
820 371.405 257.496
821 363.142 259.361
822 354.415 253.716
823 355.472 249.355
824 367.236 259.326
825 362.74 237.382
826 355.18 250.551
827 374.339 251.281
828 362.864 255.998
829 378.291 252.84
830 362.957 247.982
831 355.472 245.835
832 365.869 243.228
833 367.693 254
834 370.805 251.873
835 366.078 259.068
836 351.346 249.319
837 368.341 254.087
838 351.454 264.443
839 358.748 257.843
840 359.437 251.929
841 358.845 247.837
842 355.117 255.496
843 347.42 251.76
844 372.95 246.459
845 356.903 246.495
846 361.129 258.844
847 355.161 248.475
848 350.343 260.2
849 367.693 259.392
850 360.6 248.487
851 353.186 252.587
852 352.969 259.361
853 362.271 248.982
854 363.048 255.284
855 362.353 255.902
856 359.525 247.927
857 370.991 258.461
858 356.197 249.968
859 361.561 248.928
860 365.926 255.488
861 356.567 258.441
862 342.053 244.869
863 364.796 259.877
864 362.381 247.495
865 353.368 254.967
866 369.703 264.517
867 366.122 258.992
868 359.881 253.614
869 374.339 257.806
870 361.298 256.992
871 348.99 243.315
872 359.671 242.94
873 368.155 252.024
874 355.632 262.42
875 363.765 252.083
876 349.943 255.511
877 363.665 252.46
878 345.808 258.905
879 356.931 262.538
880 365.928 248.968
881 347.073 258.5
882 374.614 261.496
883 351.111 250.902
884 335.204 247.354
885 357.088 262.97
886 340.758 242.473
887 372.696 245.949
888 354.584 255.441
889 366.856 259.149
890 350.371 252.982
891 360.789 246.353
892 363.504 264.879
893 357.29 266.52
894 358.204 259.287
895 344.07 262.878
896 373.268 263
897 349.494 262.362
898 352.749 243.992
899 361.569 256.476
900 352.829 250.992
901 362.843 255.67
902 357.386 248.813
903 358.204 258.992
904 371.159 248.66
905 359.372 250.46
906 356.476 253.239
907 358.295 250.743
908 356.735 251.46
909 363.765 250.32
910 355.972 253.357
911 365.803 250.968
912 350.423 256.969
913 360.837 243.949
914 363.665 248.902
915 363.413 245.967
916 359.833 262.362
917 360.855 251.95
918 369.95 252.238
919 364.576 253.961
920 355.652 249.355
921 354.275 255.904
922 371.074 264.992
923 345.022 261.236
924 345.327 265.848
925 361.298 252.024
926 350.428 242.899
927 361.455 254.874
928 350.256 257.091
929 359.912 260.931
930 355.408 252.282
931 353.069 244.835
932 368.597 247.927
933 371.214 249.499
934 363.029 260.906
935 358.028 240.898
936 334.376 261.725
937 351.263 254.982
938 362.839 253.46
939 361.082 256.437
940 372.838 244.385
941 357.989 242.868
942 355.377 252.666
943 362.843 262.29
944 364.922 262.77
945 365.327 250.839
946 361.801 255.969
947 348.797 246.414
948 360.555 249.66
949 368.068 257.325
950 351.5 266.331
951 349.716 250.801
952 348.713 264.879
953 362.902 248.548
954 351.056 256.951
955 346.477 260.992
956 355.193 255.143
957 375.029 255.617
958 360.342 264.992
959 363.962 251.992
960 363.461 252.895
961 358.94 264.488
962 364.323 257.418
963 370.805 262.248
964 351.943 260.446
965 361.671 256.39
966 356.362 255.969
967 356.741 252.5
968 349.243 246.797
969 362.533 255.982
970 356.02 250.188
971 354.521 245.797
972 358.594 250.663
973 353.353 256.285
974 357.113 249.487
975 377.836 263.907
976 365.772 256.93
977 351.437 249.277
978 357.989 257.033
979 460.982 255.421
980 357.088 257.765
981 352.505 251.237
982 357.284 248.954
983 356.205 240.593
984 362.864 247.968
985 352.718 253.5
986 350.371 255.46
987 366.974 262.5
988 364.336 256.359
989 357.024 252.715
990 365.056 243.943
991 351.261 255.421
992 307.246 257.461
993 362.668 248.548
994 356.317 254.929
995 366.871 267.253
996 363.098 257.62
997 356.02 260.992
998 364.336 252.389
999 360.036 253.716
1000 361.123 258.476
1001 348.624 253.59
1002 361.109 249.235
1003 371.51 250.424
1004 368.168 265.729
1005 342.876 255.323
1006 366.775 262.099
1007 343.22 251.611
1008 360.267 246.183
1009 366.587 269.954
1010 354.415 253.992
1011 372.168 253.239
1012 346.83 234.521
1013 344.972 253.557
1014 359.489 262.679
1015 361.497 260.488
1016 371.712 252.389
1017 346.477 259.842
1018 363.923 258.36
1019 354.734 246.797
1020 369.895 248.982
1021 368.89 262.42
1022 341.596 243.869
1023 365.688 255.417
1024 348.241 254.291
1025 351.716 262.679
1026 354.467 255.284
1027 345.413 258.461
1028 365.034 252.321
1029 357.744 257.391
1030 369.529 253.904
1031 370.254 256.951
1032 357.571 259.245
1033 367.617 252.982
1034 366.377 254.142
1035 359.121 263.998
1036 357.542 265.983
1037 360.125 257.765
1038 354.102 258.905
1039 366.741 244.796
1040 358.986 253.282
1041 360.658 246.276
1042 338.727 252.139
1043 357.097 256.324
1044 369.324 249.475
1045 359.893 241.413
1046 347.997 249.998
1047 361.006 236.267
1048 355.421 253.357
1049 347.793 248.928
1050 346.254 248.387
1051 368.341 253.389
1052 345.242 250.488
1053 362.458 253.898
1054 355.737 260.906
1055 365.926 248.439
1056 352.165 254.5
1057 372.29 255.679
1058 367.617 256.285
1059 362.133 255.832
1060 368.011 258.722
1061 360.67 249.319
1062 338.316 253.904
1063 355.256 252.083
1064 358.094 259.326
1065 355.472 254.488
1066 351.888 257.146
1067 331.497 253.44
1068 353.542 257.998
1069 366.06 255.137
1070 364.14 250.188
1071 360.117 250.663
1072 361.451 264.363
1073 356.476 250.551
1074 356.317 243
1075 361.309 257.441
1076 360.45 272.257
1077 353.432 247.968
1078 353.958 246.459
1079 352.891 259.983
1080 357.659 255.496
1081 338.018 258.244
1082 361.497 255.969
1083 363.136 249.55
1084 357.743 246.499
1085 340.776 244.655
1086 359.291 253.357
1087 364.777 260.931
1088 347.708 270.998
1089 355.978 256.285
1090 354.648 259.461
1091 357.19 251.416
1092 355.359 257.286
1093 362.011 256.805
1094 358.391 250.354
1095 364.814 249.712
1096 355.652 246.992
1097 348.956 260.624
1098 355.514 251.44
1099 341.358 247.386
1100 366.235 255.93
1101 368.687 251.839
1102 357.113 254.929
1103 361.501 253.389
1104 352.505 246.658
1105 354.072 249.487
1106 366.005 257.998
1107 471.404 260.419
1108 352.267 260.906
1109 367.936 258.488
1110 361.663 247.132
1111 359.45 250.579
1112 364.14 252.44
1113 454.957 252.824
1114 341.895 240
1115 357.881 270.851
1116 360.735 249.499
1117 363.978 253.557
1118 368.451 262.488
1119 361.602 249.992
1120 363.136 256.359
1121 376.032 259.419
1122 362.591 247.798
1123 358.38 249.608
1124 360.4 251.714
1125 354.511 246.495
1126 347.349 250.663
1127 356.637 248.992
1128 362.997 249.415
1129 365.852 252.951
1130 354.638 256.982
1131 359.121 262.042
1132 356.197 255.417
1133 372.516 246.708
1134 354.972 241
1135 356.285 258.844
1136 357.211 228.495
1137 361.84 249.544
1138 352.363 247.386
1139 362.843 256.805
1140 361.04 253.282
1141 355.978 246.276
1142 362.864 250.28
1143 348.797 253.716
1144 365.027 249.998
1145 357.989 253.192
1146 360.4 248.871
1147 360.6 241.868
1148 353.918 256.951
1149 358.128 247.132
1150 351.943 260
1151 349.803 259.675
1152 352.64 239.27
1153 360.949 256.461
1154 366.47 256.359
1155 363.461 265.42
1156 350.086 250.998
1157 357.323 249.816
1158 351.261 258.766
1159 343.968 253.496
1160 345.521 250.476
1161 365.453 257.837
1162 347.793 253.085
1163 370.505 245.316
1164 375.413 254.904
1165 351.781 260.379
1166 349.112 247.927
1167 372.304 257.36
1168 360.555 248.992
1169 375.464 256.72
1170 363.22 244.182
1171 352.094 260.288
1172 362.338 259.906
1173 360.444 253.46
1174 351.16 255.441
1175 352.094 254.46
1176 354.415 265.992
1177 358.484 252.282
1178 364.225 263.515
1179 378.451 268.295
1180 350.154 252.238
1181 366.033 258.418
1182 360.758 250.902
1183 358.994 240.35
1184 358.325 256.992
1185 353.585 247.798
1186 359.024 256.441
1187 365.877 266.683
1188 356.567 261.931
1189 354.521 255.39
1190 354.192 256.992
1191 354.734 253.904
1192 354.844 260.488
1193 365.97 261.04
1194 349.551 250.872
1195 353.555 261.878
1196 369.876 253.827
1197 354.175 243.998
1198 356.083 255.617
1199 360.677 241.793
1200 473.26 254.717
1201 356.197 246.012
1202 355.601 251.356
1203 346.432 243.943
1204 357.827 255.875
1205 340.758 258.93
1206 366.235 258.807
1207 356.836 246.232
1208 362.604 254.087
1209 360.755 246.881
1210 373.087 261.992
1211 349.285 260.419
1212 372.822 251.96
1213 363.665 254.755
1214 342.183 240.898
1215 350.936 259.496
1216 362.533 262
1217 371.855 253.357
1218 357.827 257.496
1219 334.736 253.969
1220 346.477 254.841
1221 364.873 256.982
1222 374.88 254.717
1223 358.748 250.5
1224 347.914 257.843
1225 369.8 260.808
1226 362.997 256.875
1227 354.189 244.07
1228 354.965 252.982
1229 351.713 265.88
1230 355.82 246.475
1231 369.602 248.548
1232 357.841 259.361
1233 365.582 248.799
1234 365.683 257.36
1235 361.04 243.705
1236 371.249 249.499
1237 376.638 253.417
1238 358.845 248.982
1239 357.729 259.326
1240 356.533 258.722
1241 349.339 255.241
1242 365.422 260.15
1243 362.673 254.874
1244 352.136 249.421
1245 361.561 254.5
1246 364.323 257.983
1247 348.441 253.874
1248 377.094 257.286
1249 357.48 257.843
1250 370.4 256.39
1251 358.845 249.415
1252 349.604 248.606
1253 356.931 252.951
1254 342.413 267.051
1255 352.182 261.769
1256 352.739 256.496
1257 361.237 252.968
1258 352.292 259.488
1259 352.891 252.873
1260 353.723 242.833
1261 360.555 262.328
1262 355.644 255.805
1263 371.792 249.439
1264 365.612 255.366
1265 379.817 250.188
1266 364.916 260.845
1267 365.852 261.448
1268 345.326 251.44
1269 362.74 249.758
1270 362.115 252.024
1271 368.239 250.488
1272 355.438 246.927
1273 374.367 243.869
1274 359.525 247.475
1275 354.728 258.5
1276 361.773 254.982
1277 352.429 254.476
1278 344.572 263.953
1279 360.452 250.902
1280 362.767 255.421
1281 360.329 248.871
1282 351.505 263.101
1283 360.304 251.5
1284 352.892 253.951
1285 360.658 264.488
1286 348.152 255.241
1287 359.099 259.5
1288 359.944 246.459
1289 353.73 247.927
1290 368.89 262.998
1291 353.368 247.277
1292 351.807 256.496
1293 340.655 260.952
1294 353.007 258.93
1295 367.592 248.968
1296 357.936 256.242
1297 350.45 252.389
1298 363.22 253.192
1299 360.755 248.711
1300 357.211 252.802
1301 363.505 257.5
1302 364.052 257.765
1303 373.17 261.983
1304 359.753 254.874
1305 360.562 254.193
1306 365.327 262.099
1307 359.505 257
1308 345.576 257.93
1309 366.232 248.415
1310 350.708 247.415
1311 352.182 254.24
1312 358.625 262.477
1313 353.394 248.871
1314 357.444 247.837
1315 358.94 252.208
1316 370.4 266.813
1317 353.918 259.305
1318 334.172 252.488
1319 350.154 264.292
1320 356.197 252.951
1321 364.509 253.841
1322 348.246 249.495
1323 348.838 250.136
1324 346.341 250.5
1325 375.296 261.151
1326 357.539 248.998
1327 356.09 253.951
1328 360.918 256.764
1329 365.056 250.28
1330 348.713 248.902
1331 359.201 252.024
1332 368.083 248.799
1333 351.733 256.461
1334 357.48 246.901
1335 344.877 259.675
1336 356.98 256.805
1337 312.829 253.929
1338 365.467 250.663
1339 362.338 257.391
1340 380.026 261.461
1341 361.859 255.67
1342 371.283 255.904
1343 363.136 253.803
1344 356.083 250.32
1345 355.359 260.906
1346 348.957 247.483
1347 365.781 248.95
1348 350.605 250.609
1349 361.684 247.318
1350 355.106 255.143
1351 368.752 254.5
1352 258.722 259.476
1353 352.884 239.224
1354 367.831 247.277
1355 365.39 255.875
1356 351.547 257.418
1357 380.557 251.873
1358 358.594 264.772
1359 347.171 255.359
1360 347.891 253.951
1361 347.931 247.901
1362 363.07 261.845
1363 358.057 261.906
1364 365.003 246.414
1365 354.559 247.014
1366 356.738 256.285
1367 346.7 256.905
1368 347.073 250.928
1369 353.73 250.356
1370 353.621 254.829
1371 350.905 255.5
1372 366.692 254.969
1373 353.958 254.358
1374 347.534 244.495
1375 360.677 246.87
1376 349.494 262.496
1377 364.14 250.356
1378 374.492 249.319
1379 352.182 248.419
1380 363.021 263.992
1381 371.871 252.903
1382 367.151 260
1383 364.027 255.5
1384 367.317 255.969
1385 369.221 252.024
1386 360.855 255.194
1387 357.433 253.982
1388 368.239 259.992
1389 363.048 251.982
1390 355.869 258.523
1391 357.055 259.326
1392 359.489 249.439
1393 360.45 258.36
1394 365.467 258.147
1395 348.937 253.14
1396 361.758 257.604
1397 363.409 252.903
1398 364.927 255.488
1399 342.215 246.012
1400 370.481 254.488
1401 297.918 263.363
1402 355.472 248.982
1403 378.418 257.418
1404 363.249 259.095
1405 358.447 248.485
1406 363.249 245.601
1407 376.032 255.359
1408 405.167 252.083
1409 355.587 258.287
1410 368.614 255.46
1411 352.829 261.983
1412 360.036 250.416
1413 345.683 255.764
1414 366.881 263.249
1415 357.423 253.965
1416 362.115 251.496
1417 375.277 258.244
1418 366.279 252.992
1419 357.301 251.95
1420 370.347 246.475
1421 357.113 246.544
1422 359.065 252.488
1423 358.664 260.327
1424 365.683 258.418
1425 356.836 254.193
1426 361.758 260.906
1427 367.57 255.969
1428 363.45 249.387
1429 352.616 252.968
1430 374.653 247.837
1431 366.232 260.969
1432 358.43 255.951
1433 357.2 256.618
1434 363.924 261.392
1435 370.563 256.905
1436 357.176 253.14
1437 372.083 262.362
1438 353.007 252.982
1439 365.852 250.44
1440 360.918 257.62
1441 365.513 260.845
1442 346.7 254.717
1443 351.397 257.476
1444 344.241 249.279
1445 365.746 248.799
1446 352.507 248.902
1447 354.522 263.044
1448 352.176 247.71
1449 351.812 252.024
1450 354.373 237.31
1451 368.614 246.232
1452 365.97 257.998
1453 359.525 255.617
1454 359.437 254.904
1455 345.33 255.323
1456 350.611 255.5
1457 358.295 261.496
1458 348.034 256.72
1459 350.839 255.982
1460 360.036 253.322
1461 350.808 246.232
1462 366.587 258.621
1463 352.727 245.495
1464 377.435 255.029
1465 347.62 259.906
1466 353.27 251.237
1467 346.477 250.663
1468 355.758 252.715
1469 364.922 252.84
1470 354.827 246.414
1471 360.735 248.928
1472 378.745 264.681
1473 356.853 256.441
1474 366.826 254.476
1475 358.028 247.271
1476 354.827 258.476
1477 359.335 250.08
1478 368.168 257.224
1479 368.782 252.666
1480 353.857 252.873
1481 351.713 254.929
1482 360.23 257.488
1483 347.163 254.087
1484 353.631 252.968
1485 355.472 256.324
1486 368.619 258.488
1487 363.742 250.5
1488 374.977 247.95
1489 357.055 252.929
1490 347.027 262.97
1491 354.584 245
1492 361.953 265.88
1493 349.364 253.969
1494 359.653 238.931
1495 349.703 257.969
1496 358.544 256.805
1497 344.797 253.614
1498 361.53 241.499
1499 363.021 256.369
1500 360.323 259.5
1501 369.221 254.558
1502 356.637 250.713
1503 351.723 258.325
1504 371.712 253.614
1505 347.692 242.926
1506 354.011 258.844
1507 355.733 251.929
1508 358.028 263.879
1509 357.969 258.969
1510 354.972 253.282
1511 352.263 260.461
1512 346.341 254.929
1513 366.235 252.416
1514 349.716 243.949
1515 364.073 263.78
1516 368.341 254.142
1517 362.678 248.711
1518 343.348 254.488
1519 368.168 256.761
1520 359.667 245.438
1521 348.838 258.302
1522 354.011 250.496
1523 357.323 254.417
1524 359.989 249.872
1525 359.633 255.143
1526 363.808 264.728
1527 350.885 249.928
1528 351.346 256.476
1529 362.392 252.357
1530 367.14 257.907
1531 351.807 250.08
1532 357.906 254.804
1533 358.845 256.881
1534 355.758 252.44
1535 364.323 255.323
1536 363.017 249.387
1537 350.036 254.929
1538 368.89 248.495
1539 361.758 264.102
1540 352.64 247.233
1541 365.003 252.44
1542 365.311 241.176
1543 355.831 252.84
1544 362.014 245.927
1545 358.994 250.46
1546 357.423 251.611
1547 365.311 245.265
1548 364.849 261.725
1549 478.181 252.982
1550 350.493 254.615
1551 358.857 264.932
1552 362.115 252.968
1553 361.859 256.242
1554 347.366 248.077
1555 348.379 258.418
1556 357.881 259.692
1557 363.318 267.849
1558 361.674 250.928
1559 366.775 246.797
1560 354.373 254.028
1561 353.857 248.992
1562 357.642 256.359
1563 353.299 257.992
1564 353.27 252.46
1565 349.364 256
1566 338.18 253.476
1567 347.223 260.496
1568 345.235 253.667
1569 364.873 249.199
1570 357.519 253.803
1571 347.793 257.391
1572 353.27 247.354
1573 354.559 253.904
1574 365.93 256.39
1575 294.041 251.46
1576 368.525 262.983
1577 363.696 250.95
1578 359.335 258.488
1579 359.192 248.016
1580 374.492 255.842
1581 359.224 256.998
1582 371.166 243.095
1583 358.548 245.927
1584 366.314 245.459
1585 362.206 246.992
1586 356.738 261.769
1587 363.304 255.951
1588 364.576 248.113
1589 372.76 260.361
1590 357.936 242.332
1591 367.546 253.389
1592 356.362 254.904
1593 363.673 255.969
1594 353.186 249.387
1595 342.228 245.656
1596 356.931 251.968
1597 375.808 267.421
1598 359.893 259.488
1599 345.384 258.844
1600 333.729 242.704
1601 367.936 247.968
1602 364.225 260.496
1603 352.429 259.998
1604 368.494 264.477
1605 359.201 247.483
1606 358.994 248.572
1607 375.494 257.196
1608 353.299 252.5
1609 356.427 262.5
1610 372.874 255.417
1611 362.068 250.416
1612 366.34 248.837
1613 354.463 256.761
1614 365.582 253.322
1615 357.571 254.417
1616 363.805 244.922
1617 363.136 253.803
1618 353.007 253.803
1619 361.862 255.875
1620 359.201 249.319
1621 368.614 247.439
1622 359.201 262.461
1623 368.435 254.717
1624 365.595 252.286
1625 358.391 250.819
1626 358.218 246.992
1627 358.748 252.929
1628 360.527 261.289
1629 366.587 256.242
1630 372.618 259.844
1631 367.472 255.488
1632 351.505 254.992
1633 359.207 252.666
1634 361.859 267.983
1635 370.849 241.595
1636 364.538 257.391
1637 361.895 250.08
1638 368.795 253.5
1639 348.573 249.758
1640 358.777 251.714
1641 367.396 253.476
1642 356.285 257.983
1643 363.467 255.284
1644 355.972 257.286
1645 349.082 245.656
1646 343.089 252
1647 364.225 262.477
1648 366.332 257.325
1649 353.144 260.442
1650 352.551 251.553
1651 359.45 256.951
1652 349.116 259.392
1653 364.649 253.44
1654 352.179 252.992
1655 353.067 255.969
1656 361.859 251.714
1657 346.139 252.19
1658 358.369 249.135
1659 350.813 264.847
1660 355.777 248.606
1661 373.617 264.25
1662 364.225 260.419
1663 353.972 250.839
1664 351.812 242.227
1665 357.519 250.928
1666 372.486 250.476
1667 364.308 247.184
1668 358.484 252.929
1669 375.092 258.983
1670 362.068 263.953
1671 370.016 255.029
1672 354.278 249.439
1673 357.055 257.299
1674 373.2 266.293
1675 362.409 265.5
1676 342.143 251.982
1677 359.335 247.233
1678 365.746 252.139
1679 342.231 250.488
1680 360.555 255.143
1681 363.808 243.006
1682 347.793 261.448
1683 355.19 252.282
1684 361.53 263.393
1685 351.845 259.326
1686 362.921 250.95
1687 365.13 249
1688 362.864 252.208
1689 359.104 255.805
1690 364.472 254.5
1691 353.631 255.617
1692 363.847 252.903
1693 362.673 254.476
1694 360.458 263.363
1695 364.723 262.477
1696 359.85 265.456
1697 360.555 251.488
1698 355.421 253.192
1699 367.15 255.218
1700 370.934 269.366
1701 363.14 252.024
1702 364.125 248.886
1703 353.007 247.982
1704 351.812 258.952
1705 369.345 247.992
1706 363.22 248.837
1707 355.077 255.323
1708 367.14 241.475
1709 369.402 263.953
1710 352.165 256.875
1711 347.138 256.905
1712 352.165 256.418
1713 348.594 256.618
1714 356.655 259.361
1715 383.719 263.363
1716 361.451 255.194
1717 358.295 249
1718 368.388 257.286
1719 366.235 254.323
1720 359.55 261.878
1721 356.293 251.839
1722 343.68 254.46
1723 354.972 248.902
1724 364.777 252.761
1725 348.775 253.969
1726 371.693 256.618
1727 350.493 251.998
1728 357.955 253.46
1729 361.215 247.271
1730 367.038 247
1731 347.62 237.527
1732 356.609 255.029
1733 356.875 257.299
1734 356.205 254.841
1735 348.039 258.952
1736 352.263 258.476
1737 354.189 250.609
1738 354.844 245.01
1739 345.948 255.764
1740 347.027 261.931
1741 367.489 259.442
1742 338.892 247.756
1743 350.174 249.712
1744 359.667 258.093
1745 353.621 253.192
1746 358.751 255.39
1747 348.937 252.951
1748 367.472 238.925
1749 364.966 255.194
1750 353.27 252.19
1751 357.521 245.353
1752 364.387 256.805
1753 344.767 250.713
1754 357.927 251.992
1755 363.136 264.488
1756 360.837 260.5
1757 359.944 248.459
1758 353.368 249.235
1759 347.033 262.627
1760 348.441 254.323
1761 366.748 257.091
1762 353.621 251.929
1763 354.024 248.495
1764 372.972 257.973
1765 363.805 248.278
1766 366.426 264.477
1767 343.348 252.389
1768 377.444 251.237
1769 358.094 252.476
1770 359.374 253.841
1771 358.971 270.396
1772 362.215 265.577
1773 380.042 256.195
1774 359.121 248.278
1775 370.691 250.928
1776 361.136 243.407
1777 345.235 250.928
1778 351.505 246.949
1779 356.533 248.133
1780 353.316 248.837
1781 363.22 249.758
1782 359.207 254.969
1783 347.471 255.67
1784 347.413 241.702
1785 366.692 261.57
1786 362.218 253.357
1787 355.563 246.495
1788 361.309 258.807
1789 356.595 246.414
1790 371.08 257.5
1791 345.167 259.419
1792 361.04 243.926
1793 363.304 258.441
1794 346.254 239.349
1795 357.986 261.392
1796 344.572 256.951
1797 354.275 244.927
1798 360.67 260.442
1799 352.165 241.064
1800 365.13 249.838
1801 361.309 258.844
1802 371.408 254.389
1803 367.236 260.952
1804 362.218 249.459
1805 365.869 262.202
1806 357.284 257.564
1807 350.036 248.928
1808 345.543 242.384
1809 362.957 256.285
1810 350.354 257.496
1811 374.801 255.998
1812 340.329 264.998
1813 359.444 247.346
1814 364.323 254.441
1815 369.154 256.875
1816 347.138 251.321
1817 359.525 247.568
1818 354.278 257.496
1819 361.602 250.28
1820 367.521 249.608
1821 356.083 257.765
1822 357.384 251.992
1823 350.451 251.903
1824 362.044 255.969
1825 365.144 256.969
1826 358.438 254.5
1827 367.75 243.834
1828 361.953 260.461
1829 357.743 259.906
1830 360.4 257.806
1831 359.579 244.869
1832 354.463 251.873
1833 345.33 251.992
1834 367.064 260.808
1835 353.822 248.495
1836 357.881 249.998
1837 348.895 256.875
1838 357.433 256.359
1839 349.042 256.242
1840 346.981 250.496
1841 364.143 252.802
1842 353.517 260.038
1843 368.244 260.998
1844 357.055 258.983
1845 367.882 242.499
1846 362.313 255.241
1847 373.545 250.743
1848 489.212 254.476
1849 365.145 254.982
1850 359.893 255.359
1851 350.45 259.998
1852 344.019 267.983
1853 344.697 254.998
1854 423.096 259.376
1855 355.528 242.473
1856 346.964 259.998
1857 368.525 260.983
1858 365.746 253.357
1859 364.323 263.42
1860 361.762 262.477
1861 367.694 254.488
1862 354.072 259.5
1863 364.387 253.43
1864 356.317 256.195
1865 365.93 262.496
1866 365.371 256.992
1867 366.314 255.143
1868 355.632 247.233
1869 370.608 254.992
1870 358.845 257.441
1871 355.869 253.476
1872 360.974 244.07
1873 353.73 267.774
1874 379.049 253.969
1875 352.403 267.331
1876 350.936 258.418
1877 354.188 262.97
1878 349.994 258.496
1879 341.044 253.322
1880 342.491 248.439
1881 362.206 256.285
1882 362.09 241.499
1883 354.827 240.865
1884 354.467 254.283
1885 355.927 258.621
1886 352.363 257.476
1887 367.15 246.317
1888 353.044 257.196
1889 359.387 259.767
1890 354.972 260.676
1891 366.47 249.421
1892 370.162 254.829
1893 365.327 262.878
1894 358.83 261.477
1895 348.597 258.441
1896 357.855 265.292
1897 367.939 259.906
1898 367.936 250.801
1899 368.155 251.746
1900 371.935 253.5
1901 364.255 267.993
1902 357.743 258.374
1903 365.513 248.318
1904 345.361 252.962
1905 354.356 250.713
1906 353.857 259.931
1907 358.288 247.487
1908 351.696 257.488
1909 329.269 259.419
1910 356.02 262.362
1911 347.241 247.798
1912 372.937 251.496
1913 342.555 255.719
1914 370.157 251.96
1915 341.447 246.544
1916 370.61 251.583
1917 349.711 263.907
1918 342.453 266.578
1919 356.903 258.391
1920 368.728 259.095
1921 364.849 254.929
1922 349.044 250.928
1923 361.497 250.476
1924 357.423 254.615
1925 361.006 245.487
1926 356.919 246.232
1927 363.535 261.151
1928 357.539 257.721
1929 363.505 252.761
1930 357.19 250.28
1931 351.547 243.9
1932 350.26 260.992
1933 363.808 256.501
1934 349.84 256.242
1935 362.218 250.12
1936 349.994 249.277
1937 349.17 258.722
1938 357.913 251.839
1939 364.231 253.361
1940 354.102 259.488
1941 368.728 248.419
1942 368.614 248.711
1943 356.903 257.905
1944 353.514 248.349
1945 351.346 256.786
1946 360.133 250.928
1947 371.625 257.952
1948 338.845 258.093
1949 351.821 250.32
1950 362.902 249.902
1951 356.66 254.615
1952 352.463 254.087
1953 360.211 258.766
1954 356.655 254.358
1955 359.131 255.992
1956 357.743 265.848
1957 360.125 261.511
1958 350.605 246.797
1959 359.55 248.886
1960 369.95 261.461
1961 356.567 258.909
1962 360.837 253.361
1963 364.125 267.909
1964 370.706 258.035
1965 346.814 251.123
1966 356.637 255.323
1967 357.211 251.968
1968 366.517 251.356
1969 353.958 252.84
1970 357.866 251.714
1971 355.9 259.488
1972 355.204 262.248
1973 357.519 250.982
1974 355.514 254.998
1975 357.176 245.947
1976 362.604 253.614
1977 367.383 257.721
1978 349.149 255.951
1979 359.525 243.274
1980 350.45 254.498
1981 346.987 250.416
1982 349.044 250.992
1983 355.193 253.827
1984 359.372 256.671
1985 366.517 251.488
1986 368.145 250.5
1987 346.087 250.998
1988 362.215 255.088
1989 360.304 249.838
1990 368.699 259.952
1991 355.339 258.374
1992 355.9 249.415
1993 361.773 259.442
1994 352.551 247.871
1995 362.921 262.907
1996 366.135 254.433
1997 348.713 254.193
1998 367.859 256.683
1999 358.117 250.356
2000 352.363 254.929
2001 364.966 264.045
2002 358.288 257.488
2003 367.317 255.441
2004 353.27 250.44
2005 352.386 253.14
2006 339.976 253.904
2007 368.939 245.438
2008 353.481 262.846
2009 359.944 262.627
2010 347.095 250.188
2011 344.482 261.392
2012 349.777 250.992
2013 351.263 257.36
2014 344.449 255.441
2015 354.011 253.357
2016 340.925 252.44
2017 358.575 257.196
2018 363.465 251.321
2019 362.843 257.286
2020 357.365 259.326
2021 368.083 250.388
2022 366.268 252.992
2023 354.055 252
2024 356.567 262.393
2025 366.033 248.387
2026 351.955 264.728
2027 357.989 249.387
2028 366.268 257.93
2029 353.712 255.359
2030 365.68 258.391
2031 359.207 256.618
2032 371.166 252.357
2033 364.365 260.5
2034 323.518 266.88
2035 341.174 262.998
2036 351.602 251.321
2037 353.822 251.611
2038 355.472 250.759
2039 354.584 254.496
2040 359.207 266.394
2041 336.3 256.39
2042 351.723 253.085
2043 366.974 258.461
2044 360.755 251.611
2045 360.211 243.259
2046 358.117 259.877
2047 367.778 260.845
2048 357.662 251.476
2049 365.229 252.715
2050 354.024 262.998
2051 355.193 256.359
2052 353.514 243.799
2053 373.41 260.392
2054 349.803 271.463
2055 340.5 261.847
2056 364.598 252.389
2057 365.606 261.327
2058 363.467 253.357
2059 358.295 250.992
2060 364.598 252.282
2061 362.604 250.496
