0 1 1
1 344.83 249.95
2 337.268 249.421
3 338.077 267
4 334.111 256.359
5 336.666 249.235
6 333.167 247.439
7 330.817 259.488
8 333.988 255.323
9 347.108 257.461
10 332.722 260.768
11 338.686 253.874
12 332.06 247.386
13 350.542 247.659
14 334.879 260.446
15 346.237 258.418
16 324.708 249.8
17 329.903 253
18 332.566 266.993
19 325.43 252.992
20 340.758 260.327
21 337.408 255.904
22 330.518 246.836
23 325.527 259.287
24 329.733 249.608
25 341.886 256.618
26 328.781 258.992
27 329.814 246.414
28 336.208 262.461
29 350.31 254.951
30 337.437 251.95
31 332.09 261.442
32 332.986 243.125
33 328.764 259.376
34 353.72 251.46
35 343.555 259.287
36 330.518 261.809
37 335.455 264.462
38 333.371 251.903
39 323.772 249.712
40 322.971 271.5
41 326.977 252.929
42 343.698 243.475
43 338.522 248.95
44 345.34 257.969
45 325.323 260.569
46 331.131 253.762
47 328.329 258.983
48 326.715 263.992
49 336.877 251.929
50 320.305 242.833
51 320.866 251.137
52 334.963 261.362
53 325.165 250.136
54 320.322 255.143
55 311.292 248.95
56 353.987 253.44
57 338.845 252.389
58 320.437 256.835
59 335.932 251.137
60 338.615 253.969
61 326.968 258.391
62 330.563 262.513
63 331.361 255.982
64 325.323 262.907
65 344.404 259.992
66 352.398 255.875
67 340.655 253.803
68 318.559 250.992
69 351.248 257.992
70 338.098 260.509
71 338.881 252.494
72 329.733 254.992
73 341.394 255.476
74 319.906 260.914
75 338.41 250.188
76 333.527 253.992
77 312.115 251.476
78 342.625 257.806
79 344.298 255.029
80 334.933 251.998
81 298.412 260.496
82 346.025 248.487
