0 1 1
1 336.737 257.876
2 348.895 268.993
3 415.885 249.319
4 344.199 258.287
5 324.419 258.975
6 332.603 254.904
7 348.775 249.838
8 356.11 253.389
9 330.379 268.395
10 335.061 258.36
11 336.119 256.618
12 294.041 249.608
13 351.502 252.929
14 328.764 255.323
15 334.281 248.185
16 337.123 257.564
17 333.545 265.42
18 340.655 254.676
19 336.749 248.837
20 344.801 250.488
21 345.694 244.796
22 338.384 242.413
23 332.193 252.982
24 335.41 252.873
25 355.277 243.475
26 426.31 256.998
27 347.261 253.496
28 334.066 249.395
29 333.563 259.912
30 345.769 257.146
31 329.545 256.982
32 334.21 250.663
33 343.562 261.362
34 334.828 256.242
35 334.201 261.477
36 336.702 254.214
37 334.927 246.658
38 328.764 244.008
39 351.346 242.992
40 345.786 251.356
41 334.927 255.323
42 331.804 252.587
43 334.813 254.433
44 342.666 245.182
45 341.01 257.461
46 345.868 261.419
47 327.536 234.38
48 341.623 269.954
49 324.777 259.906
50 344.235 251.611
51 330.677 261.327
52 344.783 254.488
53 327.687 259.488
54 321.098 265.932
55 337.743 258.844
56 354.83 252.389
57 342.625 257.391
58 332.65 259.983
59 348.713 239.224
60 343.01 256.969
61 336.385 258.147
62 343.555 245.01
63 350.959 255.46
64 330.808 254.323
65 337.538 244.127
66 339.597 255.992
67 329.138 249.319
68 345.825 260.877
69 347.773 264.728
70 344.482 245.414
71 342.004 255.241
72 347.027 260.476
73 348.921 259.998
74 331.27 250.759
75 325.122 245.231
76 335.297 262.42
77 339.769 241.948
78 348.174 243.553
79 332.161 256.905
80 353.116 257.93
81 350.635 259.977
82 346.169 252.715
83 340.306 254.558
84 342.004 259.952
85 336.666 249.872
86 347.638 258.36
87 344.019 249.319
88 344.865 244.982
89 332.558 249
90 344.354 260.446
91 337.39 251.839
92 339.435 248.799
93 330.185 259.844
94 325.3 240.649
95 354.965 251.492
96 343.459 255.904
97 343.358 256.992
98 341.686 257.033
99 342.004 257.36
100 349.994 261.327
101 318.551 246.755
102 337.743 257.93
103 331.554 253.951
104 347.59 259.723
105 336.632 261.496
106 339.929 241.475
107 345.196 246.992
108 340.329 263.154
109 347.34 252.357
110 342.294 250.968
111 338.491 250.801
112 336.385 257.905
113 332.986 247
114 335.969 259.983
115 333.676 252.903
116 347.027 250.95
117 346.364 248.485
118 330.825 252.951
119 344.608 247.756
120 342.673 258.36
121 333.167 253.496
122 326.656 252.666
123 341.763 249.135
124 343.68 254.323
125 339.469 258.476
126 332.503 254.441
127 343.401 256.242
128 331.385 251.929
129 355.311 262.488
130 336.464 256.39
131 331.048 268.849
132 353.098 258.36
133 341.336 258.325
134 342.316 260.952
135 332.161 255.992
136 338.201 256.488
137 343.795 254.496
138 335.455 249.712
139 332.107 263.462
140 339.094 257.969
141 337.58 245.353
142 326.233 254.441
143 329.372 251.873
144 331.349 243.869
145 332.054 261.151
146 349.6 256.805
147 340.1 253.982
148 339.588 258.93
149 349.149 263.488
150 338.219 251.416
151 340.353 245.495
152 333.91 254.496
153 346.41 245.438
154 342.004 263.97
155 334.201 256.39
156 341.174 253.841
157 339.848 248.982
158 342.552 251.46
159 352.65 261.442
160 346.925 254.028
161 355.077 256.671
162 354.119 248.419
163 339.534 257.564
164 343.631 252.488
165 333.167 251.476
166 350.726 265.812
167 354.722 256.805
168 338.538 240.981
169 345.242 252.666
170 338.077 266.908
171 345.612 250.32
172 349.943 257.5
173 345.196 251.998
174 357.444 258.461
175 330.817 244.475
176 328.085 246.658
177 346.687 258.287
178 345.471 249.838
179 339.305 247.386
180 335.835 250.236
181 338.319 257.243
182 336.071 243.487
183 352.624 241.868
184 304.979 242.178
185 361.602 264.998
186 350.45 262.992
187 335.865 244.753
188 343.968 256.805
189 347.793 258.905
190 344.122 258.674
191 342.053 253.46
192 320.194 255.764
193 336.936 249.355
194 326.888 257.418
195 333.91 258.93
196 347.108 253.14
197 330.955 250.416
198 344.404 253.929
199 338.404 256.369
200 334.746 265.443
201 342.552 250.476
202 353.644 257.418
203 333.365 261.461
204 346.617 253.982
205 358.795 251.46
206 339.399 253.045
207 344.125 255.5
208 345.517 257.806
209 338.926 271.463
210 336.749 261.775
211 327.316 239.383
212 337.757 256.324
213 335.204 249.319
214 345.485 245.982
215 350.56 255.805
216 336.702 255.5
217 335.28 258.441
218 335.75 253.322
219 347.773 257.243
220 343.418 247.756
221 338.349 258.441
222 341.548 249.415
223 347.954 259.149
224 344.323 244.753
225 333.014 256.488
226 346.756 249.55
227 337.461 264.992
228 352.349 251.321
229 320.2 251.488
230 333.197 243.998
231 336.702 255.951
232 343.162 257.952
233 366.508 251.929
234 342.111 251.356
235 348.838 253.476
236 332.611 246.276
237 332.668 258.93
238 350.049 260.15
239 333.339 246.386
240 339.04 248.606
241 327.536 257.325
242 331.153 259.952
243 370.818 251.388
244 334.473 259.877
245 328.798 249.475
246 344.877 251.611
247 335.254 260.845
248 334.287 263.044
249 329.436 247.386
250 342.316 252.494
251 337.123 252.359
252 344.449 245.071
253 347.171 256.359
254 327.054 255.875
255 341.447 255.617
256 340.47 254.969
257 329.515 255.143
258 338.876 250.872
259 337.31 257.476
260 329.897 249.944
261 344.687 250.872
262 342.508 260.15
263 343.872 247.71
264 341.106 246.836
265 331.089 251.873
266 347.163 258.766
267 328.445 250.188
268 335.75 254.389
269 330.439 257.146
270 331.22 249.235
271 352.179 254.46
272 340.774 246.998
273 341.555 264.477
274 338.646 254.476
275 343.318 253.496
276 344.225 241.176
277 338.278 257.62
278 344.238 255.93
279 351.576 245.87
280 351.888 257.146
281 336.119 262.983
282 331.554 261.5
283 341.548 253.476
284 335.835 254.904
285 346.069 250.488
286 341.895 251.821
287 329.545 259.461
288 341.504 262.726
289 343.348 259.496
290 343.872 249.8
291 344.465 247.318
292 327.689 248.387
293 335.662 251.123
294 335.75 253.803
295 348.488 261.247
296 343.01 254.982
297 338.876 241.702
298 334.81 258.876
299 350.5 248.318
300 333.041 249.902
301 348.103 242.124
302 336.295 252.139
303 341.895 248.606
304 339.753 252.5
305 346.635 246.603
306 340.541 259.906
307 347.707 253.982
308 350.779 252.042
309 345.242 256.285
310 332.161 259.199
311 335.115 261.931
312 329.333 244.315
313 342.434 250.95
314 346.006 251.664
315 341.959 244.869
316 349.96 253.904
317 344.877 258.093
318 351.723 257.5
319 341.772 261.362
320 330.356 253.496
321 349.571 255.992
322 340.852 256.488
323 346.006 254.358
324 344.375 246.836
325 330.518 263.101
326 334.851 252.042
327 340.223 251.929
328 340.66 249.982
329 341.863 249.355
330 351.263 254.982
331 350.963 244.477
332 346.139 254.193
333 328.03 252.929
334 347.239 256.476
335 333.676 254.488
336 344.952 253.026
337 348.241 258.983
338 345.065 257.146
339 341.763 256.93
340 334.736 250.713
341 339.523 251.968
342 353.857 269.333
343 334.245 253.361
344 328.265 242.314
345 332.824 256.951
346 349.112 262.248
347 321.201 236.114
348 347.304 251.321
349 342.695 268.496
350 340.758 266.933
351 345.065 247.659
352 335.571 246.232
353 328.723 252.968
354 347.692 258.722
355 363.318 254.841
356 347.304 258.418
357 347.914 252.476
358 342.867 257.286
359 333.871 253.803
360 388.685 254.841
361 338.384 249.319
362 344.508 262.383
363 348.709 250.872
364 335.52 250.28
365 346.069 263.727
366 348.921 252.5
367 329.257 254.417
368 334.066 256.359
369 343.441 252.083
370 348.345 251.903
371 340.097 251.903
372 353.044 261.906
373 338.149 260.442
374 322.304 255.5
375 337.408 249.95
376 329.932 241.948
377 339.399 245.927
378 347.491 252.84
379 341.577 255.617
380 338.395 254.668
381 330.642 263.443
382 328.131 251.968
383 341.409 249.902
384 347.897 263.101
385 342.775 258.441
386 346.488 248.499
387 343.513 244.753
388 340.758 256.93
389 334.933 249.968
390 353.186 255.719
391 331.711 248.954
392 344.241 247.605
393 347.914 261.327
394 315.278 261.098
395 327.919 256.875
396 338.404 256.461
397 333.7 247.386
398 345.235 253.417
399 355.514 250.968
400 346.771 243.438
401 335.607 263.992
402 345.33 263.393
403 356.281 252.488
404 335.732 257.905
405 334.831 240.967
406 342.689 255.143
407 345.096 261.5
408 337.123 254.5
409 335.532 250.356
410 336.737 252.44
411 345.248 253.46
412 335.833 247.184
413 334.831 252.416
414 351.261 253.969
415 338.077 251.992
416 344.238 253.841
417 331.831 248.459
418 333.721 255.951
419 349.497 251.929
420 335.726 247
421 346.254 244.18
422 342.964 256.5
423 346.583 252.389
424 349.349 257.503
425 335.178 253.211
426 347.954 263.249
427 347.954 246.927
428 348.488 253.992
429 342.316 256.951
430 337.817 261.769
431 344.125 253.961
432 340.441 251.281
433 348.494 247.837
434 332.806 241.272
435 334.745 257.441
436 352.349 253.557
437 346.872 248.495
438 338.538 254.417
439 331.596 250.5
440 345.868 258.441
441 347.138 248.459
442 343.162 251.76
443 344.778 256.982
444 351.844 261.461
445 331.944 252.428
446 327.124 255.496
447 348.569 257.837
448 339.853 246.708
449 352.429 257.196
450 333.368 251.903
451 346.257 247.184
452 336.633 253.357
453 348.797 247.71
454 348.267 247.439
455 330.599 260.461
456 324.9 246.603
457 337.612 254.46
458 348.569 255.359
459 342.901 250.28
460 345.485 251.281
461 334.341 248.928
462 336.512 254.476
463 342.342 252.496
464 340.1 242.949
465 340.306 261.151
466 347.007 246.998
467 341.409 251.388
468 320.874 253.762
469 350.256 255.421
470 343.348 252.992
471 323.666 251
472 340.682 256.418
473 344.238 257.93
474 335.477 254.676
475 346.886 262.362
476 350.803 253.951
477 344.061 251.96
478 344.061 252.761
479 339.152 247.653
480 331.26 243.352
481 327.472 257.371
482 347.146 251.237
483 334.404 254.441
484 339.756 251.022
485 336.737 253.282
486 348.167 239.349
487 346.118 257.286
488 355.28 244.949
489 328.009 238.86
490 351.844 254.441
491 297.143 248.928
492 335.857 254.668
493 336.633 250.28
494 354.254 256.72
495 350.31 258.461
496 345.951 252.903
497 342.31 255.904
498 338.472 253.192
499 330.651 261.392
500 339.993 245.797
501 335.628 253.969
502 333.828 246.475
503 328.634 251.95
504 344.354 246.982
505 353.814 252.998
506 437.603 251.137
507 344.019 252
508 328.177 245.754
509 337.381 251.283
510 345.808 261.461
511 327.625 249.355
512 355.966 249.487
513 348.174 253.44
514 350.174 258.722
515 352.718 243.795
516 333.871 253.417
517 350.28 260.5
518 330.51 259.623
519 341.227 260.969
520 343.872 250.476
521 342.397 250.982
522 331.189 259.488
523 342.622 255.617
524 353.746 254.323
525 327.002 252.496
526 355.978 251.982
527 325.048 251.821
528 331.916 250.819
529 354.011 251.76
530 334.21 266.848
531 336.936 257.686
532 344.913 252.587
533 321.098 254.841
534 339.848 254.417
535 340.223 260.845
536 339.131 245.275
537 333.99 252.962
538 329.773 255.194
539 333.137 260.845
540 330.55 247.871
541 331.827 251.237
542 333.721 264.517
543 345.065 256.496
544 337.031 261.769
545 350.885 259.877
546 336.936 253.969
547 351.844 253.389
548 370.756 249.928
549 337.083 246.13
550 341.693 251.388
551 337.639 247.188
552 342.111 254.24
553 350.493 265.17
554 331.983 248.799
555 333.846 247.277
556 337.58 260.327
557 332.357 245.01
558 331.26 245.797
559 335.455 261.983
560 342.508 253.44
561 339.004 251.903
562 341.855 247.982
563 352.094 256.09
564 330.185 251.998
565 334.111 260.361
566 343.235 254.142
567 341.01 247.014
568 347.534 249.816
569 342.666 249.662
570 339.004 255.5
571 341.048 258.766
572 337.123 257.998
573 337.194 247.475
574 350.5 261.906
575 343.162 255.323
576 343.671 246.317
577 346.526 246.317
578 338.876 255.93
579 348.478 249.499
580 346.069 255.194
581 330.491 254.969
582 344.972 254.323
583 351.713 254.488
584 342.342 265.394
585 336.954 247.277
586 332.599 248.387
587 340.889 256.5
588 348.06 257.461
589 334.939 265.104
590 345.236 251.611
591 351.844 259.675
592 345.022 254.668
593 338.429 253.827
594 328.694 261.461
595 337.757 251.488
596 354.047 252.238
597 344.151 253.357
598 349.571 252.824
599 333.398 254.982
600 334.963 252.982
601 347.891 255.088
602 333.27 250.95
603 337.756 252.282
604 335.75 248.711
605 333.729 257.969
606 341.415 259.5
607 347.241 245.947
608 344.569 262.393
609 335.857 262.907
610 303.618 259.723
611 337.757 269.687
612 331.005 252.083
613 335.917 245.01
614 327.472 256.905
615 346.925 267.909
616 333.846 254
617 326.559 241.384
618 353.621 249.319
619 342.079 257.93
620 348.411 258.93
621 371.693 242.967
622 357.357 252.982
623 338.541 251.982
624 353.847 257.843
625 343.513 249.078
626 347.708 257.765
627 330.439 252.476
628 342.143 254.982
629 350.719 257.461
630 329.818 262.85
631 349.149 250.5
632 338.077 260.476
633 346.058 251.281
634 358.165 257.952
635 346.477 260.288
636 341.106 256.297
637 340.525 248.799
638 345.456 248.016
639 344.608 248.495
640 346.025 258.844
641 342.751 258.198
642 346.341 251.802
643 339.597 257.391
644 327.44 259.844
645 330.593 260.906
646 350.999 249.495
647 341.661 256.441
648 333.527 252.982
649 344.812 252.494
650 335.178 260.808
651 319.086 260.983
652 336.068 255.46
653 335.571 254.389
654 342.876 261.392
655 336.286 265.292
656 348.336 239.591
657 334.452 250.02
658 358.731 257.765
659 333.107 251.873
660 333.742 252.488
661 330.705 248.318
662 335.532 263.5
663 340.852 247.277
664 346.159 257.672
665 351.716 259.877
666 338.036 255.992
667 336.666 245.479
668 338.892 256.297
669 328.634 241.595
670 352.182 255
671 345.478 251.388
672 335.38 244.477
673 337.757 252.998
674 344.238 248.928
675 330.705 248.387
676 330.708 251.998
677 440.078 261.769
678 352.003 261.327
679 346.704 254.904
680 345.783 247.184
681 348.624 256.764
682 340.768 252.238
683 345.647 241.475
684 333.468 261.327
685 340.232 250.872
686 332.907 257.876
687 347.436 258.441
688 339.993 249.415
689 344.36 251.982
690 335.571 254.615
691 339.004 257.992
692 341.772 241.75
693 340.1 257.286
694 348.534 253.389
695 335.917 254.874
696 335.857 254.193
697 396.538 253.5
698 348.797 258.5
699 348.798 258.983
700 343.23 255.143
701 346.215 257.876
702 334.172 240.79
703 345.868 254.496
704 345.235 255.842
705 324.9 257.998
706 343.862 251.022
707 338.455 256.285
708 341.106 267.998
709 338.464 256.418
710 337.67 258.722
711 341.555 253.998
712 336.345 253.361
713 333.922 246.106
714 349.881 253.965
715 319.994 263.907
716 332.65 246
717 338.926 262.846
718 338.584 261.327
719 338.686 265.998
720 335.38 244.54
721 336.077 264.783
722 350.839 248.95
723 329.45 241.499
724 353.313 255.194
725 327.359 247.992
726 349.716 256.842
727 334.287 249.078
728 345.769 255.875
729 339.544 262.983
730 332.503 251.664
731 334.404 258.441
732 347.839 258.992
733 347.793 255.805
734 341.623 246
735 334.831 267.488
736 334.567 251.46
737 340.541 248.66
738 336.575 257.418
739 344.325 249.902
740 353.918 256.971
741 326.506 249.902
742 328.059 249.902
743 342.625 248.928
744 339.08 242.87
745 351.812 257.325
746 329.666 248.459
747 338.316 257.36
748 343.418 245.927
749 332.205 255.488
750 334.174 248.185
751 354.378 256.242
752 349.9 254.929
753 343.671 252.139
754 342.013 250.28
755 346.367 262.442
756 350.011 245.656
757 334.21 253.488
758 346.693 255.229
759 330.439 248.234
760 339.993 245.998
761 339.199 244.352
762 340.861 252.19
763 348.034 250.801
764 349.943 258.807
765 330.264 247.95
766 331.512 251.992
767 332.599 248.95
768 337.031 251.416
769 352.551 249.279
770 346.687 252.44
771 341.596 256.971
772 343.318 252.496
773 343.513 257.371
774 344.697 265.772
775 339.753 256.324
776 333.99 245.438
777 336.92 246.603
