0 1 1
1 359.989 252.19
2 338.538 247.475
3 350.605 267.488
4 353.368 255.67
5 348.712 255.5
6 344.697 258.952
7 347.349 264.462
8 353.016 250.872
9 340.306 251.998
10 345.152 254.441
11 354.901 254.358
12 349.9 264.462
13 335.821 265.998
14 357.841 254.841
15 329.204 250.839
16 353.353 267.909
17 355.82 261.57
18 349.994 248.415
19 354.768 258.488
20 347.997 255.875
21 343.795 254.904
22 351.056 261.201
23 337.757 249.439
24 408.901 248.902
25 472.046 245.414
26 346.687 258.905
27 351.359 255.39
28 346.526 264.244
29 351.248 246.475
30 335.726 255.323
31 333.449 245.949
32 347.707 255.359
33 355.789 255.719
34 352.96 248.757
35 345.521 248.495
36 338.892 259.442
37 348.494 257.496
38 347.589 261.247
39 342.859 243.458
40 341.92 261.289
41 344.323 254.433
42 351.16 251.123
43 338.987 252.84
44 345.109 257.461
45 344.238 252.357
46 363.665 252.968
47 352.061 254.717
48 346.526 250.236
49 350.839 248.499
50 354.897 245.87
51 334.963 255.904
52 338.584 256.031
53 343.5 262.099
54 346.235 241.487
55 328.926 260.952
56 344.225 252.476
57 357.571 259.361
58 348.921 251.611
59 339.435 253.389
60 345.694 251.488
61 351.713 246.232
62 339.464 260.419
63 355.359 252.44
64 357.024 257
65 342.31 261.075
66 334.515 248.992
67 347.79 252.951
68 338.987 246.459
69 352.511 253.085
70 348.478 252.84
71 338.674 254.389
72 346.087 254.441
73 335.28 254.967
74 336.92 245.412
75 352.969 250.08
76 340.541 253.874
77 348.138 249.187
78 352.914 243.495
79 338.482 259.723
80 331.153 259.149
81 360.758 257.806
82 356.185 254.5
83 341.504 253.488
84 353.517 258.476
85 349.364 252.968
86 346.393 250.488
87 347.79 259.877
88 334.851 245.707
89 344.687 253.874
90 339.388 242.992
91 336.187 241.948
92 335.835 248.95
93 345.951 255.359
94 355.727 251.873
95 354.593 271.188
96 349.149 265.5
97 336.838 258.905
98 340.55 243.475
99 348.267 254.841
100 348.624 250.801
101 347.875 259.969
102 347.664 250.188
103 468.071 251.929
104 364.387 246.901
105 349.385 252.962
106 268.328 253.874
107 337.842 250.551
108 344.572 251.44
109 349.8 257.441
110 320.691 253.982
111 343.773 258.909
112 347.42 262.362
113 344.36 248.415
114 349.994 246.353
115 344.697 253.44
116 340.097 258.198
117 345.786 258.807
118 345.578 260.476
119 362.921 255.982
120 339.769 250.496
121 354.827 249.499
122 352.266 253.969
123 336.632 258
124 335.072 251.137
125 353.517 248.133
126 340.858 247.798
127 343.604 256.683
128 345.248 255.088
129 360.342 255.951
130 347.34 251.714
131 353.723 248.94
132 337.39 246.658
133 343.513 260.983
134 351.454 251.476
135 346.788 243.352
136 334.141 255.67
137 348.713 257.371
138 347.986 264.363
139 350.12 258.093
140 344.572 257.952
141 342.751 260.496
142 350.803 253.716
143 338.969 253.716
144 353.186 262.29
145 356.205 256.324
146 346.02 258.722
147 335.571 257.969
148 348.078 260.246
149 347.471 256.359
150 344.122 259.992
151 353.17 252.5
152 341.048 256.905
153 342.561 249.608
154 352.429 247.901
155 338.216 259.149
156 339.588 248.459
157 369.072 255.969
158 337.941 249.387
159 359.131 258.998
160 348.672 238.411
161 348.441 257.93
162 333.014 257.496
163 356.875 257
164 351.303 256.418
165 345.955 232.379
166 341.473 255.441
167 344.122 248.459
168 359.207 256.39
169 357.793 247.415
170 364.308 263.443
171 350.803 245.707
172 339.08 250.476
173 350.28 239.458
174 333.982 258.461
175 355.359 257.299
176 350.803 253.13
177 345.104 239.862
178 339.411 248.757
179 341.782 252.476
180 353.836 262.248
181 345.578 252.416
182 350.949 259.952
183 351.547 267.993
184 345.132 245.129
185 352.114 257.998
186 344.298 245.475
187 346.432 268.814
188 353.644 246.353
189 332.161 254.417
190 339.765 256.998
191 344.608 253.982
192 334.618 260.509
193 357.542 253.488
194 364.14 262.846
195 342.689 253.998
196 351.505 253.488
197 353.463 250.928
198 344.913 252.488
199 350.5 256.144
200 352.363 253.992
201 347.073 242.314
202 350.645 256.418
203 351.875 250.496
204 352.037 252.929
205 352.851 250.713
206 345.543 252.951
207 345.485 251.96
208 356.197 243.949
209 355.563 267.881
210 342.294 243.705
211 351.454 263.629
212 343.968 238.967
213 335.946 254.193
214 345.868 252.357
215 333.047 264.045
216 327.788 266.908
217 334.658 251.281
218 343.693 264.575
219 341.085 264.681
220 339.208 256.93
221 344.697 250.839
222 353.067 259.488
223 362.206 245.182
224 351.303 254.874
225 349.604 258.391
226 347.707 254.992
227 348.441 250.902
228 338.429 248.66
229 365.229 260.15
230 349.881 253.14
231 358.748 251.44
232 342.999 258.488
233 337.423 252.715
234 342.929 256.998
235 343.057 260.419
236 340.035 259.912
237 348.336 242.495
238 345.701 254.476
239 340.984 256.671
240 342.491 244.18
241 343.604 258.983
242 350.56 257.461
243 348.798 267.395
244 360.6 262.488
245 356.197 242.438
246 356.765 254.441
247 341.106 264.5
248 342.561 247.968
249 346.771 261.878
250 341.661 244.438
251 343.441 251.903
252 358.295 251.553
253 345.919 249.712
254 355.563 259.992
255 360.916 257.519
256 340.204 253.992
257 353.966 258.476
258 353.893 254.668
259 344.569 252.802
260 415.307 260.288
261 346.843 256.418
262 350.885 248.871
263 325.911 252.5
264 350.154 256.324
265 347.163 249
266 352.612 254.488
267 343.759 252.139
268 341.336 257.765
269 346.254 251.821
270 342.867 251.416
271 337.31 248.968
272 352.182 252.67
273 345.899 260.442
274 342.8 252.139
275 352.507 252.715
276 354.722 256.951
277 360.658 249
278 340.66 255.969
279 334.828 252.761
280 349.239 253.026
281 351.602 254.24
282 343.555 251.496
283 336.208 259.767
284 344.891 252.903
285 350.949 255.417
286 336.595 258.287
287 350.719 250.46
288 351.454 256.971
289 341.784 254.496
290 347.986 258.244
291 344.877 255.67
292 337.639 258.952
293 341.221 252.389
294 341.21 252.873
295 346.488 250.663
296 332.536 246.481
297 342.215 255.842
298 345.456 254.841
299 357.211 264.575
300 349.274 244.869
301 354.923 257.461
302 351.426 245.129
303 339.597 258.952
304 344.767 249.319
305 344.241 247.71
306 361.796 249.998
307 351.255 250.388
308 329.09 251.746
309 344.238 248.837
310 334.622 262.248
311 355.733 241.926
312 343.937 255.56
313 345.682 255.67
314 340.605 255.805
315 355.066 234.776
316 357.211 255.029
317 339.22 257.391
318 339.495 248.837
319 343.441 258
320 352.007 252.238
321 347.707 253.417
322 349.299 249.495
323 345.333 252.416
324 337.639 260.914
325 333.676 251.5
326 343.321 263.515
327 354.274 263.393
328 345.065 248.998
329 348.416 261.381
330 345.33 260.038
331 350.05 246.268
332 351.821 253.992
333 328.898 259.419
334 346.7 256.951
335 343.418 253.667
336 356.476 263.249
337 339.882 255.417
338 353.27 254.982
339 350.542 257.488
340 344.677 256.09
341 342.053 248.499
342 345.683 258.722
343 336.295 242.833
344 346.886 254.969
345 366.246 262.952
346 342.416 244.438
347 349.149 258.992
348 346.329 245.797
349 348.597 243.413
350 356.738 255.842
351 354.189 257.806
352 382.805 252.359
353 358.204 247.95
354 332.603 258.418
355 354.627 250.958
356 413.605 255.476
357 342.876 249.499
358 355.121 257.765
359 342.453 251.082
360 331.605 248.355
361 347.138 254.24
362 351.713 253.992
363 342.491 260.5
364 340.1 253.998
365 348.573 261.931
366 344.465 260.038
367 348.078 261.626
368 359.335 250.236
369 352.136 246.982
370 348.594 243.352
371 348.416 249.758
372 344.677 258.36
373 352.165 248.998
374 352.914 257.503
375 330.439 255.496
376 334.855 259.952
377 357.989 258.844
378 337.71 267.477
379 338.278 250.188
380 348.379 263.462
381 354.627 268.16
382 342.555 257.998
383 358.994 253.929
384 344.569 255.805
385 358.575 260.509
386 347.413 245.231
387 348.937 247.417
388 349.628 258.461
389 343.671 257.952
390 336.303 256.09
391 353.814 263.847
392 353.517 261.626
393 437.63 259.912
394 350.343 262.846
395 352.81 257.5
396 340.476 250.551
397 356.197 258.244
398 337.843 249.872
399 346.981 257.286
400 339.65 263.393
401 335.726 254.951
402 348.488 254.441
403 350.905 258.198
404 345.808 255.417
405 353.116 250.44
406 352.349 251.321
407 342.964 254.804
408 358.369 256.764
409 358.438 257.391
410 333.237 253.43
411 346.563 258.905
412 361.953 247.927
413 349.994 259.199
414 345.471 260.772
415 360.45 263.932
416 347.033 251.388
417 352.616 259.442
418 342.666 256.476
419 339.65 250.388
420 347.241 252.5
421 360.555 253.192
422 347.095 251.137
423 351.547 259.361
424 353.652 250.982
425 335.44 256.761
426 347.171 256.842
427 340.925 248.998
428 347.53 250.663
429 350.12 249.459
430 325.678 248.95
431 345.33 258.441
432 361.674 257.93
433 347.436 246.487
434 363.535 253.803
435 348.478 260.906
436 340.1 260.676
437 343.401 253.841
438 342.999 249.135
439 350.166 251.992
440 356.382 253.417
441 358.548 247.184
442 359.753 254.358
443 348.356 255.5
444 333.91 255.143
445 350.949 256.441
446 355.514 248.837
447 345.694 258.391
448 342.751 258.488
449 350.256 246.87
450 350.26 251.839
451 346.246 254.982
452 349.803 258.608
453 335.44 261.327
454 342.859 247.968
455 342.111 256.764
456 348.718 252.238
457 347.349 255.417
458 351.172 248.387
459 344.404 232.691
460 341.991 251.873
461 345.786 242.704
462 350.708 257
463 342.751 257.905
464 339.305 252.555
465 348.431 264.879
466 345.242 249.487
467 346.133 248.902
468 363.696 263.477
469 322.161 252.389
470 351.172 252.84
471 344.238 249.992
472 354.817 267.477
473 353.193 254.841
474 336.262 259.808
475 347.875 244.385
476 343.663 246.968
477 344.677 245.656
478 346.235 259.808
479 348.827 259.906
480 369.402 250.992
481 349.159 260.2
482 351.056 252.476
483 335.872 255.992
484 354.153 258.722
485 349.445 250.902
486 354.192 255.951
487 349.485 262.442
488 344.465 248.998
489 342.673 239.383
490 350.05 249.415
491 337.31 256.905
492 350.813 251.496
493 341.782 258.807
494 357.986 253.982
495 342.228 249.415
496 352.624 259.392
497 358.625 250.46
