0 1 1
1 350.086 264.394
2 359.55 251.205
3 370.818 256.905
4 352.829 252.84
5 395.708 259.419
6 356.979 254.476
7 366.314 253.841
8 372.263 252.666
9 372.641 262.362
10 352.459 263.044
11 352.551 256.992
12 351.812 261.769
13 359.944 253.716
14 356.533 261.04
15 359.437 254.668
16 355.727 258.981
17 348.286 251.388
18 359.327 242.899
19 356.979 254.46
20 361.773 249.355
21 349.803 255.46
22 366.156 255.5
23 362.115 251.903
24 368.597 260.969
25 355.64 251.476
26 362.576 260.5
27 356.931 261.201
28 354.965 262.488
29 345.881 247.475
30 361.404 257.196
31 360.821 259.287
32 359.525 258.93
33 359.437 252.982
34 355.737 260.931
35 361.859 255.488
36 362.215 257
37 364.814 262.918
38 359.199 255.088
39 355.758 261.289
40 359.099 244.945
41 375.233 258.722
42 361.994 246.797
43 360.855 257.418
44 347.34 260.998
45 372.333 248.757
46 364.966 260.998
47 363.12 252.715
48 364.472 254.992
49 357.642 252.416
50 339.04 254.358
51 351.397 259.361
52 376.736 260.442
53 356.741 258.441
54 365.422 259.476
55 354.648 256.242
56 354.752 256.764
57 368.244 253.614
58 365.688 251.95
59 365.277 258.5
60 357.667 253.389
61 351.359 246.459
62 361.84 267.5
63 354.047 247.483
64 363.07 252.44
65 353.27 253.488
66 354.728 255.764
67 363.304 256.992
68 356.931 254.841
69 369.242 253.14
70 356.258 253.282
71 350.555 244.949
72 355.015 252.84
73 355.472 254.496
74 354.278 265.812
75 348.356 252.494
76 356.741 258.441
77 370.958 254.998
78 344.006 251.821
79 360.555 245.797
80 351.618 253.982
81 358.195 242.833
82 365.877 262.362
83 364.417 242.899
84 370.945 250.388
85 359.579 251.237
86 360.888 260.931
87 361.862 253.841
88 354.923 257.418
89 367.15 248.387
90 363.962 249.758
91 374.823 245.385
92 365.23 244.315
93 363.673 260.288
94 355.472 251.714
95 355.161 255.053
96 365.602 257.62
97 432.416 270.934
98 349.159 266.252
99 359.671 245.385
100 372.253 246.708
101 346.617 252.951
102 368.494 245.353
103 364.143 254.46
104 358.873 248.992
105 359.912 253.992
106 366.587 249.712
107 367.236 254.441
108 361.53 245.927
109 363.222 251.95
110 366.033 257.091
111 362.338 251.873
112 358.288 253.357
113 365.93 252.44
114 357.539 257.721
115 354.972 259.767
116 371.634 260.914
117 374.72 245.341
118 358.748 256.842
119 378.019 263.68
120 346.526 258.244
121 367.253 251.998
122 375.029 246.968
123 367.43 260.496
124 359.525 262.952
125 370.621 247.475
126 367.778 251.237
127 361.587 250.998
128 355.758 252.476
129 358.663 261.461
130 355.831 248.459
131 363.048 256.93
132 361.649 253.417
133 353.652 251.416
134 365.371 258.198
135 362.767 258.766
136 377.472 253.969
137 363.681 247.927
138 367.038 247.475
139 351.723 264.388
140 357.983 263.249
141 362.218 241.651
142 366.617 257.196
143 352.551 256.441
144 365.877 250.416
145 337.291 248.499
146 348.039 254.417
147 362.74 258.093
148 365.338 254.496
149 362.74 253.357
150 363.846 251.76
151 364.678 258.36
152 370.991 249.387
153 360.583 248.387
154 353.186 253.282
155 370.223 248.837
156 366.148 251.022
157 374.315 251.666
158 363.924 257.62
159 355.311 250.819
160 365.68 257.843
161 355.421 244.477
162 348.152 262.442
163 365.027 250.46
164 360.23 251.476
165 357.771 258.876
166 361.674 242.458
167 363.22 248.998
168 365.612 248.499
169 365.513 262.29
170 358.484 263.771
171 366.748 250.388
172 362.218 263.953
173 353.836 253.827
174 352.267 242.413
175 360.122 266.933
176 367.493 246.708
177 367.617 263.315
178 359.579 249.387
179 352.003 246.87
180 366.543 254.417
181 351.845 243.949
182 368.795 257.765
183 362.843 256.618
184 361.455 245.353
185 362.566 261.362
186 358.845 249.55
187 367.791 248.998
188 344.801 245.479
189 357.744 257.36
190 360 248.077
191 356.533 251.44
192 363.22 254.763
193 366.543 243
194 362.668 248.928
195 365.97 254.982
196 362.678 251.903
197 350.605 254.841
198 366.332 266.458
199 357.989 253.282
200 366.135 264.102
201 358.994 257.439
202 358.664 259.5
203 362.133 263.101
204 361.208 247.968
205 379.654 248.757
206 364.464 261.725
207 347.839 258.952
208 367.064 270.998
209 352.349 253.557
210 364.052 246.13
211 368.388 245.998
212 349.159 245.797
213 348.64 240.998
214 366.486 253.716
215 378.933 259.488
216 354.102 251.839
217 361.378 264.244
218 363.318 251.903
219 355.927 245.275
220 349.082 264.847
221 373.798 254.982
222 352.429 250.356
223 371.16 245.9
224 355.978 253.417
225 352.914 242.992
226 361.309 251.76
227 351.807 255.441
228 366.426 263.771
229 358.663 259.844
230 362.591 258.983
231 366.614 250.958
232 350.26 250.5
233 368.89 246.87
234 355.032 252.761
235 361.237 254.929
236 362.218 245.967
237 357.48 247.415
238 357.433 253.969
239 348.152 250.902
240 353.621 257.876
241 359.11 252.873
242 366.041 259.488
243 369.15 255.496
244 356.535 255.5
245 351.733 270.777
246 347.223 246.658
247 346.464 253.496
248 359.316 244.9
249 378.502 250.08
250 360.375 253.969
251 371.634 255.476
252 352.851 253.969
253 355.015 253.762
254 360.755 253.357
255 367.43 254.615
256 361.04 251.137
257 355.077 259.392
258 353.186 256.93
259 351.618 256.969
260 365.582 253.43
261 363.665 241.33
262 352.446 233.987
263 363.22 259.808
264 360.375 251.388
265 369.286 264.855
266 363.048 250.236
267 343.759 255.441
268 365.39 254.615
269 353.621 257.243
270 355.408 245.992
271 369.506 246.276
272 353.007 258.766
273 370.554 255.5
274 360.205 251.76
275 368.795 256.39
276 366.314 252.238
277 356.185 235.381
278 350.493 244.869
279 359.11 254.087
280 361.269 252.761
281 362.591 272.971
282 356.875 254.476
283 354.972 255.323
284 345.517 258.876
285 347.027 245.601
286 356.205 239.495
287 346.432 249.872
288 372.083 259.767
289 367.038 259.992
290 346.687 258.325
291 370.707 260.992
292 360.6 259.675
293 364.777 257.391
294 354.844 252.428
295 365.23 257.876
296 367.236 253.998
297 356.09 253.969
298 354.189 251.488
299 359.11 259.675
300 373.561 247.901
301 350.605 261.677
302 351.821 255.476
303 371.159 250.743
304 356.476 251.968
305 352.718 251.873
306 349.494 253.322
307 375.883 254.969
308 357.989 255.5
309 361.309 248.439
310 368.155 263.811
311 352.624 257.5
312 366.811 250.02
313 362.566 257.519
314 365.97 246.439
315 359.444 260.496
316 354.378 238.118
317 349.943 258.84
318 357.365 255.143
319 355.408 249.95
320 370.707 257.033
321 361.455 262.16
322 344.375 255.417
323 362.011 256.998
324 369.785 249.495
325 378.933 256.031
326 359.207 247.901
327 368.321 250.5
328 373.256 251.76
329 356.979 250.968
330 352.003 245.927
331 353.631 246.87
332 349.716 248.077
333 368.068 257.36
334 364.922 249.758
335 368.475 259.496
336 375.959 250.28
337 341.21 246.487
338 350.157 255.46
339 368.145 250.609
340 352.179 247.233
341 367.43 263.953
342 369.602 248.902
343 368.862 249.387
344 346.237 262.846
345 362.206 263.443
346 370.608 248.998
347 360.323 249.475
348 357.097 265.812
349 361.04 249.459
350 362.864 260.768
351 359.256 256.951
352 346.981 263.879
353 337.171 242.227
354 363.346 249.992
355 365.027 254.841
356 363.595 255.417
357 351.618 256.671
358 363.222 260.442
359 354.153 246.386
360 354.849 244.499
361 366.933 258.969
362 368.13 246.353
363 353.918 265.39
364 362.69 252.139
365 337.71 255.359
366 363.535 257.286
367 356.637 259.361
368 351.255 252.359
369 364.255 262.313
370 353.044 261.442
371 372.083 259.392
372 359.579 252.476
373 347.53 253.085
374 347.471 263.932
375 361.237 247.837
376 367.886 268.954
377 343.016 247.415
378 347.027 247.871
379 373.866 251.321
380 369.324 248.95
381 352.267 249.838
382 364.125 268.581
383 366.377 254.283
384 363.582 258.287
385 348.411 247.184
386 350.56 260.952
387 362.668 252.968
388 355.601 257.488
389 353.822 251.76
390 353.836 261.809
391 360 240.225
392 369.402 247.475
393 353.758 253.357
394 360.855 242.227
395 358.544 249.998
396 367.75 248.954
397 365.709 251.839
398 359.131 253.496
399 356.655 259.844
400 364.225 246
401 367.984 258
402 362.338 257.973
403 353.555 252.46
404 350.049 242.899
405 349.874 251.496
406 349.274 261.878
407 351.286 247.439
408 365.422 259.952
409 350.5 258.807
410 361.39 260.496
411 369.072 255.496
412 358.544 247.459
413 356.979 241.967
414 363.304 257.496
415 347.027 263.363
416 349.628 244.927
417 365.422 263.496
418 366.786 251.952
419 364.509 255.5
420 365.602 250.839
421 350.391 249.187
422 363.582 242.998
423 364.417 257.503
424 371.225 248.799
425 352.136 266.207
426 358.647 246.414
427 359.667 257.907
428 360.304 252.282
429 343.318 247.233
430 382.115 260.327
431 385.961 252.555
432 352.914 255.359
433 354.011 263.462
434 354.274 262.099
435 361.559 252.873
436 366.47 245.656
437 363.909 252.282
438 356.567 264.932
439 374.273 249.968
440 356.439 241.384
441 362.843 249.55
442 366.826 254.992
443 376.557 247.495
444 371.626 260.969
445 356.535 254.929
446 364.589 251.714
447 360.843 249.928
448 362.338 244.18
449 355.377 264.488
450 441.735 244.18
451 361.796 254.982
452 355.978 258.244
453 362.338 255.39
454 353.585 254.323
455 358.389 264.932
456 348.99 248.871
457 367.818 247.798
458 355.077 254.417
459 345.078 255.617
460 368.5 256.488
461 370.608 250.08
462 355.758 249.608
463 364.308 263.496
464 381.823 245.316
465 357.571 256.359
466 365.478 242.178
467 354.275 260.361
468 365.13 256.671
469 356.441 261.906
470 342.6 251.44
471 353.857 247.95
472 341.555 254.763
473 361.84 248.349
474 351.5 252.44
475 366.688 252.476
476 350.803 257.876
477 360.117 253.357
478 365.926 253.14
479 358.366 257.952
480 369.785 262.983
481 361.84 264.983
482 379.654 252.139
483 363.318 260.724
484 339.208 253.239
485 353.409 259.723
486 285.606 258.418
487 357.176 260.724
488 364.452 251.5
489 355.066 252.873
490 357.936 251.95
491 359.653 244.949
492 362.997 255.496
493 360.789 256.805
494 367.521 253.282
495 352.459 246.658
496 357.097 255.476
497 364.308 262.29
498 356.567 261.969
499 361.859 252.84
500 370.481 257.196
501 363.142 256.992
502 366.156 249.387
503 357.323 258.876
504 344.865 249.487
505 365.371 248.757
506 361.587 263.443
507 364.873 256.144
508 359.291 258.093
509 349.994 252.139
510 358.748 251.321
511 343.626 247.386
512 354.024 256.562
513 351.812 268.983
514 364.609 262.099
515 346.464 255.832
516 350.371 244.796
517 355.501 252.802
518 365.688 255.088
519 366.786 253.488
520 360.133 249.982
521 367.61 249.235
522 366.268 259.723
523 363.808 258.476
524 372.76 252.903
525 366.47 249.956
526 360.758 249.982
527 340.309 257.243
528 377.425 264.847
529 360.6 252.494
530 357.744 254.142
531 358.447 248.968
532 348.356 245.316
533 360.974 243.438
534 360.104 262.442
535 371.09 261.461
536 348.534 252.238
537 370.788 259.567
538 366.033 250.354
539 353.822 238.791
540 350.885 244.459
541 353.918 249.319
542 360.4 241.651
543 364.966 257.806
544 361.796 248.495
545 378.832 250.801
546 349.106 260.931
547 347.589 251.189
548 367.253 246.13
549 357.841 257.476
550 379.576 267.159
551 367.443 266.252
552 359.944 251.388
553 359.032 252.19
554 363.772 249.03
555 356.637 252.612
556 358.391 253.026
557 348.981 250.839
558 366.377 252.19
559 371.33 259
560 368.728 245.487
561 352.312 253.14
562 370.991 261.725
563 372.304 258.952
564 384.5 257.876
565 343.459 258.952
566 368.155 246.13
567 362.997 257.461
568 361.762 257.62
569 359.881 250.801
570 367.592 251.46
571 364.777 244.796
572 374.339 250.743
573 357.19 253.322
574 353.621 254.323
575 368.068 259.442
576 364.143 252.666
577 355.199 253.614
578 368.782 244.487
579 354.175 249.928
580 358.366 256.39
581 365.513 247.968
582 351.397 260.624
583 356.738 253.282
584 362.957 249.758
585 369.049 256.971
586 348.478 253.322
587 357.301 252.951
588 355.106 255.284
589 358.544 251.44
590 365.397 256.461
591 361.065 248.95
592 352.905 260.038
593 339.726 256.418
594 357.827 255.39
595 448.882 245.487
596 349.42 253.357
597 365.13 262.393
598 374.098 247.982
599 364.678 254.193
600 362.115 262.97
601 370.628 251.416
602 356.168 248.968
603 367.43 257.476
604 361.129 249.95
605 356.66 254.998
606 359.55 248.185
607 352.511 245.927
608 364.308 260.906
609 467.889 252.802
610 365.327 250.46
611 364.417 265.932
612 358.544 256.671
613 367.24 257.146
614 357.386 246.998
615 357.097 255.241
616 358.777 252.929
617 356.836 248.439
618 372.263 261.906
619 380.941 248.387
620 375.77 253.413
621 368.321 242.384
622 366.314 245.412
623 365.928 254.323
624 362.449 254.323
625 351.505 244.262
626 353.644 251.388
627 357.881 263.727
628 361.663 253.803
629 375.566 265.992
630 372.168 244.409
631 351.056 241.948
632 354.175 258.93
633 355.193 248.387
634 355.421 246.992
635 370.991 253.951
636 371.249 262.393
637 353.582 261.327
638 362.461 263.329
639 355.725 258.244
640 355.758 252.903
641 416.788 256
642 379.937 252.715
643 363.962 251.95
644 353.822 255.284
645 359.989 251.356
646 371.09 243.179
647 359.751 248.459
648 359.579 244.495
649 364.275 255.875
650 354.844 260.442
651 355.438 267.933
652 354.655 250.49
653 361.83 254.929
654 357.906 253.614
655 359.444 252.802
656 345.248 258.198
657 362.69 254.804
658 374.625 255.805
659 364.927 243.352
660 367.383 263.488
661 360.67 242.124
662 355.789 265.456
663 362.69 256.359
664 355.528 247.998
665 358.057 255.39
666 360.323 251.802
667 351.723 258.36
668 368.549 250.663
669 346.526 253.361
670 374.727 252.666
671 355.514 261.5
672 351.821 252.992
673 354.072 259.149
674 355.869 251.821
675 356.727 253.874
676 346.704 244.998
677 358.663 252.998
678 355.64 251.611
679 356.903 244.414
680 368.782 261.419
681 350.493 254.24
682 359.335 257.5
683 359.437 260.877
684 366.426 252.873
685 351.286 254.476
686 341.863 247.798
687 360.117 256.671
688 347.692 258.621
689 344.225 255.805
690 374.412 242.351
691 360.036 260.724
692 368.341 249.415
693 353.098 256.418
694 362.044 244.655
695 368.145 251.714
696 372.752 256.842
697 365.781 249.415
698 354.511 248.387
699 370.223 255.904
700 354.401 256.461
701 355.199 249.319
702 355.528 249.95
703 361.758 249.459
704 365.13 260.442
705 364.052 263.811
706 366.377 253.803
707 366.434 259.808
708 366.826 251.96
709 358.751 256.418
710 380.112 259.675
711 354.863 259.723
712 359.032 246.495
713 366.393 256.285
714 370.068 251.356
715 356.875 253.874
716 367.383 250.28
717 365.149 247.495
718 367.831 248.992
719 371.995 252.824
720 350.839 239.224
721 363.681 259.906
722 369.986 245.071
723 356.651 259.442
724 354.543 259.037
725 359.85 250
726 363.318 255.992
727 353.822 255.998
728 363.12 266.293
729 370.246 249.319
730 339.901 251.873
731 361.451 250.28
732 347.249 252.715
733 356.651 266.462
734 368.043 257.806
735 354.189 247.756
736 366.606 241.793
737 358.664 257.496
738 362.068 255.951
739 352.263 252.612
740 365.229 254.389
741 358.117 256.39
742 349.99 256.359
743 360.211 253.496
744 355.978 256.875
745 361.862 258.969
746 365.852 253.992
747 363.12 261.847
748 357.793 257.721
749 358.548 246.949
750 362.381 250.236
751 355.927 242.949
752 350.611 261.981
753 369.145 253.803
754 361.006 249.758
755 351.171 263.203
756 351.807 244.643
757 362.69 253.969
758 359.099 241.226
759 359.812 252.139
760 370.254 244.315
761 358.117 257.806
762 357.743 256.764
763 357.386 243.125
764 355.632 254.488
765 356.185 256.992
766 351.172 248.459
767 348.379 233.639
768 356.567 251.992
769 363.648 260.877
770 353.723 257.905
771 366.135 260.038
772 342.111 248.234
773 347.839 263.363
774 365.709 255.982
775 363.582 270.056
776 361.961 255.982
777 347.563 256.39
778 348.712 257.286
779 364.916 246.881
780 366.156 253.357
781 360.104 256.905
782 357.659 246.317
783 344.972 243.179
784 361.129 265.251
785 364.308 239.967
786 358.748 253.14
787 360.4 254.389
788 355.978 256.031
789 355.869 259.392
790 362.673 258.244
791 366.314 244.274
792 395.474 254.594
793 344.687 248.837
794 365.877 252.083
795 358.128 256.144
796 373.517 254.967
797 364.027 264.811
798 360.2 252.357
799 361.404 257.5
800 362.461 253.929
801 355.18 266.443
802 362.215 261.992
803 358.232 263.291
804 350.936 247.952
805 360.493 254.904
806 368.944 256.144
807 356.415 258.876
808 360.4 242.596
809 360.55 252.024
810 361.905 258
811 366.426 251.416
812 359.881 263.154
813 360.4 244.477
814 365.928 253.282
815 368.615 249.135
816 477.066 262.679
817 353.836 250.928
818 362.133 266.908
819 361.21 263.907
820 360.205 250.839
821 349.703 251.488
822 362.115 247.459
823 366.005 253.322
824 359.525 243.487
825 361.404 256.461
826 351.397 258.325
827 351.618 255.93
828 370.054 252.968
829 368.145 249.872
830 357.368 255.441
831 359.032 247.837
832 358.484 257.496
833 353.186 250.496
834 360.755 235.981
835 364.353 246.439
836 355.472 247.415
837 359.11 248.355
838 359.579 252.968
839 354.593 253.488
840 363.223 249.495
841 353.27 254.904
842 365.595 257.905
843 365.422 252.968
844 361.447 258.287
845 354.275 256.324
846 354.318 252.715
847 361.497 252.968
848 284.172 250.948
849 361.895 251.356
850 362.921 248.711
851 374.7 251.95
852 370.155 247.798
853 357.542 257.36
854 339.435 249.712
855 356.362 258.035
856 361.561 255.764
857 357.284 250.356
858 372.907 254.496
859 345.682 248.902
860 358.204 263.907
861 368.321 260.969
862 359.444 249.608
863 354.897 245.275
864 363.22 245.992
865 358.887 254.283
866 370.327 256.488
867 362.602 247.415
868 346.235 254.929
869 355.377 264.998
870 369.439 255.284
871 364.125 259.998
872 350.632 245.835
873 363.765 258.876
874 360.452 256.221
875 359.131 255.39
876 368.388 248.318
877 357.26 257.488
878 367.43 259
879 354.844 245.998
880 361.975 249.8
881 365.467 251.496
882 367.456 254.496
883 354.762 258.198
884 360.211 243.982
885 355.161 256.969
886 323.246 258.844
887 356.903 254.488
888 370.076 259.287
889 361.109 261.916
890 366.235 259.361
891 354.192 265.251
892 362.678 255.805
893 349.239 251.388
894 371.903 249.235
895 364.052 244.869
896 377.64 247.184
897 364.143 245.9
898 364.849 258.325
899 357.211 257.969
900 360.329 253.44
901 371.625 250.95
902 375.553 250.713
903 358.197 247.487
904 368.939 254.028
905 370.254 250.663
906 361.92 253.998
907 347.261 261.496
908 357.881 252.982
909 367.696 261.098
910 372.253 259.623
911 347.027 257.488
912 352.64 255.46
913 362.91 253.982
914 348.306 261.289
915 360.855 246.836
916 369.439 252.488
917 364.255 256.437
918 361.065 255.842
919 379.845 259.906
920 365.277 246.459
921 352.179 262.726
922 359.444 257.905
923 363.962 256.39
924 350.592 250.416
925 362.839 257.721
926 374.075 261.247
927 351.618 260.476
928 364.073 254.291
929 358.094 245
930 338.538 261.04
931 354.638 250.759
932 368.043 259.199
933 355.083 245.479
934 360.493 253.496
935 360.375 254.46
936 354.275 252.873
937 368.035 255.496
938 364.027 258.461
939 367.048 257.672
940 355.601 260.288
941 363.846 247.952
942 360.949 250.982
943 369.014 254.028
944 364.685 245.656
945 358.391 260.952
946 366.213 250.819
947 364.464 249.55
948 373.268 253.992
949 366.881 252.951
950 326.466 262.202
951 350.493 243.705
952 361.674 254.904
953 353.822 249.838
954 365.311 249.95
955 353.894 234.265
956 364.849 256.562
957 355.737 255.842
958 372.193 249.872
959 359.55 261.201
960 438.347 260.768
961 354.522 260.419
962 361.561 260.442
963 355.851 257.36
964 345.427 248.487
965 366.47 254.904
966 355.199 247.386
967 353.067 255.5
968 355.514 252.46
969 370.467 263.496
970 355.727 253.085
971 368.341 248.757
972 362.313 250.872
973 354.734 265.157
974 342.453 244.495
975 365.262 264.772
976 375.639 251.746
977 362.566 255.56
978 349.42 258.441
979 367.984 240.4
980 363.808 259.376
981 357.2 257.564
982 357.365 257.488
983 357.642 262.846
984 355.359 258.983
985 364.873 259.877
986 352.704 244.438
987 362.902 257.461
988 362.115 258.441
989 368.152 262.477
990 360.493 249.319
991 363.359 253.667
992 359.54 252.802
993 353.857 251.388
994 369.942 251.998
995 358.993 256.982
996 351.111 253.282
997 358.094 253.496
998 360.888 251.95
999 362.449 249.495
1000 367.546 251.137
1001 357.955 253.982
1002 364.03 254.46
1003 354.175 247.992
1004 355.632 256.905
1005 369.895 254.969
1006 360.916 265.786
1007 356.185 249.712
1008 362.902 239.925
1009 364.163 249.187
1010 353.047 254.904
1011 354.275 240.35
1012 367.696 254.904
1013 374.315 245.949
1014 360.837 251.839
1015 367.236 255.088
1016 353.746 249.712
1017 364.598 251.492
1018 363.359 252.416
1019 373.2 261.392
1020 361.602 258.391
1021 375.731 258.807
1022 351.75 260.969
1023 367.592 247.417
1024 371.855 243.598
1025 350.44 252.46
1026 344.877 243.752
1027 352.386 251.929
1028 366.786 259.199
1029 358.575 262.42
1030 361.109 260.096
1031 361.21 257.93
1032 350.708 259.952
1033 354.923 251.44
1034 361.53 253.46
1035 364.916 255.143
1036 354.467 253.716
1037 360 250.551
1038 365.478 263.847
1039 366.811 260.246
1040 361.347 258.93
1041 363.413 258.418
1042 359.11 260.476
1043 361.21 251.893
1044 356.859 265.477
1045 361.455 245.542
1046 365.852 252.761
1047 368.388 248.572
1048 345.868 243.068
1049 357.571 238.076
1050 371.611 250.356
1051 350.611 254.358
1052 373.632 251.137
1053 365.032 264.908
1054 355.644 244.315
1055 360.125 248.66
1056 353.394 252.962
1057 356.533 267.176
1058 372.253 250.496
1059 367.592 267.634
1060 359.55 262.442
1061 368.944 262.932
1062 355.501 252.612
1063 355.049 251.714
1064 354.511 247.075
1065 369.159 262.5
1066 351.502 248.837
1067 361.905 259.419
1068 352.65 255.359
1069 342.689 258.621
1070 355.28 252.494
1071 353.186 253.557
1072 372.263 248.871
1073 367.236 265.462
1074 352.463 252.416
1075 367.038 254.142
1076 439.764 245.231
1077 370.155 254.982
1078 360.329 244.18
1079 342.876 254.46
1080 367.617 260.496
1081 344.674 260.768
1082 364.966 254.441
1083 355.733 251.802
1084 361.953 261.289
1085 356.983 245.459
1086 376.57 252.929
1087 362.566 252.992
1088 355.733 253.904
1089 359.11 256.618
1090 355.733 246.232
1091 361.21 267.294
1092 365.149 260.327
1093 358.329 248.016
1094 363.595 256.969
1095 367.14 255.93
1096 352.094 253.982
1097 350.28 251.839
1098 362.301 261.983
1099 358.731 251.714
1100 478.949 258.952
1101 368.549 258.36
1102 372.065 259.844
1103 364.365 254.087
1104 367.696 250.801
1105 364.598 251.321
1106 359.201 262.97
1107 356.192 262.998
1108 363.505 261.448
1109 363.136 253.557
1110 359.299 261.327
1111 355.91 248
1112 357.024 248.799
1113 375.615 243.982
1114 369.404 252.84
1115 367.61 248.66
1116 358.117 253.929
1117 367.15 249.888
1118 364.225 251.321
1119 353.338 253.965
1120 369.529 257
1121 355.758 256.764
1122 347.027 257.992
1123 359.893 246.998
1124 346.133 256.488
1125 362.301 257.765
1126 361.204 262.42
1127 350.905 261.419
1128 353.432 242.967
1129 353.836 250.424
1130 363.22 257.905
1131 365.36 261.725
1132 357.055 261.488
1133 369.15 252.929
1134 348.798 260.906
1135 376.423 251.982
1136 362.09 248.415
1137 356.98 254.488
1138 364.685 250.388
1139 356.738 250.46
1140 364.744 256.982
1141 354.728 251.416
1142 359.989 264.847
1143 363.772 252.873
1144 361.918 249.872
1145 372.907 237.992
1146 362.91 246.992
1147 360.899 260.476
1148 356.823 262.77
1149 381.715 258.876
1150 366.562 248.95
1151 363.595 255.969
1152 351.602 247.459
1153 362.115 249.902
1154 352.136 258.93
1155 364.225 252.968
1156 352.003 261.098
1157 366.232 245.646
1158 358.438 257.36
1159 361.587 247.982
1160 364.509 242.967
1161 363.607 244.385
1162 318.096 249.279
1163 373.798 257
1164 359.678 253.488
1165 370.945 244.706
1166 361.347 251.929
1167 371.33 251.388
1168 318.396 246.708
1169 360.342 258.198
1170 362.458 259.567
1171 348.99 255.323
1172 364.678 250.28
1173 361.378 251.281
1174 358.103 262.701
1175 353.394 262.42
1176 358.83 255.417
1177 365.803 251.903
1178 362.566 259.931
1179 370.35 253.667
1180 356.02 254.763
1181 345.682 255.488
1182 371.214 246.414
1183 361.587 260.983
1184 363.868 254.488
1185 348.99 253.14
1186 367.978 263.329
1187 368.619 259.723
1188 352.267 248.606
1189 357.26 252.998
1190 369.402 264.329
1191 342.876 268.365
1192 379.363 253.476
1193 357.571 253.951
1194 370.621 252.238
1195 350.963 255.359
1196 367.608 253.951
1197 355.106 250.801
1198 346.664 260.808
1199 358.438 255.476
1200 351.636 244.315
1201 361.569 254.929
1202 361.561 257.983
1203 360.789 250.44
1204 258.936 254.24
1205 367.443 257.418
1206 356.382 247.132
1207 365.928 250.982
1208 365.149 263.101
1209 361.455 247.483
1210 372.874 256.242
1211 368.597 249.662
1212 363.048 243.795
1213 371.995 256.476
1214 352.267 256.441
1215 355.9 247.354
1216 372.696 250.188
1217 367.038 256.905
1218 363.916 261.809
1219 369.895 262.313
1220 367.472 246.998
1221 364.768 260.327
1222 358.057 259.287
1223 357.592 251.95
1224 358.391 249.279
1225 365.602 256.324
1226 347.241 251.281
1227 353.723 253.929
1228 368.152 254.142
1229 359.671 252.982
1230 357.423 246.276
1231 363.017 262.496
1232 359.395 257.998
1233 353.116 254.389
1234 359.291 260.2
1235 363.847 253.951
1236 354.076 254.967
1237 370.533 239.531
1238 360.658 253.192
1239 347.931 252.968
1240 368.939 269.162
1241 373.292 262.97
1242 355.972 263.363
1243 354.522 246.836
1244 364.027 245.438
1245 353.918 241.226
1246 374.72 255.441
1247 357.488 263.879
1248 348.797 255.417
1249 375.029 263.97
1250 364.576 250.968
1251 351.505 247.837
1252 373.087 262
1253 362.902 251.992
1254 370.076 253.716
1255 360 254.323
1256 358.057 252.873
1257 366.933 253.44
1258 364.387 259.507
1259 357.658 252.238
1260 358.028 245.927
1261 344.369 262.202
1262 365.612 251.968
1263 365.229 265.682
1264 357.323 258.952
1265 373.292 252.998
1266 363.098 249.758
1267 364.387 255.441
1268 359.579 257.5
1269 368.168 260.569
1270 358.731 253.841
1271 361.04 248.871
1272 358.748 257.286
1273 360.992 251.611
1274 360.789 255.194
1275 348.356 255.417
1276 357.357 253.389
1277 343.459 245.412
1278 364.255 252.929
1279 357.986 255.93
1280 359.912 253.969
1281 356.168 260.096
1282 364.589 239.312
1283 375.827 249.421
1284 357.539 246.544
1285 351.943 243.413
1286 373.087 254.46
1287 352.094 250.356
1288 374.294 264.953
1289 365.371 251.873
1290 373.798 263.97
1291 358.994 257.033
1292 353.016 254.389
1293 360.735 257.196
1294 351.111 254.763
1295 359.597 252.968
1296 375.804 245.129
1297 370.818 258.505
1298 352.459 252.286
1299 356.476 257.876
1300 360.493 260.983
1301 359.579 257.476
1302 345.769 258.441
1303 355.978 259.305
1304 362.138 250.902
1305 369.506 254.417
1306 350.905 264.102
1307 348.167 250.356
1308 363.017 259.877
1309 336.161 253.496
1310 351.359 255.417
1311 355.644 239.981
1312 360.342 262.878
1313 357.927 249.355
1314 360.888 249.499
1315 385.504 246.797
1316 366.688 254.46
1317 354.827 250
1318 362.313 258.565
1319 374.176 241.833
1320 361.801 251.929
1321 363.304 240.475
1322 351.16 248.318
1323 357.989 253.951
1324 368.614 251.137
1325 354.33 252.951
1326 352.429 252.998
1327 373.877 257.36
1328 363.535 253.998
1329 358.309 253.716
1330 360.658 247.883
1331 361.561 251.998
1332 358.575 252.476
1333 354.72 250.743
1334 378.65 265.443
1335 377.889 256.998
1336 355.758 252.802
1337 357.088 257.286
1338 376.468 263.329
1339 369.345 255.93
1340 366.214 260.2
1341 364.741 254.967
1342 358.887 246.797
1343 357.284 254.951
1344 361.859 256.998
1345 353.621 260.808
1346 365.595 250.551
1347 291.297 257.243
1348 356.836 253.361
1349 368.011 258.93
1350 354.72 256.875
1351 357.642 258.621
1352 360.036 257.418
1353 366.543 257.243
1354 360 263.329
1355 353.746 251.356
1356 368.168 257.196
1357 372.451 243.553
1358 360.992 247.277
1359 358.909 251.992
1360 358.575 252.476
1361 366.974 255.488
1362 361.674 254.904
1363 352.183 261.201
1364 370.61 255.969
1365 370.991 252.998
1366 351.027 247.998
1367 357.386 239.981
1368 361.674 248.195
1369 373.414 249.135
1370 344.465 249.235
1371 357.659 239.312
1372 344.241 255.904
1373 360.104 252.555
1374 374.091 264.292
1375 358.117 246.012
1376 358.887 264.879
1377 350.808 245.275
1378 350.26 250.28
1379 357.827 251.426
1380 356.836 253.496
1381 370.956 246.276
1382 365.93 252.968
1383 344.639 261.327
1384 369.754 243.998
1385 361.84 256.671
1386 349.929 253.762
1387 362.957 253.357
1388 346.7 245.459
1389 366.933 249.475
1390 360.555 261.31
1391 364.703 251.388
1392 361.451 232.345
1393 361.859 251.96
1394 368.89 252.357
1395 357.744 253.951
1396 358.288 265.772
1397 364.873 256.805
1398 359.299 257.243
1399 366.543 256.5
1400 359.45 251.929
1401 356.052 257.146
1402 380.475 264.462
1403 360.918 266.496
1404 377.269 255.904
1405 357.659 246.353
1406 362.461 248.439
1407 336.482 244.6
1408 367.546 247.495
1409 364.231 250.89
1410 358.575 250.551
1411 353.893 261.952
1412 373.953 249.608
1413 376.924 252.962
1414 356.741 252.715
1415 357.323 253.496
1416 363.222 244.098
1417 369.621 245.459
1418 376.032 263.241
1419 372.541 247.354
1420 354.349 252.389
1421 353.17 259.912
1422 360.4 257.503
1423 368.619 262.248
1424 348.276 249.872
1425 373.722 254.417
1426 352.612 250.759
1427 363.208 232.691
1428 349.484 243.752
1429 358.094 247.439
1430 356.476 260.992
1431 360.125 244.982
1432 361.21 249.499
1433 361.84 257.243
1434 359.55 254.283
1435 368.944 235.308
1436 370.788 257.461
1437 350.371 247.734
1438 366.232 258.905
1439 369.832 254.951
1440 364.336 261.362
1441 364.609 256.418
1442 367.383 251.237
1443 354.011 257.461
1444 366.367 260.488
1445 362.533 246.487
1446 371.166 260.419
1447 357.571 258.488
1448 365.277 239.224
1449 364.472 247.495
1450 365.23 256.5
1451 363.765 261.362
1452 360.855 255.969
1453 365.027 260.969
1454 357.881 254.24
1455 357.19 260.488
1456 325.724 257.243
1457 359.783 254.283
1458 362.864 248.439
1459 351.505 246.87
1460 358.751 257.461
1461 352.507 263.496
1462 366.393 253.716
1463 345.647 249.956
1464 361.455 266.633
1465 369.5 254.929
1466 370.805 255.998
1467 457.436 252.761
1468 365.422 257.905
1469 357.097 249.459
1470 373.912 254.46
1471 369.402 257.843
1472 359.893 266.993
1473 356.741 255.476
1474 349.082 255.366
1475 349.929 264.102
1476 379.576 245.646
1477 361.762 253.803
1478 348.99 250.416
1479 350.256 253.488
1480 354.849 254.323
1481 363.765 256.242
1482 358.575 258.476
1483 364.125 254.992
1484 351.359 256.764
1485 470.855 259.769
1486 372.874 252.389
1487 335.061 256.476
1488 350.592 251.893
1489 363.681 246.459
1490 357.323 251.839
1491 356.083 259.877
1492 358.83 247.459
1493 370.35 262.77
1494 351.178 254.476
1495 371.187 250.416
1496 372.083 248.998
1497 334.939 251.426
1498 350.632 258.496
1499 363.676 249.415
1500 366.543 254.558
1501 355.28 240.832
1502 354.522 251.982
1503 364.538 249.998
1504 366.34 255.969
1505 364.365 243.274
1506 362.011 251.416
1507 370.292 262.538
1508 368.698 254.358
1509 356.415 252.476
1510 360.205 254.389
1511 331.474 261.809
1512 359.671 260.877
1513 368.944 247.354
1514 360.658 255.679
1515 362.014 258.302
1516 347.471 253.417
1517 380.82 254.951
1518 357.2 253.322
1519 361.309 257.806
1520 364.125 253.841
1521 353.27 244.18
1522 364.225 257.843
1523 353.893 249.55
1524 365.034 247.233
1525 359.912 260.496
1526 352.037 257.325
1527 361.129 249.902
1528 349.721 262.362
1529 365.928 248.992
1530 347.707 260.931
1531 361.136 254.755
1532 360 254.829
1533 355.161 246.708
1534 352.292 262.5
1535 364.538 258.441
1536 359.131 248.66
1537 350.256 263.574
1538 360.837 243.992
1539 362.501 259.326
1540 365.928 260.906
1541 371.634 256.671
1542 365.13 260.509
1543 365.034 267.813
1544 349.485 248.968
1545 352.64 264.847
1546 352.312 254.028
1547 357.386 266.813
1548 352.704 261.496
1549 374.636 256.842
1550 366.148 257.905
1551 352.727 252.5
1552 371.354 261.809
1553 357.48 246.475
1554 362.569 263.811
1555 367.236 241.967
1556 357.323 260.442
1557 353.746 253.841
1558 354.849 256.441
1559 356.735 253.417
1560 356.836 251.356
1561 361.455 252.895
1562 369.617 248.928
1563 368.035 258.93
1564 355.077 253.951
1565 361.674 253.357
1566 354.356 245.471
1567 367.75 246.968
1568 432.231 252.802
1569 350.726 248.499
1570 369.394 256.359
1571 351.895 241.122
1572 368.083 260.983
1573 371.447 255.5
1574 344.767 251.903
1575 367.693 257.952
1576 367.396 245.797
1577 372.411 259.376
1578 358.329 249.902
1579 361.347 245.459
1580 372.874 256.39
1581 352.266 251.44
1582 364.022 257.488
1583 357.936 255.842
1584 358.497 257.36
1585 351.261 254.615
1586 351.359 264.204
1587 340.774 256.369
1588 357.542 244.274
1589 351.636 251.95
1590 343.773 257.763
1591 350.391 272.444
1592 356.765 250.998
1593 364.417 253.488
1594 368.28 254.417
1595 349.17 252.929
1596 364.927 246.481
1597 341.104 246.475
1598 352.094 259.461
1599 368.043 250.32
1600 354.415 258.909
1601 365.229 250.968
1602 363.868 254.389
1603 350.154 254.841
1604 353.007 259.983
1605 359.667 264.388
1606 359.192 250.902
1607 354.901 252.357
1608 359.032 249.235
1609 357.539 255.476
1610 361.918 247.479
1611 365.027 256.671
1612 337.837 253.716
1613 369.085 253.992
1614 349.385 256.992
1615 366.148 245.475
1616 345.456 261.969
1617 356.317 243.495
1618 368.982 250.928
1619 356.48 255.39
1620 349.96 254.476
1621 384.656 249.8
1622 359.579 259.983
1623 360.062 267.5
1624 352.739 252.555
1625 370.513 253.614
1626 357.48 254.992
1627 357.659 248.459
1628 361.298 262.679
1629 353.463 247.71
1630 359.387 247.499
1631 347.589 253.969
1632 373.173 258.505
1633 374.367 250.416
1634 356.317 245.947
1635 371.019 252.998
1636 363.12 246.968
1637 358.103 245.186
1638 375.992 250.5
1639 351.733 249.355
1640 348.246 244.438
1641 375.992 250.496
1642 362.957 244.352
1643 373.17 260.998
1644 369.942 257.93
1645 359.858 247.233
1646 371.903 252.929
1647 370.621 260.496
1648 361.309 249.475
1649 416.915 264.517
1650 368.341 256.951
1651 374.823 257.806
1652 359.131 257
1653 366.606 250.982
1654 365.688 246.658
1655 351.723 257.476
1656 361.84 265.443
1657 358.43 247.901
1658 373.297 253.716
1659 349.703 245.927
1660 348.039 242.967
1661 340.204 250.44
1662 363.582 251.44
1663 367.937 249.319
1664 377.237 258.905
1665 349.9 247.439
1666 363.048 270.851
1667 361.497 249.902
1668 360.658 252.992
1669 348.569 247.439
1670 351.128 261.488
1671 359.633 253.992
1672 357.323 254.498
1673 356.931 258.674
1674 362.409 252
1675 360.375 251.839
1676 345.242 256.5
1677 350.086 256.242
1678 352.851 254.841
1679 350.036 253.969
1680 358.094 253.998
1681 365.145 257.765
1682 367.317 257.503
1683 362.533 248.928
1684 366.232 254.087
1685 361.674 236.155
1686 378.19 267.208
1687 370.805 249.95
1688 349.349 255.435
1689 357.539 254.717
1690 367.608 253.44
1691 360.6 258.441
1692 358.43 247.546
1693 359.653 253.969
1694 361.649 244.487
1695 363.916 259.461
1696 353.857 257.843
1697 368.511 252.968
1698 363.222 252.238
1699 368.083 253.982
1700 366.606 242.227
1701 355.758 257.992
1702 375.804 250.136
1703 363.595 254.615
1704 352.25 247.354
1705 349.044 248.871
1706 353.517 258.391
1707 354.844 261.362
1708 355.106 262
1709 366.692 253.827
1710 367.253 257.496
1711 366.614 257.843
1712 363.665 251.873
1713 363.413 253
1714 358.197 260.906
1715 345.384 259.931
1716 365.467 253.192
1717 352.403 256.359
1718 366.933 259.245
1719 363.467 255.805
1720 357.539 251.476
1721 345.471 253.322
1722 361.497 253.667
1723 363.673 264.443
1724 359.579 257.998
1725 354.722 263.291
1726 353.007 252.84
1727 367.929 252.238
1728 353.822 262.328
1729 363.916 260.496
1730 354.188 250.356
1731 348.848 258.198
1732 375.095 257.476
1733 355.725 251.664
1734 363.538 265.33
1735 353.857 247.415
1736 360.641 253.192
1737 365.422 251.903
1738 358.295 249.135
1739 358.204 253.46
1740 357.48 256.764
1741 369.286 247.415
1742 348.034 251.982
1743 356.546 254.46
1744 371.447 260.969
1745 352.429 257.952
1746 356.945 249.395
1747 358.484 260.327
1748 351.09 250.992
1749 364.685 254.087
1750 350.605 246.386
1751 359.437 256.805
1752 362.458 259.151
1753 359.395 253.667
1754 339.735 246.459
1755 360.789 254.283
1756 349.256 244.475
1757 358.748 251.281
1758 349.703 247.927
1759 364.323 258.722
1760 363.304 254.441
1761 348.878 257.325
1762 348.921 256.09
1763 359.85 257.391
1764 363.962 256.324
1765 344.697 251.611
1766 361.762 250.136
1767 358.438 254.998
1768 365.13 253.5
1769 361.451 244.796
1770 362.668 257.418
1771 363.595 246.481
1772 369.439 259.245
1773 359.395 254.992
1774 356.083 251.982
1775 355.377 247.901
1776 357.386 260.361
1777 361.04 254.193
1778 366.033 260.877
1779 355.733 251.492
1780 362.91 252.496
1781 358.288 265.364
1782 357.542 242.273
1783 374.492 244.949
1784 357.881 253.282
1785 361.762 256.359
1786 359.104 251.022
1787 373.256 247.871
1788 365.928 251.189
1789 357.519 268.108
1790 359.85 254.46
1791 362.604 252.761
1792 360.837 243.438
1793 352.363 255.875
1794 360.403 251.137
1795 349.112 251.082
1796 359.192 260.768
1797 348.426 250.416
1798 366.426 254.498
1799 355.851 257.983
1800 352.459 259.392
1801 356.511 251.76
1802 364.509 252.666
1803 371.995 253.322
1804 364.14 266.331
1805 355.472 255.441
1806 356.727 244.869
1807 350.611 269.295
1808 362.566 251.082
1809 377.237 252.19
1810 361.994 247.992
1811 354.192 246.658
1812 352.727 255.284
1813 364.849 251.488
1814 369.049 257.93
1815 362.014 253.762
1816 366.517 252.555
1817 354.175 256.09
1818 361.83 261.151
1819 355.277 252.802
1820 374.259 251.321
1821 353.27 254.488
1822 359.881 250.32
1823 364.052 256.324
1824 344.913 255.366
1825 358.195 252.321
1826 359.372 254.358
1827 351.943 249.116
1828 370.254 269.644
1829 355.083 259.461
1830 352.96 257.299
1831 351.454 256.969
1832 368.698 265.251
1833 357.19 249.355
1834 353.202 254.358
1835 367.61 246.414
1836 360.899 261.201
1837 352.25 261.419
1838 355.927 256.72
1839 350.803 247.992
1840 374.727 261.992
1841 354.901 254.323
1842 344.482 260.998
1843 364.546 262.328
1844 358.845 259.476
1845 357.19 260.476
1846 360.036 251.611
1847 363.681 262.496
1848 356.293 266.633
1849 369.986 251.929
1850 353.822 249.968
1851 357.841 264.811
1852 365.311 252.321
1853 366.856 259.496
1854 359.327 255.951
1855 352.95 256.805
1856 356.637 260.327
1857 378.678 252.476
1858 355.528 248.387
1859 354.638 255.992
1860 362.392 247.499
1861 362.668 247.798
1862 355.727 247.798
1863 370.481 249.95
1864 380.042 253.496
1865 353.007 253.803
1866 349.445 245.835
1867 356.281 250.188
1868 351.454 244.459
1869 369.865 242.537
1870 359.06 259.23
1871 423.202 256.359
1872 358.484 260.327
1873 357.542 259.305
1874 362.206 247
1875 355.193 256.369
1876 368.388 253.557
1877 349.369 253.14
1878 372.263 262.97
1879 356.979 259.983
1880 368.752 253.496
1881 353.193 263.932
1882 370.086 259.496
1883 340.955 253.496
1884 365.602 266.953
1885 347.836 268
1886 355.514 266.933
1887 348.594 254.496
1888 363.765 241.545
1889 354.975 253.667
1890 354.373 254.982
1891 356.281 255.617
1892 369.942 267.5
1893 368.155 249.135
1894 354.972 253.951
1895 347.692 251.998
1896 368.152 252.357
1897 370.405 256.418
1898 356.09 247
1899 365.467 249.03
1900 369.689 259.361
1901 366.232 259.5
1902 360.211 253.827
1903 372.76 270.934
1904 359.85 249.387
1905 356.589 254.214
1906 354.975 249.712
1907 371.514 262.29
1908 354.401 260.624
1909 365.453 251.839
1910 360.036 255.284
1911 369.324 248.133
1912 349.339 247.653
1913 361.859 260.246
1914 359.06 259.245
1915 364.275 254.049
1916 365.23 257.461
1917 370.621 253.488
1918 377.561 252.389
1919 365.145 259.488
1920 354.972 246.901
1921 374.339 259.5
1922 373.647 248.968
1923 360.205 257.091
1924 359.131 255.93
1925 356.083 253.998
1926 355.869 254.323
1927 364.703 254.291
1928 361.455 259.992
1929 361.123 254.615
1930 354.728 257.721
1931 371.33 252.476
1932 357.19 250.49
1933 361.497 253.992
1934 367.818 251.76
1935 355.632 244.477
1936 357.113 242.351
1937 357.284 252.46
1938 355.277 254.763
1939 359.11 261.442
1940 350.391 248.499
1941 345.868 253.496
1942 361.762 247.927
1943 361.331 252.802
1944 361.21 258.198
1945 357.662 244.802
1946 362.957 244.475
1947 365.23 248.992
1948 362.13 250.992
1949 371.259 251.903
1950 360.583 258.441
1951 370.554 252.962
1952 362.215 258.807
1953 361.758 255.93
1954 360.036 262.5
1955 363.582 251.839
1956 357.743 258.983
1957 364.685 252.895
1958 369.154 259.461
1959 371.403 255.441
1960 360.799 264.477
1961 377.831 254.841
1962 350.45 256.031
1963 364.598 257.969
1964 365.262 256.618
1965 350.391 249.495
1966 366.483 257.488
1967 369.95 263.488
1968 372.083 246.992
1969 366.156 246.475
1970 354.33 249.475
1971 373.632 266.421
1972 362.243 253.841
1973 361.862 257.837
1974 359.753 261.327
1975 370.054 255.969
1976 360.294 256.764
1977 355.528 252.416
1978 361.309 260.488
1979 352.463 253.904
1980 367.064 254.417
1981 362.133 243.967
1982 353.27 253.192
1983 351.359 259.931
1984 357.223 248.415
1985 362.429 256.057
1986 364.922 253.998
1987 365.003 259.808
1988 350.371 257.496
1989 349.007 253.951
1990 354.593 257.461
1991 364.966 251.237
1992 366.587 254.904
1993 363.962 269.983
1994 347.702 253.085
1995 359.11 251.982
1996 353.624 262.932
1997 362.591 249.387
1998 353.27 255.359
1999 363.465 259.977
2000 351.909 264.811
2001 363.136 255.842
2002 359.335 254.323
2003 364.922 262.29
2004 361.309 250.801
2005 359.335 263.515
2006 357.29 250.839
2007 351.576 251.356
2008 350.605 257.371
2009 351.74 261.878
2010 357.936 268.365
2011 373.561 262.328
2012 363.696 245.9
2013 362.133 257.461
2014 350.05 253.496
2015 360.201 249.74
2016 355.472 258.441
2017 372.541 247.927
2018 368.5 253
2019 370.076 258.36
2020 356.637 253.951
2021 361.961 263.811
2022 364.255 266.933
2023 364.022 255.284
2024 364.856 240.383
2025 351.713 258.905
2026 358.057 260.877
2027 354.923 257.992
2028 345.682 247.992
2029 338.395 259.723
2030 374.549 250.496
2031 349.68 252.612
2032 355.106 246.475
2033 340.776 249.872
2034 361.918 243.926
2035 351.346 260.496
2036 367.236 249
2037 359.45 252.238
2038 362.576 254.982
2039 357.743 265.953
2040 368.155 262.627
2041 364.365 258.505
2042 360.2 252.761
2043 355.083 261.969
2044 361.762 260.379
2045 350.05 244.499
2046 354.305 263
2047 362.705 256.09
2048 373.455 258.969
2049 358.497 244.998
2050 352.576 254.24
2051 354.153 259.767
2052 351.397 252.139
2053 364.927 260.419
2054 344.517 253.44
2055 355.727 259.392
2056 363.962 250.476
2057 360.583 262.202
2058 351.696 256.93
2059 359.797 254.9
2060 327.212 250.839
2061 344.325 261.906
2062 361.762 252.357
2063 360.444 259.992
2064 365.467 252.357
2065 359.975 257.5
2066 376.704 239.312
2067 363.249 253.716
2068 363.413 248.886
2069 367.383 256.324
2070 353.621 255.476
2071 356.655 257.496
2072 364.472 252.951
2073 361.684 249.351
2074 344.946 259.723
2075 345.333 254.804
2076 353.116 259.808
2077 363.12 258.969
2078 347.82 259.442
2079 355.831 251.714
2080 369.785 252
2081 357.986 244.07
2082 365.877 242.751
2083 359.579 260.877
2084 356.427 257.876
2085 369.242 248.757
2086 358.993 252.024
2087 349.494 253.322
2088 359.783 254.24
2089 372.559 258.722
2090 355.789 266
2091 358.218 251.714
2092 376.886 256.905
2093 369.159 257.461
2094 370.054 261.809
2095 364.052 258.36
2096 360.855 253.5
2097 369.754 254.24
2098 347.664 265.88
2099 373.173 245.9
2100 341.447 246.487
2101 366.748 238.395
2102 367.383 250.872
2103 356.738 252.992
2104 351.505 250.416
2105 350.839 242.998
2106 363.676 252.873
2107 358.575 247.871
2108 364.387 263.771
2109 372.065 262.5
2110 351.602 239.499
2111 352.386 247.415
2112 365.422 261.488
2113 344.238 250.416
2114 356.651 253.46
2115 351.5 275.336
2116 358.887 247.546
2117 363.846 255.805
2118 357.969 260.496
2119 368.035 254.46
2120 364.576 259.392
2121 369.785 239.867
2122 373.087 249.495
2123 359.751 262.97
2124 362.133 254.417
2125 361.309 258.496
2126 353.044 253.904
2127 358.887 247.871
2128 361.762 253.929
2129 354.356 257.969
2130 317.093 260.392
2131 366.135 253.904
2132 353.368 247.386
2133 351.618 249.662
2134 362.668 252.612
2135 362.802 252.44
2136 364.576 266.88
2137 372.907 260.488
2138 358.484 252.982
2139 357.989 267.983
2140 370.805 264.728
2141 374.027 251.476
2142 361.552 258.476
2143 367.489 257.476
2144 372.359 244.967
2145 362.864 249.838
2146 367.886 241.384
2147 364.609 247.95
2148 369.785 249.998
2149 364.538 252.992
2150 358.117 245.656
2151 352.505 260.392
2152 362.864 258.992
2153 360.658 248.234
2154 378.23 253.417
2155 352.267 245.275
2156 364.744 252.555
2157 354.102 250.968
2158 363.249 251.998
2159 368.782 265.047
2160 363.14 254.904
2161 355.82 251.356
2162 365.262 260.969
2163 350.739 242.537
2164 368.752 251.496
2165 374.46 254.283
2166 344.125 246.414
2167 359.299 256.992
2168 367.521 247.318
2169 353.338 250.663
2170 359.032 259.723
2171 355.733 250.202
2172 356.919 256.805
2173 364.308 250.492
2174 362.133 260.488
2175 351.312 251.5
2176 362.591 263.393
2177 357.323 252.903
2178 360.583 258.905
2179 364.966 250.356
2180 367.936 250.759
2181 362.762 248.475
2182 348.494 244.315
2183 354.522 246.276
2184 349.538 244.835
2185 369.286 252.238
2186 359.972 247.837
2187 359.489 249.662
2188 370.805 253.904
2189 354.278 254.763
2190 357.284 253.969
2191 363.765 257.952
2192 360.583 251.821
2193 346.925 247.439
2194 366.688 255.476
2195 371.758 257.476
2196 346.925 257.806
2197 354.011 251.873
2198 356.427 254.087
2199 371.484 242.636
2200 364.814 261.725
2201 365.93 245.982
2202 368.035 252.968
2203 361.109 256.905
2204 365.93 254.874
2205 367.236 253.969
2206 358.777 259.095
2207 361.994 267.933
2208 340.215 255.39
2209 360.075 254.969
2210 361.994 254.476
2211 357.797 254.982
2212 357.986 249.902
2213 357.223 253.898
2214 373.455 259.442
2215 353.758 244.927
2216 355.528 261.31
2217 360.67 261.448
2218 368.982 255.46
2219 359.633 250.713
2220 359.555 262.77
2221 356.875 256.5
2222 350.936 258.476
2223 358.325 260.461
2224 360.555 250.388
2225 357.433 256.39
2226 368.939 256.359
2227 345.456 250.5
2228 353.186 246.708
2229 354.435 247.798
2230 368.011 261.998
2231 348.379 262.878
2232 361.007 243.095
2233 358.94 254.717
2234 361.689 256.476
2235 356.931 253.614
2236 363.098 247.483
2237 368.982 262.393
2238 369.895 247.901
2239 367.443 250.496
2240 357.743 248.982
2241 358.028 261.809
2242 352.349 254.417
2243 356.415 255.359
2244 362.353 255.284
2245 346.027 248.487
2246 367.521 247.354
2247 355.015 252.496
2248 365.688 258.722
2249 363.788 258.722
2250 356.516 258.36
2251 350.343 250.496
2252 361.953 259.507
2253 346.526 254.507
2254 353.893 254.982
2255 356.09 252.416
2256 363.505 248.133
2257 346.133 248.799
2258 351.056 256.683
2259 350.166 250.388
2260 354.635 254.358
2261 359.505 252.139
2262 360.444 261.809
2263 363.808 252.359
2264 356.875 242.438
2265 347.482 249.816
2266 359.783 268.444
2267 355.831 271.212
2268 372.966 252.083
2269 363.12 253.322
2270 356.281 250.872
2271 363.223 252.998
2272 365.056 252.476
2273 363.318 251.426
2274 346.782 241.458
2275 343.795 258.876
2276 373.972 251.76
2277 355.438 257.969
2278 357.48 257.243
2279 358.094 261.916
2280 362.458 244.495
2281 360.45 260.2
2282 363.681 258.952
2283 367.195 257.196
2284 367.521 252.962
2285 363.681 259.392
2286 367.24 247.415
2287 357.097 252.951
2288 355.563 254.24
2289 372.081 260.877
2290 357.301 250.49
2291 361.859 256.5
2292 359.667 247.483
2293 360.677 247.927
2294 359.265 252.982
2295 360.953 250.356
2296 347.073 242.066
2297 365.928 245.601
2298 354.521 251.46
2299 353.822 251.998
2300 354.863 250.488
2301 357.301 236.459
2302 349.339 244.869
2303 358.195 257.325
2304 349.84 248.928
2305 361.21 241.899
2306 363.673 251.237
2307 355.737 252.67
2308 357.539 252.992
2309 359.099 251.893
2310 355.28 262.442
2311 358.751 255.511
2312 376.282 265.812
2313 355.311 260.496
2314 373.31 261.906
2315 373.623 247.459
2316 362.69 250.49
2317 349.99 257.325
2318 367.696 263.496
2319 356.441 242.227
2320 356.983 255.284
2321 357.881 253.992
2322 370.467 253.322
2323 354.593 255
2324 365.056 246.386
2325 354.752 254.389
2326 356.077 234.864
2327 346.133 246.755
2328 361.559 250.476
2329 369.843 253.417
2330 358.94 259.419
2331 370.076 254.496
2332 370.84 250.488
2333 365.582 256.905
2334 355.493 248.475
2335 353.514 259.992
2336 354.817 251.992
2337 350.839 256.93
2338 358.094 254.615
2339 362.921 250.488
2340 372.713 264.5
2341 367.336 246.737
2342 349.042 253.322
2343 356.738 262.992
2344 358.438 250.968
2345 364.598 256.5
2346 352.505 251.496
2347 367.812 262.77
2348 372.516 246.927
2349 362.843 248.185
2350 362.957 254.24
2351 364.417 254.874
2352 359.06 252.238
2353 379.576 253.716
2354 347.373 247.499
2355 372.733 256.441
2356 358.548 249.95
2357 357.48 246.459
2358 355.377 250.49
2359 359.299 253.827
2360 367.886 259.199
2361 369.249 250.89
2362 349.8 260.496
2363 358.544 254.441
2364 372.083 253.192
2365 368.341 250.968
2366 351.955 252.982
2367 358.993 251.189
2368 362.843 265.394
2369 346.687 250.872
2370 363.359 247.901
2371 380.849 246.968
2372 356.535 260.15
2373 353.723 248.439
2374 356.931 253.282
2375 350.949 256.476
2376 352.65 241.948
2377 359.45 257.391
2378 357.444 250
2379 364.509 245
2380 360.855 243.943
2381 366.367 260.952
2382 362.673 250.496
2383 352.363 257.806
2384 357.571 251.022
2385 350.423 247.417
2386 347.589 260.992
2387 351.909 256.441
2388 372.629 250.801
2389 346.02 257.806
2390 363.12 242.351
2391 357.284 252.715
2392 361.602 251.873
2393 367.859 253.357
2394 377.929 245.998
2395 363.12 253.085
2396 365.23 249.387
2397 359.667 251.237
2398 360.837 257.992
2399 364.323 261.878
2400 362.458 247.95
2401 357.176 253.803
2402 360.104 259.149
2403 349.721 245.475
2404 361.109 254.929
2405 355.408 244.385
2406 355.528 241.458
2407 375.007 260.969
2408 346.526 244.487
2409 343.907 260.15
2410 362.678 260.461
2411 359.121 248.415
2412 369.049 256.72
2413 370.157 247.659
2414 368.435 247.415
2415 354.522 259.808
2416 425.122 247.756
2417 353.836 246.797
2418 358.391 257.564
2419 363.805 250.982
2420 361.561 247.798
2421 345.022 257.998
2422 360 253.5
2423 361.455 265.443
2424 371.792 254.992
2425 361.497 253.026
2426 362.313 251.802
2427 362.997 259.769
2428 358.83 250.46
2429 366.606 253.998
2430 367.24 246.268
2431 365.327 248.439
2432 370.068 253.389
2433 354.72 251.929
2434 361.497 244.655
2435 356.197 260.461
2436 355.644 254.992
2437 344.225 256.496
2438 363.12 254.841
2439 357.539 252.802
2440 362.762 255.998
2441 371.33 257.488
2442 345.128 255.241
2443 368.341 259.992
2444 367.489 268.462
2445 366.931 263.203
2446 356.441 264.772
2447 368.168 254.193
2448 359.104 247.479
2449 363.535 255.617
2450 356.11 245.495
2451 361.559 249.499
2452 344.325 259.969
2453 353.822 249.816
2454 363.318 259.567
2455 371.556 256.369
2456 371.288 251.664
2457 362.449 261.981
2458 362.501 251.123
2459 366.214 247.95
2460 372.814 250.928
2461 359.121 263.477
2462 342.183 256.805
2463 351.812 246.232
2464 286.182 259.361
2465 353.067 251.189
2466 363.222 255.617
2467 348.99 250.356
2468 356.281 252.476
2469 370.956 259.912
2470 355.725 257.488
2471 349.628 262.627
2472 355.978 261.461
2473 353.857 258.36
2474 355.501 253.803
2475 360.755 251.76
2476 359.374 256.496
2477 361.862 262.97
2478 354.275 248.928
2479 355.632 246.881
2480 356.281 247.415
2481 361.953 246.949
2482 370.246 252.359
2483 359.032 265.5
2484 361.859 247.927
2485 354.511 255.284
2486 350.714 251.46
2487 369.439 257.973
2488 375.827 248.475
2489 363.222 248.185
2490 363.673 257.672
2491 362.501 252.139
2492 367.456 253.322
2493 366.34 251.137
2494 359.671 255.496
2495 358.438 255.488
2496 365.928 242.487
2497 374.916 263.727
2498 346.872 255.875
2499 355.359 259.931
2500 383.02 262.362
2501 360.104 258.992
2502 362.566 246.414
2503 351.733 250.95
2504 363.909 254.951
2505 362.501 261.419
2506 359.917 255.46
2507 356.415 249.135
2508 347.138 248.495
2509 356.225 252.496
2510 361.674 262.726
2511 359.751 245.385
2512 370.621 255.5
2513 366.033 255.842
2514 373.268 258.147
2515 357.2 251.903
2516 357.049 261.931
2517 359.399 252.962
2518 359.944 246.881
2519 359.751 255.366
2520 367.253 257.876
2521 360.104 253.357
2522 363.136 251.356
2523 339.027 259.906
2524 359.299 267.953
2525 352.718 242.256
2526 356.197 247.546
2527 361.497 257.196
2528 350.371 252.44
2529 346.782 256.488
2530 359.653 259.952
2531 360.55 271.496
2532 365.338 259.361
2533 363.467 263.393
2534 360.949 260.5
2535 360.117 251.44
2536 371.259 254.904
2537 354.734 251.903
2538 350.01 250.496
2539 374.098 253.716
2540 366.543 261.247
2541 359.671 261.725
2542 344.325 249.319
2543 369.843 254.364
2544 355.632 261.461
2545 357.357 270.422
2546 368.168 257.905
2547 350.731 254.904
2548 363.696 261.448
2549 355.587 248.318
2550 376.327 256.5
2551 352.507 250.759
2552 354.373 256.461
2553 356.197 261.327
2554 367.694 265.682
2555 370.443 255.764
2556 363.318 255.359
2557 359.989 259.488
2558 377.38 256.488
2559 363.505 250.801
2560 365.327 250.609
2561 358.647 257.196
2562 360.677 247.756
2563 355.758 244.967
2564 363.808 258.36
2565 351.359 254.929
2566 357.881 262.496
2567 372.263 255.088
2568 366.606 250.95
2569 374.985 257.033
2570 362.501 251.46
2571 371.059 256.835
2572 346.393 253.874
2573 348.798 256.441
2574 365.82 253.803
2575 353.836 260.998
2576 342.053 249.078
2577 369.942 247.998
2578 361.006 254.358
2579 356.281 256.671
2580 345.808 253.14
2581 371.746 261.247
2582 354.863 250.356
2583 361.007 262.362
2584 359.299 251.95
2585 353.409 255.719
2586 353.746 256.195
2587 349.349 249.475
2588 366.156 258.998
2589 361.129 260.361
2590 354.463 247.415
2591 347.373 258.147
2592 356.168 254.763
2593 364.323 254.087
2594 351.955 248.439
2595 360.888 258.952
2596 371.074 263.291
2597 358.218 250.32
2598 353.098 259.149
2599 371.408 267.933
2600 362.673 253.239
2601 360.125 266
2602 364.151 246.982
2603 353.822 252.416
2604 358.057 248.133
2605 351.5 256.461
2606 361.21 247.837
2607 366.332 247.71
2608 369.895 249.928
2609 343.523 256.488
2610 364.576 240.898
2611 347.62 246.87
2612 355.733 250.02
2613 366.688 256.5
2614 359.671 262.992
2615 360.125 251.281
2616 355.311 259.361
2617 353.144 248.998
2618 358.575 249.95
2619 369.942 252.282
2620 357.386 255.441
2621 366.005 254.717
2622 369.986 249.902
2623 368.939 266.578
2624 367.721 251.189
2625 350.371 261.952
2626 361.129 257.998
2627 347.241 251.416
2628 353.007 259.461
2629 372.752 260.969
2630 366.246 257.441
2631 358.288 265.682
2632 360.583 248.992
2633 372.451 257.905
2634 358.195 248.355
2635 367.24 255.617
2636 366.34 253.667
2637 369.986 253.5
2638 363.504 247.756
2639 365.513 250.44
2640 352.136 246.439
2641 359.099 249.187
2642 377.929 265.42
2643 365.93 258.418
2644 368.525 245.992
2645 368.795 257.876
2646 364.576 250.89
2647 363.048 255.998
2648 370.991 254.982
2649 371.09 260.569
2650 366.826 255.875
2651 355.632 256.144
2652 356.197 249.838
2653 358.484 256.764
2654 357.659 242.868
2655 355.311 255.842
2656 355.831 259.894
2657 374.294 259.392
2658 372.618 255.359
2659 359.85 252.359
2660 366.826 257.998
2661 363.318 255.875
2662 371.537 263.329
2663 361.684 263.953
2664 372.629 256.905
2665 350.808 259.326
2666 361.21 255.488
2667 372.95 250.356
2668 361.663 259.952
2669 367.151 257.5
2670 349.082 255.842
2671 359.489 249.499
2672 348.534 249.872
2673 358.845 253.841
2674 365.479 253.14
2675 368.615 255.088
2676 363.07 252.416
2677 350.45 253.476
2678 356.185 245.87
2679 366.606 246.808
2680 354.627 249.872
2681 356.637 255.5
2682 358.288 247.459
2683 360.375 261.289
2684 367.038 243.752
2685 357.866 262.29
2686 372.795 251.476
2687 368.982 258.36
2688 362.569 251.553
2689 361.663 247.415
2690 388.144 260.877
2691 371.785 253.965
2692 357.539 239.458
2693 359.753 261.419
2694 366.314 241.967
2695 356.382 247.927
2696 349.803 248.871
2697 374.526 259.419
2698 358.195 247.998
2699 365.683 248.95
2700 366.933 252.929
2701 359.812 257.843
2702 346.981 240.383
2703 367.608 240.898
2704 356.983 257.091
2705 350.256 249.982
2706 363.048 255.194
2707 366.06 259.952
2708 355.632 255.294
2709 369.617 258.722
2710 355.106 253.46
2711 366.881 254.874
2712 362.678 249.998
2713 362.381 258.418
2714 366.434 254.364
2715 373.31 253.488
2716 357.881 257.476
2717 374.098 260.845
2718 363.571 257.488
2719 363.304 257.5
2720 361.378 256.905
2721 355.563 254.951
2722 363.582 259.977
2723 348.416 248.318
2724 363.673 248.928
2725 382.204 249.387
2726 349.8 244.07
2727 363.222 250.488
2728 348.078 262.477
2729 355.972 260.446
2730 360.375 252.802
2731 349.17 253.417
2732 355.32 250.839
2733 376.962 250.902
2734 363.962 256.39
2735 353.368 250.46
2736 364.576 252.476
2737 348.798 257.325
2738 347.914 257.672
2739 359.121 255.441
2740 357.301 249.235
2741 366.692 263.488
2742 365.595 247.132
2743 355.106 251.998
2744 365.003 259.199
2745 355.727 250.32
2746 355.032 251.873
2747 359.201 249.355
2748 372.093 251.46
2749 360.527 247.487
2750 372.169 255.46
2751 356.651 261.496
2752 369.478 242.868
2753 364.308 260.992
2754 359.104 248.419
2755 370.849 254.841
2756 378.84 253.982
2757 353.116 240.495
2758 358.438 255.417
2759 361.006 250.89
2760 343.811 262.679
2761 351.696 248.495
2762 351.875 253.476
2763 351.636 249.992
2764 363.923 256.93
2765 354.102 260.877
2766 359.85 253.239
2767 366.393 253.929
2768 358.447 255.842
2769 348.306 249.928
2770 362.781 250.488
2771 362.668 261.04
2772 377.19 257.36
2773 366.543 261.983
2774 363.868 251.426
2775 349.494 258.374
2776 352.95 265.394
2777 358.83 260.808
2778 359.372 252
2779 364.125 263.5
2780 357.906 254.804
2781 366.692 271.496
2782 361.215 254.488
2783 349.9 252.416
2784 370.608 248.387
2785 357.662 248.982
2786 355.161 254.992
2787 358.594 251.356
2788 340.889 257.905
2789 362.69 257.243
2790 371.626 251.416
2791 350.688 244.869
2792 365.513 247.184
2793 363.924 253.951
2794 343.232 245.129
2795 353.644 253.762
2796 366.881 267.253
2797 320.78 258.998
2798 363.24 249.279
2799 353.044 252.127
2800 363.136 247.927
2801 354.072 247.605
2802 368.219 252.555
2803 365.852 261.362
2804 378.19 254.615
2805 359.335 261.362
2806 364.768 255.67
2807 365.056 249.235
2808 367.521 258.876
2809 356.983 261.57
2810 360.562 252.44
2811 362.69 250.609
2812 359.316 255.982
2813 366.933 249.838
2814 360.493 250.968
2815 352.739 253.192
2816 364.052 245.341
2817 352.511 255.359
2818 363.923 246.544
2819 357.571 255.194
2820 433.908 253.282
2821 364.678 254.193
2822 367.546 266.788
2823 346.981 250.801
2824 362.392 268.496
2825 363.439 257.146
2826 356.476 238.411
2827 354.728 255.496
2828 370.991 252.992
2829 357.617 254.998
2830 360.493 256.5
2831 345.977 258.969
2832 356.727 245
2833 355.978 257.196
2834 371.16 242.87
2835 363.916 261.969
2836 355.18 247.982
2837 363.346 251.416
2838 350.174 251.992
2839 359.989 253.488
2840 352.718 252.416
2841 365.422 246.386
2842 363.909 243.598
2843 353.116 258.909
2844 362.215 246.414
2845 364.14 255.476
2846 356.427 252.84
2847 363.346 258.391
2848 344.125 249.387
2849 359.944 259.361
2850 352.969 255.998
2851 360.304 260.768
2852 354.511 241.926
2853 363.595 246.797
2854 354.923 252.083
2855 372.253 244.315
2856 355.472 253.951
2857 351.909 250.759
2858 351.696 269.983
2859 357.301 265.462
2860 357.29 251.839
2861 368.511 254.496
2862 364.678 248.278
2863 368.145 250.388
2864 355.199 252.951
2865 357.795 254.969
2866 349.239 253.488
2867 356.637 247.184
2868 344.572 268.209
2869 369.014 256.418
2870 368.054 255.421
2871 360.117 258.876
2872 366.933 242.868
2873 361.123 257.325
2874 355.193 242.256
2875 362.215 244.9
2876 342.555 254.488
2877 359.374 256.09
2878 356.66 258.674
2879 363.571 264.545
2880 359.327 256.805
2881 344.801 255.441
2882 366.483 246.797
2883 360.843 259.392
2884 366.033 258.674
2885 373.823 259.287
2886 359.753 252.802
2887 370.533 255.93
2888 362.533 257.876
2889 355.421 254.615
2890 355.377 264.477
2891 352.062 255.143
2892 361.674 256.242
2893 361.04 262.29
2894 355.978 248.871
2895 375.029 250.759
2896 361.587 261.477
2897 361.663 241.087
2898 360.949 250.998
2899 378.566 246.353
2900 368.703 256.359
2901 360.677 252.873
2902 360.4 257.461
2903 369.439 254.441
2904 353.631 255.476
2905 351.056 247.927
2906 346.83 251.476
2907 352.292 260.768
2908 359.395 245.265
2909 360.25 250.713
2910 361.404 254.5
2911 374.466 257.196
2912 357.211 253.841
2913 367.693 251.388
2914 374.88 255
2915 357.906 252.873
2916 363.535 254.929
2917 357.088 253.44
2918 360.758 239.383
2919 471.664 255.875
2920 358.663 255.764
2921 367.859 262.442
2922 354.817 255.969
2923 377.5 249.998
2924 372.083 254.498
2925 363.136 256.418
2926 365.13 256.998
2927 370.877 268.933
2928 349.9 248.234
2929 358.544 257.286
2930 366.399 250.998
2931 367.064 258.952
2932 349.716 259.998
2933 338.646 258.992
2934 348.231 244.945
2935 367.886 258.287
2936 357.423 245.438
2937 354.274 248.968
2938 356.02 260.877
2939 359.579 252.494
2940 360.375 247.71
2941 361.378 247.871
2942 344.019 258.565
2943 359.555 251.5
2944 362.74 257.286
2945 357.433 247.968
2946 359.192 261.998
2947 354.584 245.129
2948 350.45 252.389
2949 365.327 253.44
2950 377.836 264.97
2951 362.133 255.417
2952 357.024 248.982
2953 360.304 251.802
2954 369.754 255.194
2955 356.567 255.992
2956 361.905 256.842
2957 363.222 262.328
2958 347.033 256.476
2959 359.525 253.667
2960 358.391 246.544
2961 357.088 246.927
2962 360.211 253.488
2963 360.125 252.282
2964 365.229 259.808
2965 358.664 259.977
2966 373.533 259.992
2967 354.627 255.992
2968 353.454 259.496
2969 358.748 260.906
2970 357.48 256.969
2971 356.09 251.802
2972 372.907 251.356
2973 352.061 249.758
2974 363.535 270.688
2975 353.785 264.363
2976 364.768 242.413
2977 367.984 261.098
2978 363.048 260.361
2979 361.215 248.387
2980 355.204 257.969
2981 372.255 247.901
2982 357.19 263.393
2983 371.407 253.992
2984 366.982 254.558
2985 353.631 260.361
2986 366.332 255.951
2987 358.295 258.496
2988 370.405 243.992
2989 360.211 244.274
2990 374.825 253.969
2991 362.115 261.496
2992 361.569 245.231
2993 370.691 256.359
2994 369.5 256.242
2995 341.555 258.844
2996 356.02 249.968
2997 372.463 255.284
2998 352.061 255.476
2999 372.991 245.982
3000 362.014 257.488
3001 346.329 245.438
3002 353.186 255.476
3003 364.927 255.294
3004 344.972 251.44
3005 354.195 250.32
3006 359.555 251.44
3007 357.2 257.461
3008 361.123 249.968
3009 354.072 250.663
3010 358.625 253.5
3011 348.898 249.8
3012 369.249 255.417
3013 361.53 251.802
3014 355.632 248.837
3015 365.865 242.475
3016 370.533 250.08
3017 368.525 253.841
3018 364.598 249.8
3019 366.246 255.143
3020 360.855 248.656
3021 349.806 247.871
3022 361.994 253.841
3023 353.069 252.992
3024 355.9 254.717
3025 360.789 254.496
3026 368.782 263.462
3027 370.181 246.797
3028 351.909 248.415
3029 372.516 258.5
3030 356.903 252.951
3031 362.864 262.488
3032 364.365 258.722
3033 348.534 251.664
3034 369.621 267.881
3035 353.044 258.844
3036 347.033 255.476
3037 348.356 256.496
3038 361.006 253.969
3039 356.535 263.97
3040 365.212 249.838
3041 361.762 262.099
3042 360.4 247.014
3043 361.237 251.998
3044 356.651 252.357
3045 356.979 261.477
3046 346.215 247.495
3047 359.653 265.848
3048 367.859 243.413
3049 355.077 258.969
3050 362.268 257.5
3051 360.23 252.555
3052 364.927 254.364
3053 346.02 250.998
3054 355.978 250.839
3055 349.643 242.967
3056 372.541 255.764
3057 358.447 254.488
3058 355.927 242.596
3059 355.015 253.13
3060 365.513 263.879
3061 350.256 257.907
3062 350.866 248.185
3063 360.799 259.496
3064 365.688 267.685
3065 354.056 255.435
3066 363.607 250.32
3067 374.027 263.443
3068 357.571 258.952
3069 349.042 249.415
3070 368.837 253.239
3071 353.394 259.983
3072 360.304 251.982
3073 360.409 256.242
3074 352.292 254.323
3075 365.688 269.583
3076 367.886 262.726
3077 348.698 257.299
3078 355.869 255.998
3079 363.465 249.758
3080 356.735 252.962
3081 353.368 258.674
3082 355.277 253.929
3083 364.052 257.488
3084 356.441 255.842
3085 362.574 255.476
3086 348.441 247.952
3087 265.394 256.992
3088 362.409 250.982
3089 370.155 267.294
3090 373.173 255.56
3091 359.207 260.038
3092 351.955 256.418
3093 366.715 257.146
3094 357.986 258.461
3095 360.855 261.392
3096 368.187 250.801
3097 351.038 249.712
3098 348.152 250.388
3099 346.526 260.327
3100 361.21 253.389
3101 348.99 256.418
3102 354.119 263.953
3103 357.743 245.927
3104 360.493 248.387
3105 351.505 259.496
3106 354.192 247.415
3107 356.317 260.969
3108 346.981 253.488
3109 366.826 253.762
3110 357.744 255.441
3111 360.755 254.992
3112 363.021 262.77
3113 363.765 254.433
3114 359.678 249.55
3115 366.748 258.807
3116 371.634 248.606
3117 355.528 252.496
3118 364.538 267.462
3119 360.658 250.95
3120 362.501 243.352
3121 359.751 251.714
3122 356.185 255.56
3123 355.28 238.059
3124 367.617 256.992
3125 365.852 246.073
3126 355.514 252.802
3127 361.04 241.992
3128 360.323 248.185
3129 357.301 262.726
3130 360.855 259.931
3131 363.772 246.658
3132 359.201 247.495
3133 364.685 252.286
3134 357.881 251.998
3135 359.671 243.949
3136 349.349 257.983
3137 366.811 260.509
3138 362.668 257.418
3139 350.391 256.359
3140 368.399 252.84
3141 374.977 256.441
3142 361.762 250.759
3143 364.678 255.241
3144 337.639 248.992
3145 350.493 263.044
3146 345.881 243.458
3147 361.796 264.462
3148 344.354 246.603
3149 346.788 245.495
3150 371.288 245.316
3151 360.304 247.132
3152 352.459 247.71
3153 356.185 255.951
3154 369.895 255.476
3155 348.798 244.414
3156 349.604 252.476
3157 352.003 251.321
3158 363.22 262.81
3159 361.587 254.841
3160 367.778 255.93
3161 360.855 256.476
3162 356.317 259.476
3163 360.23 252.761
3164 364.417 246.603
3165 359.032 235.924
3166 364 247.415
3167 363.222 260.096
3168 359.525 260.461
3169 351.056 252.024
3170 348.895 263.203
3171 362.044 252.321
3172 354.734 252.929
3173 351.955 249.487
3174 368.619 243.967
3175 344.677 269.97
3176 360.669 242.926
3177 360.67 250.46
3178 355.377 252.802
3179 361.455 248.439
3180 353.918 254.193
3181 349.881 253.982
3182 369.95 251.488
3183 364.052 257.418
3184 356.317 258.461
3185 354.188 259.844
3186 361.587 253.46
3187 355.28 248.487
3188 365.513 253.716
3189 359.372 245.487
3190 353.316 250.188
3191 364.873 253.389
3192 369.785 259.149
3193 362.206 251.46
3194 362.215 255.951
3195 360.899 260.676
3196 360.2 254.951
3197 360.211 260.983
3198 354.972 253.898
3199 368.283 261.969
3200 349.857 253.46
3201 344.533 259.444
3202 348.713 251.388
3203 419.804 248.415
3204 356.983 259.507
3205 360.062 256.842
3206 353.098 256.195
3207 345.013 260.724
3208 313.716 253.716
3209 362.458 263.998
3210 363.578 242.495
3211 363.017 252.46
3212 366.715 242.458
3213 356.285 255.417
3214 340.215 243.413
3215 364.125 256.418
3216 366.332 258.198
3217 364.417 247.992
3218 357.433 260.096
3219 361.663 247.982
3220 353.621 261.626
3221 360.687 259.842
3222 371.71 254.323
3223 355.199 260.038
3224 361.762 252.992
3225 363.413 250.136
3226 352.704 244.6
3227 352.114 260.979
3228 364.598 251.903
3229 356.317 257.461
3230 371.225 252.139
3231 355.528 265.33
3232 356.427 258.844
3233 362.243 254.323
3234 354.522 253.803
3235 362.115 252.416
3236 370.756 250.902
3237 359.316 249.495
3238 361.561 248.998
3239 433.567 251.281
3240 345.881 251.492
3241 361.859 252.761
3242 355.408 255.842
3243 363.461 256.476
