0 1 1
1 457.04 402.448
2 596.117 487.548
3 475.895 410.366
4 438.575 398.304
5 459.373 412.941
6 448.419 393.233
7 453.991 401.627
8 436.532 395.989
9 467.996 424.246
10 490.469 419.485
11 449.453 411.278
12 465.893 405.98
13 447.191 394.018
14 554.646 440.195
15 446.083 401.969
16 452.115 416.981
17 456.329 392.484
18 451.453 407.492
19 454.786 399.395
20 470.983 394.143
21 453.727 394.322
22 550.857 469.201
23 450.75 381.811
24 441.673 389.815
25 445.316 415.413
26 439.022 393.858
27 459.617 394.59
28 457.55 407.999
29 463.445 399.43
30 452.783 403.721
31 434.465 394.968
32 437.995 401.551
33 459.167 406.463
34 462.757 390.3
35 442.538 398.447
36 455.882 398.447
37 473.056 408.956
38 448.016 388.906
39 445.87 410.989
40 435.541 422.45
41 487.991 412.826
42 454.564 406.995
43 458.454 398.278
44 461.869 387.959
45 553.968 455.704
46 467.333 403.239
47 448.96 424.748
48 474.579 442.924
49 446.994 410.94
50 444.928 394.677
51 455.73 403.721
52 448.84 391.937
53 455.609 416.464
54 764.528 592.749
55 560.077 444.536
56 428.392 398.085
57 463.487 431.67
58 455.152 408.901
59 454.804 407.033
60 449.266 419.314
61 442.366 389.227
62 466.327 407.205
63 605.102 490.892
64 445.295 408.167
65 460.167 404.93
66 474.962 414.246
67 446.074 404.388
68 452.414 402.497
69 452.783 407.365
70 631.569 499.798
71 453.073 399.548
72 443.878 389.261
73 562.978 441.67
74 461.303 402.119
75 442.979 393.328
76 434.32 376.235
77 447.858 405.877
78 439.577 409.431
79 443.541 407.497
80 556.417 447.992
81 463.271 417.923
82 460.983 403.492
83 453.802 417.999
84 419.433 389.995
85 483.283 405.966
86 452.681 390.784
87 441.048 398.492
88 451.999 393.206
89 620.329 508.645
90 465.435 403.939
91 446.576 404.203
92 450.794 404.969
93 454.035 387.896
94 449.982 385.902
95 459.52 419.249
96 463.487 385.785
97 490.984 453.744
98 445.299 399.159
99 436.348 398.939
100 459.207 412.981
101 456.618 400.939
102 457.329 409.475
103 452.941 434.234
104 466.689 409.922
105 450.478 448.89
106 459.439 405.031
107 435.909 400.497
108 586.882 520.109
109 460.133 396.303
110 456.487 401.335
111 804.884 652.565
112 452.416 391.784
113 460.795 405.431
114 468.99 444.679
115 469.574 413.492
116 443.824 382.999
117 464.448 395.234
118 435.527 407.431
119 453.643 401.969
120 461.268 407.765
121 558.985 462.167
122 472.894 393.5
123 437.521 392.001
124 446.184 400.689
125 434.392 391.069
126 568.553 471.22
127 585.346 459.513
128 444.054 400.899
129 462.623 412.391
130 466.332 445.393
131 434.861 371.09
132 465.652 400.939
133 469.383 413.763
134 940.719 753.436
135 451.863 409.448
136 466.726 410.688
137 460.128 411.463
138 477.996 434.497
139 449.555 397.633
140 466.763 399.82
141 431.804 393.44
142 449.336 408.475
143 470.383 407.686
144 438.309 414.497
145 586.583 470.963
146 461.487 420.042
147 452.54 420.093
148 441.398 403.029
149 464.87 406.485
150 455.561 406.9
151 572.605 449.446
152 462.65 399.362
153 457.329 428.054
154 446.195 388.335
155 451.003 399
156 450.783 390.963
157 452.268 393.154
158 462.788 398.939
159 472.212 420.856
160 457.586 410.492
161 458.93 408.492
162 451.329 415.764
163 442.061 398.718
164 486.068 446.325
165 452.972 396.274
166 448.031 391.587
167 456.202 411.99
168 450.564 400.447
169 470.493 405.921
170 437.417 371.09
171 465.296 401.092
172 431.225 391.428
173 468.914 406.364
174 444.203 408.824
175 467.973 414.995
176 463.818 407
177 467.403 402.872
178 468.209 408.705
179 451.034 387.484
180 439.446 401.955
181 440.111 400.447
182 440.874 389.783
183 446.318 395.803
184 469.913 395.635
185 451.034 411.412
186 459.592 408.243
187 473.479 402.285
188 448.945 402.682
189 612.314 520.754
190 465.422 402.475
191 470.388 390.712
192 465.564 418.942
193 452.649 395.999
194 639.603 516.976
195 446.596 382.047
196 457.518 408.558
197 452.467 406.571
198 449.159 396.235
199 460.973 399.088
200 562.31 461.909
201 438.901 386.357
202 465.498 413.993
203 455.93 401.026
204 455.719 402.503
205 475.857 410.168
206 463.439 393.36
207 438.169 396.25
208 446.486 436.761
209 448.395 390.538
210 459.147 397.083
211 467.493 403.505
212 450.511 404.364
213 454.544 405.999
214 450.4 412.65
215 459.302 392.408
216 461.547 403.363
217 447.312 411.038
218 578.783 459.617
219 452.4 398.482
220 455.355 392.204
221 450.593 408.412
222 580.097 465.777
223 461.498 395.146
224 558.959 456.033
225 476.248 404.351
226 572.253 467.744
227 462.428 402.492
228 558.462 456.237
229 644.726 518.991
230 458.846 391.964
231 462.723 417.485
232 441.876 380.894
233 458.349 401.388
234 485.72 386.104
235 452.416 402.598
236 465.455 392.542
237 442.308 404.969
238 443.745 403.485
239 444.545 401.999
240 444.493 387.582
241 434.824 388.059
242 455.947 404.684
243 450.779 397.972
244 557.333 453.808
245 462.963 391.446
246 457.897 404.228
247 479.85 404.121
248 459.603 411.463
249 446.231 404.364
250 446.839 389.634
251 449.4 407.98
252 462.914 399.5
253 437.174 393.967
254 453.542 410.463
255 456.789 395.874
256 454.242 398.447
257 447.231 390.533
258 554.824 446.815
259 548.489 457.734
260 475.933 425.615
261 458.519 392.538
262 445.548 385.314
263 553.671 466.931
264 442.651 397.303
265 463.996 403.41
266 463.651 387.329
267 440.152 385.497
268 462.467 389.731
269 476.487 458.22
270 438.221 399.485
271 448.776 386.709
272 443.116 400.989
273 466.33 409.277
274 455.333 407.823
275 453.328 404.684
276 440.261 393.385
277 466.298 430.86
278 470.044 413.244
279 437.228 394.497
280 439.632 389.872
281 458.961 415.47
282 574.944 462.167
283 450.716 393.817
284 464.131 388.196
285 466.358 406.079
286 461.402 408.687
287 560.803 441.418
288 438.309 391.428
289 444.659 405.411
290 458.954 402.343
291 447.466 389.584
292 447.117 404.93
293 447.312 399.875
294 460.556 400.789
295 446.811 393.846
296 443.455 400.117
297 459.085 396.868
298 420.004 385.461
299 445.022 404.969
300 445.316 387.789
301 463.487 401.273
302 445.116 400.237
303 444.405 394.408
304 447.83 400.689
305 463.918 418.368
306 580.276 456.826
307 570.781 460.741
308 569.667 460.276
309 473.384 404.24
310 458.203 403.454
311 462.954 390.384
312 471.334 416.432
313 647.507 533.067
314 449.04 408.824
315 456.487 402.343
316 439.905 410.995
317 699.635 570.103
318 446.994 400.899
319 458.996 398.304
320 444.931 428.742
321 448.639 404.633
322 505.198 417.248
323 451.783 394.492
324 466.808 496.881
325 462.688 399.338
326 462.817 400.362
327 473.424 411.909
328 448.247 399.867
329 461.088 386.148
330 445.028 433.912
331 450.451 417.903
332 473.5 407.338
333 435.445 390.63
334 453.943 385.746
335 544.007 450.759
336 435.541 422.343
337 456.618 410.989
338 460.801 408.167
339 470.962 415.941
340 463.681 408.98
341 451.034 394.543
342 459.973 415.923
343 458.93 404.24
344 440.704 396.474
345 441.398 419.881
346 454.728 395.495
347 455.342 408.497
348 456.881 391.673
349 494.166 451.248
350 451.193 388.446
351 451.841 399.875
352 443.655 403.336
353 463.381 456.455
354 465.487 406.823
355 456.844 410.94
356 454.608 395.497
357 447.553 392.588
358 547.295 474.158
359 536.03 486.169
360 443.107 412.902
361 598.291 459.049
362 445.053 403.999
363 466.835 397.794
364 436.161 392.268
365 450.835 392.714
366 459.607 409.492
367 449.72 394.076
368 447.638 397.546
369 449.938 430.76
370 447.265 392.484
371 447.191 396.863
372 917.039 742.797
373 453.255 397.945
374 443.382 388.844
375 445.853 396.717
376 443.155 399.639
377 439.837 414.314
378 453.872 391.784
379 466.613 406.851
380 436.927 385.188
381 504.416 457.635
382 576.925 470.438
383 464.801 403.448
384 452.692 386.968
385 457.739 401.969
386 450.564 409.999
387 417.413 386.814
388 468.932 397.546
389 466.172 390.608
390 444.799 408.94
391 459.38 409.509
392 438.76 398.482
393 449.66 387.67
394 437.507 394.74
395 445.264 389.815
396 453.325 409.852
397 447.839 395.177
398 567.352 449.444
399 480.5 410.648
400 443.966 399.875
401 463.526 416.827
402 449.66 403.475
403 631.375 499.5
404 430.274 389.629
405 460.595 407.989
406 457.883 402.721
407 454.075 395.919
408 442.233 403.213
409 476.492 415.341
410 451.996 396.545
411 454.037 402.979
412 440.99 410.239
413 475.424 395.818
414 457.845 394.269
415 453.036 411.485
416 450.413 405.723
417 460.302 402.201
418 457.355 415.61
419 458.166 406.492
420 456.26 400.362
421 443.549 400.335
422 450.888 393.799
423 827.291 674.343
424 471.383 427.645
425 456.717 393.408
426 478.983 401.092
427 447.473 410.366
428 439.276 401.497
429 474.308 406.502
430 520.4 466.198
431 445.713 392.064
432 452.029 404.989
433 444.65 405.969
434 443.263 386.669
435 451.4 397.115
436 565.217 450.759
437 448.639 402.927
438 455.14 407.98
439 433.283 388.059
440 439.818 401.265
441 470.872 420.369
442 456.161 407.999
443 449.223 388.918
444 426.411 393.017
445 458.145 395.874
446 476.235 452.935
447 464.87 406.94
448 561.452 454.313
449 462.683 399.999
450 476.456 436.777
451 474.468 409.94
452 438.497 390.853
453 435.806 382.978
454 430.773 432.389
455 716.955 567.891
456 446.058 398.498
457 457.518 401.559
458 453.238 413.999
459 694.021 556.263
460 463.898 413.485
461 451.982 382.034
462 456.079 407.573
463 447.377 401.813
464 452.467 390.323
465 408.969 388.426
466 434.806 388.377
467 448.266 393.846
468 452.838 405.389
469 455.719 403.876
470 454.876 411.366
471 450.936 407.5
472 509.814 445.497
473 455.658 402
474 476.5 389.711
475 456.369 407.033
476 458.166 409.492
477 459.271 414.464
478 559.867 447.661
479 463.931 400.072
480 438.907 391.193
481 454.41 387.535
482 464.479 393.542
483 446.983 395.361
484 447.493 418.508
485 449.462 397.497
486 467.468 447.242
487 453.032 399.969
488 462.045 400
489 465.566 410.485
490 457.329 405.411
491 455.89 431.514
492 456.47 408.353
493 466.276 423.113
494 459.173 407.411
495 458.803 409.768
496 477.385 416.476
497 474.962 408.558
498 454.728 403.43
499 478.498 399.922
500 446.39 399.485
501 460.89 402.641
502 449.598 395.919
503 441.048 399
504 443.376 447.255
505 444.405 394.36
506 443.503 410.956
507 451.486 407.433
508 456.202 390.909
509 444.851 400.025
510 462.402 396.235
511 443.193 388.783
512 438.466 374.839
513 443.824 391.535
514 456.421 406.995
515 459.173 391.989
516 453.839 382.204
517 462.273 399.199
518 445.028 388.059
519 455.2 399.875
520 553.989 473.859
521 452.299 393.301
522 453.696 403.388
523 455.269 396.971
524 470.996 413.995
525 452.4 393.408
526 459.421 411.497
527 446.027 392.632
528 456.973 402.821
529 613.301 473.643
530 467.999 410.688
531 457.845 408.793
532 449.42 406.405
533 442.674 386.957
534 440.822 397.955
535 469.973 398.485
536 465.048 416.855
537 447.389 405.463
538 473 408.725
539 455.269 414.041
540 453.311 403.939
541 449.833 411.241
542 469.306 387.105
543 453.999 402.641
544 486.984 414.999
545 465.69 400.387
546 462.757 390.712
547 456.136 403.5
548 455.815 410.513
549 464.304 409.409
550 573.014 458.028
551 451.929 445.568
552 456.964 413.463
553 573.786 459.347
554 446.459 394
555 420.554 403.995
556 455.561 409.412
557 463.789 410.512
558 462.478 385.912
559 465.566 409.492
560 465.845 398.337
561 464.439 419.346
562 456.815 391.489
563 463.5 398.016
564 446.934 411.772
565 404.273 382.779
566 446.983 397.898
567 453.674 409.883
568 571.017 454.153
569 446.318 407.485
570 552.132 453.954
571 520.965 460.988
572 467.384 415.941
573 575.416 455.58
574 504.629 462.305
575 440.454 402.119
576 447.744 416.73
577 443.585 390.231
578 453.727 398.679
579 460.467 419.924
580 446.631 399.279
581 447.529 395.98
582 444.754 396.361
583 439.818 405.995
584 449.533 400.899
585 440.981 389.4
586 453.417 393.301
587 466.69 413.449
588 443.747 408.463
589 462.947 396.919
590 443.074 398.492
591 439.074 406.999
592 472.962 398.921
593 462.212 404.921
594 432.744 412.97
595 325.739 293.479
596 465.747 415.476
597 472.391 410.97
598 446.083 412.5
599 438.497 405.877
600 444.65 392.408
601 434.258 404.969
602 446.184 429.8
603 464.467 407.877
604 445.926 405.448
605 452.199 410.794
606 459.617 392.384
607 471.493 409.824
608 450.16 389.602
609 665.661 537.508
610 442.403 404.989
611 449.189 405.307
612 466.69 391.535
613 472.391 410.94
614 501.135 439.491
615 447.58 404.121
616 453.12 393.846
617 458.441 408.431
618 456.72 396.545
619 544.066 427.131
620 471.498 394.155
621 467.221 412.492
622 441.645 401.343
623 439.671 398.362
624 439.499 393.633
625 463.498 400.335
626 440.615 396.636
627 449.64 391.535
628 455.371 421.284
629 449.64 390.192
630 460.204 374.993
631 421.485 386.581
632 446.829 402.641
633 610.033 478.972
634 464.431 411.169
635 376.516 337.482
636 443.188 401.939
637 460.521 407.995
638 467.487 413.171
639 464.913 409.956
640 449.4 407.038
641 445.664 410.901
642 570.417 464.739
643 592.361 449.893
644 455.815 396.918
645 573.86 456.375
646 442.45 397.546
647 443.541 401.597
648 457.999 389.908
649 747.723 611.859
650 576.216 450.759
651 452.253 393.017
652 444.829 412.879
653 440.944 382.623
654 439.375 390.154
655 577.015 464.422
656 436.394 440.617
657 459.096 391.461
658 454.945 393.738
659 433.207 408.39
660 461.467 402.399
661 440.672 398.969
662 449.4 398.462
663 456.503 404.448
664 446.184 394.233
665 440.257 400.989
666 463.999 405.475
667 452.941 405.364
668 457.5 404.402
669 439.545 402.162
670 462.798 403.887
671 465.422 395.679
672 453.299 400.752
673 457.143 403.345
674 454.2 389.06
675 452.378 401.462
676 476.506 424.831
677 443.724 403.9
678 452.134 399.024
679 447.638 396.25
680 499.185 390.474
681 578.838 470.388
682 473.983 400.485
683 460.422 412.981
684 453.643 387.959
685 463.093 407.463
686 446.469 392.194
687 465.493 393.858
688 457.684 413.311
689 457.891 406.485
690 462.428 411.939
691 433.257 382.368
692 452.253 406.701
693 460.454 383.367
694 465.687 406.989
695 459.042 403.876
696 443.31 407
697 445.207 394.076
698 440.023 368.402
699 457.202 414.957
700 453.438 395.98
701 459.498 432.065
702 455.911 389.667
703 586.733 474.645
704 456.868 396.711
705 455.609 404.475
706 458.99 398.485
707 469.914 417.413
708 479.5 400.025
709 459.787 405.492
710 459.493 397.848
711 454.992 395.177
712 461.438 393.785
713 470.487 405.404
714 453.991 409.605
715 440.392 393.817
716 453.606 398.848
717 456.329 396.616
718 574.197 467.994
719 442.782 402.5
720 459.793 385.785
721 473.974 396.919
722 451.836 375.566
723 458.895 409.999
724 455.807 391.109
725 454.487 399.555
726 460.973 411.492
727 441.706 385.59
728 456.881 402.113
729 449.462 392.268
730 440.591 388.196
731 461.467 415.999
732 444.162 405.723
733 441.19 406.851
734 471.307 409.852
735 449.66 407.492
736 482.386 414
737 429.302 402.876
738 449.887 401.398
739 448.437 396.227
740 467.932 404.275
741 437.681 405.94
742 453.073 398.198
743 465.689 415.341
744 588.699 461.303
745 442.809 398.62
746 530.816 451.947
747 476.895 399.117
748 463.303 409.39
749 467.948 451.017
750 436.731 403.939
751 449.889 408.173
752 445.477 404.475
753 456.844 400.396
754 471.99 407.459
755 462.288 404.9
756 453.814 402.343
757 457.34 397.497
758 459.474 402.955
759 483.5 411.366
760 458.238 401.813
761 462.999 401.64
762 564.207 453.506
763 456.414 412.279
764 474.498 393.233
765 456.946 404.822
766 466.15 412.608
767 456.421 395.495
768 453.032 399.68
769 449.266 399.639
770 477.487 416.476
771 466.726 405.492
772 459.891 393.938
773 467.162 416.497
774 450.859 395.818
775 448.937 400.487
776 440.055 394.999
777 464.012 399.5
778 465.845 405.9
779 432.185 385.956
780 969.215 768.644
781 449.446 412.941
782 452.558 397.253
783 458.428 392.268
784 451.354 392.737
785 460.487 397.754
786 451.069 394.862
787 446.576 405.98
788 446.39 405.389
789 449.982 403.306
790 452.891 395.429
791 458.607 401.238
792 449.253 393.195
793 455.73 412.414
794 574.179 467.919
795 445.056 391.461
796 456.618 410.561
797 429.402 399.497
798 458.428 390.381
799 469.465 414.981
800 450.75 396.148
801 454.326 397.5
802 460.087 392.54
803 475.147 449.214
804 449.336 400.939
805 450.18 404.684
806 456.503 415.957
807 457.355 394.493
808 437.483 393.938
809 506.333 454.665
810 430.957 399.497
811 462.089 394.474
812 453.196 401.398
813 436.704 396.303
814 468.461 411.463
815 451.938 407.901
816 457.812 408.604
817 452.57 396.787
818 405.609 343.232
819 575.17 448.395
820 455.5 398.429
821 454.115 402.189
822 458.949 406.405
823 479.796 408.824
824 452.941 398.974
825 440.513 402.756
826 472.011 400.305
827 462.357 393.846
828 452.513 404.921
829 563.992 454.679
830 467.948 404.956
831 441.837 390.937
832 444.118 407.505
833 457.081 426.989
834 444.477 400.689
835 444.405 388.229
836 465.532 422.5
837 571.343 451.012
838 527.039 432.958
839 482.311 422.393
840 449.4 411.244
841 447.473 400.2
842 568.686 445.846
843 464.956 389.107
844 507.339 448.611
845 471.847 416
846 448.438 402.41
847 455.645 434.01
848 443.919 399.304
849 443.459 409.463
850 464.215 414.28
851 469.135 413.449
852 454.081 408.431
853 452.354 395.082
854 451.414 399.999
855 450.404 400.849
856 439.729 389.918
857 436.756 400.156
858 432.215 393.897
859 465.403 415.464
860 435.899 400.969
861 455.077 389.711
862 596.042 470.845
863 462.904 402.343
864 456.125 404.989
865 450.889 410.31
866 435.345 386.427
867 468.423 394.398
868 451.354 398.334
869 449.75 411.727
870 448.247 386.316
871 443.81 440.357
872 575.824 453.321
873 473.793 410.037
874 449.248 404.336
875 465.304 373.336
876 435.541 392.301
877 456.164 397.462
878 452.035 409.492
879 435.89 383.288
880 450.078 409.94
881 451.471 391.385
882 457.329 398.429
883 445.78 399.334
884 431.184 387.194
885 454.96 390.733
886 458.166 392.785
887 450.719 403.876
888 607.763 480.156
889 463.724 398.955
890 455.961 390.602
891 457.04 418.485
892 428.987 390.968
893 443.193 428.41
894 451.308 393.919
895 431.059 404.228
896 453.453 393.497
897 444.277 417.413
898 450.996 393.858
899 449.4 382.364
900 462.357 398.679
901 449.938 405.492
902 557.844 448.714
903 468.44 398.62
904 456.583 403.989
905 468.99 404.9
906 449.223 394.492
907 456.732 397.637
908 460.023 404.448
909 561.865 461.636
910 458.816 409.98
911 453.667 396.462
912 452.964 408.76
913 449.302 398.429
914 459.891 414.999
915 451.597 401.899
916 466.759 408.5
917 450.102 409.309
918 464.947 416.309
919 446.477 400.272
920 441.745 394.611
921 449.189 373.631
922 443.238 408.277
923 433.159 382.916
924 455.961 397.475
925 462.027 416.5
926 579.078 460.139
927 573.547 456.675
928 429.212 386.937
929 453.073 404.822
930 494.678 431.128
931 439.147 405.307
932 450.12 400.875
933 432.643 401.899
934 474.498 413.957
935 459.356 396.444
936 456.605 402.343
937 464.431 407.877
938 469.574 402.629
939 459.261 411.244
940 459.787 388.871
941 451.972 390.85
942 451.471 402.552
943 438.974 399.497
944 457.843 406.079
945 569.716 474.776
946 464.467 416.248
947 456.487 401.026
948 462.498 433.082
949 438.169 413.923
950 452.95 402.026
951 462.984 408.363
952 438.288 384.406
953 474.498 405.241
954 443.178 398.788
955 442.558 400.639
956 468.76 414.5
957 433.061 382.916
958 507.5 453.646
959 465.468 404.6
960 452.006 414.764
961 455.947 415.652
962 453.943 392.36
963 451.91 390.013
964 458.048 416.88
965 445.12 395.386
966 452.234 400.849
967 538.888 458.663
968 458.454 397.276
969 439.873 390.749
970 447.594 410.441
971 447.888 395.272
972 471.872 402.821
973 547.744 452.579
974 471.576 405.723
975 446.027 393.968
976 436.17 384.5
977 474.361 413.941
978 442.182 393.989
979 454.01 392.751
980 444.054 395.752
981 524.328 428.03
982 454.731 402.274
983 431.914 400.447
984 461.493 402.497
985 432.666 400.501
986 462.913 405.101
987 431.943 381.045
988 465.332 398.158
989 463.066 426.999
990 467.44 413.476
991 391.888 353.313
992 449.929 398.285
993 448.196 386.593
994 454.992 391.437
995 445.628 392.384
996 469.095 398.718
997 460.973 390.585
998 552.304 443.41
999 452.94 403.448
1000 456.26 400.305
1001 449.887 397.972
1002 540.753 470.296
1003 460.356 407.646
1004 449.84 383.515
1005 453.238 401.238
1006 449.226 411.492
1007 459.167 392.461
1008 444.385 391.631
1009 467.948 404.346
1010 474.645 415.131
1011 448.126 403.989
1012 464.526 415.341
1013 462.495 408.956
1014 462.723 409.277
1015 464.031 408.826
1016 473.36 402.567
1017 451.141 400.362
1018 469.847 401.118
1019 559.453 441.962
1020 476.823 391.484
1021 452.838 407.793
1022 445.748 404.24
1023 439.944 365.692
1024 448.393 404.94
1025 465.759 403.969
1026 447.935 402.682
1027 447.941 407.76
1028 464.83 409.98
1029 451.512 400.752
1030 449.099 390.853
1031 450.859 405.877
1032 460.516 411.941
1033 467.116 445.8
1034 474.915 403.928
1035 472.285 447.03
1036 445.652 397.746
1037 449.493 395.443
1038 446.506 402.075
1039 459.38 410.244
1040 567.217 443.988
1041 452.866 401.681
1042 455.815 403.564
1043 444.675 399.68
1044 538.233 443.188
1045 442.07 397.409
1046 453.728 398.82
1047 459.021 406.337
1048 463.064 405.448
1049 442.955 409.647
1050 447.999 387.662
1051 440.809 409.995
1052 471.493 406.851
1053 460.475 403.401
1054 464.276 407.431
1055 463.487 394.269
1056 452.775 415.5
1057 461.24 408.125
1058 449.64 405.241
1059 475.991 403.401
1060 466.478 399.8
1061 444.65 405.94
1062 446.195 400.462
1063 467.538 412.981
1064 469.478 429.167
1065 440.5 411.339
1066 479.456 404.791
1067 444.747 433.561
1068 446.934 395.787
1069 437.438 435.174
1070 463.743 395.27
1071 452.195 407.956
1072 452.54 388.13
1073 448.196 410.726
1074 450.6 391.897
1075 472.468 394.36
1076 455.784 404.411
1077 461.136 403.989
1078 467.983 396.955
1079 485.426 411.99
1080 451.938 397.361
1081 456.202 462.594
1082 458.127 412.989
1083 454.242 402.16
1084 432.005 397.157
1085 459.9 420.464
1086 452.752 395.803
1087 575.211 480.728
1088 461.21 400.025
1089 511.11 457.294
1090 444.263 407.971
1091 455.785 410.463
1092 480.337 398.337
1093 462.742 405.29
1094 444.463 402.98
1095 464.529 421.989
1096 462.214 406.637
1097 448.999 407.64
1098 469.276 412.981
1099 440.71 390.538
1100 458.564 406.485
1101 437.908 424.113
1102 449.999 394.462
1103 433.22 401.092
1104 435.224 389.484
1105 459.983 390.784
1106 455.14 399.989
1107 445.589 406.431
1108 438.901 393.462
1109 451.903 415.827
1110 449.887 394.873
1111 469.095 396.496
1112 469.498 404.969
1113 433.357 389.487
1114 454.478 392.301
1115 476.697 404.364
1116 451.141 403.43
1117 421.26 383.054
1118 451.308 403.202
1119 448.782 412.563
1120 443.288 409.989
1121 639.957 513.921
1122 448.353 403.817
1123 563.168 452.601
1124 432.319 380.664
1125 442.262 395.27
1126 476.468 387.257
1127 451.664 397.746
1128 453.032 406.448
1129 443.745 400.182
1130 449.64 400.305
1131 435.784 393.328
1132 569.746 450.679
1133 460.023 403.336
1134 424.759 379.405
1135 471.493 397.678
1136 433.428 399.279
1137 446.466 394.5
1138 453.36 397.334
1139 455.438 406.357
1140 438.247 394.989
1141 456.95 410.561
1142 462.817 398.875
1143 462.331 398.547
1144 442.213 398.898
1145 450.684 401.999
1146 471.01 416.855
1147 439.729 406.956
1148 530.261 455.368
1149 455.417 401.925
1150 449.223 404.822
1151 459.755 400.812
1152 455.753 404.099
1153 442.236 387.484
1154 446.883 394.989
1155 598.881 512.903
1156 433.508 394.968
1157 462.441 410.356
1158 457.586 422.37
1159 380.184 343.418
1160 457.371 401.477
1161 437.167 412.795
1162 436.862 400.82
1163 447.786 409.605
1164 458.203 396.919
1165 470.306 398.98
1166 446.829 392.856
1167 456.014 407.242
1168 442.308 399.199
1169 501.47 452.493
1170 461.931 396.458
1171 570.299 464.9
1172 451.6 396.39
1173 447.529 393.782
1174 448.395 402.43
1175 443.351 390.523
1176 567.854 444.098
1177 552.223 456.329
1178 454.468 395.146
1179 451.722 395.485
1180 458.983 395.495
1181 439.609 404.758
1182 466.33 397.271
1183 460.302 392.873
1184 447.634 425.464
1185 435.975 400.899
1186 460.375 407.308
1187 457.884 401.995
1188 427.645 402.239
1189 436.707 436.848
1190 481.999 414.391
1191 539.5 465.284
1192 456.786 403.757
1193 447.594 393.408
1194 459.207 406.877
1195 464.825 409.688
1196 431.5 389.23
1197 484.702 412.492
1198 456.491 402.999
1199 453.475 402.399
1200 454.401 438.438
1201 454.037 402.239
1202 435.861 424.944
1203 459.52 402.388
1204 426.253 389.012
1205 455.561 419.999
1206 453.365 388.896
1207 462.954 386.232
1208 450.033 392.54
1209 458.983 411.727
1210 509.838 418.798
1211 515.222 451.248
1212 439.299 395.333
1213 452.195 402.958
1214 463.556 408.647
1215 450.001 401.969
1216 599.285 463.417
1217 470.487 416.132
1218 447.929 400.812
1219 464.193 402.98
1220 450.044 391.408
1221 456.202 399.81
1222 443.351 417.282
1223 467.44 421.813
1224 474.361 412.728
1225 452.78 395.97
1226 440.729 397.115
1227 486.991 432.895
1228 444.352 437.198
1229 429.094 392.492
1230 446.427 406.389
1231 451.231 410.485
1232 461.74 400.41
1233 442.284 398.271
1234 444.297 402.757
1235 442.195 389.33
1236 468.846 404.822
1237 431.663 401.79
1238 457.165 387.358
1239 465.927 417.449
1240 451.6 397.717
1241 457.646 396.919
1242 448.99 396.496
1243 451.929 394.33
1244 460.38 401.551
1245 468.051 400.719
1246 453.081 400.34
1247 466.487 396.863
1248 455.671 397.92
1249 470.334 396.616
1250 446.184 406.5
1251 457.812 389.711
1252 452.94 429.651
1253 440.809 393.385
1254 455.945 409.999
1255 439.761 407.646
1256 595.846 479.525
1257 443.93 398.236
1258 455.787 399.199
1259 461.74 400.995
1260 454.478 395.788
1261 453.475 399.279
1262 444.002 398.198
1263 452.261 398.492
1264 614.45 507.86
1265 539.292 435.835
1266 446.596 402.693
1267 475.498 400.335
1268 457.421 386.903
1269 439.171 399.789
1270 465.87 402.343
1271 451.267 401.98
1272 447.357 403.642
1273 450.722 395.474
1274 475.526 372.516
1275 459.93 403.9
1276 487.172 401.813
1277 446.934 411.208
1278 456.995 410.463
1279 505.952 410.761
1280 425.26 395.113
1281 442.47 399.237
1282 463.755 396.636
1283 430.746 403.928
1284 447.83 398.304
1285 446.865 394.472
1286 477.661 399.999
1287 462.439 406.999
1288 967.967 768.363
1289 460.498 412.515
1290 452.035 388.377
1291 549.844 448.882
1292 532.999 456.196
1293 454.731 403.5
1294 552.196 446.766
1295 463.17 440.016
1296 497.409 438.431
1297 465.845 409.462
1298 459.848 391.5
1299 445.81 407.765
1300 465.332 400.16
1301 451.471 417.133
1302 474.948 402.224
1303 462.303 400.396
1304 437.603 409.475
1305 469.201 412.497
1306 448.461 408.461
1307 441.846 397.447
1308 441.153 414.041
1309 456.844 411.999
1310 466.528 396.303
1311 458.996 399.362
1312 569.803 449.302
1313 457.261 397.271
1314 584.413 448.641
1315 448.128 415.97
1316 471.699 418.995
1317 455.401 394.59
1318 460.424 410.981
1319 465.44 409.431
1320 460.619 399.548
1321 453.892 393.619
1322 471.498 400.16
1323 442.366 401.989
1324 442.343 407.308
1325 577.441 465.201
1326 448.849 399.755
1327 573.324 458.151
1328 461.089 391.408
1329 599.083 469.461
1330 459.868 400.2
1331 453.407 403.076
1332 443.621 405.492
1333 446.876 391.5
1334 467.859 377.889
1335 565.641 459.63
1336 453.189 400.756
1337 466.5 412.923
1338 464.99 413.833
1339 439.386 405.411
1340 434.799 395.272
1341 459.086 409.726
1342 445.81 397.497
1343 475.915 443.726
1344 463.09 397.115
1345 451.493 393.395
1346 440.055 393.751
1347 452.053 408.604
1348 460.491 402.552
1349 434.431 400.924
1350 488.211 434.168
1351 573.318 451.728
1352 500.851 461.32
1353 453.136 396.474
1354 472.212 410.981
1355 442.985 388.528
1356 441.153 406.723
1357 453.305 406.851
1358 447.093 394.919
1359 463.487 399.995
1360 455.401 390.533
1361 476.101 397.5
1362 454.786 389.629
1363 456.911 390.672
1364 447.462 407.989
1365 472.44 400.281
1366 463 393.332
1367 476.441 455.343
1368 446.469 413.995
1369 449.889 392.538
1370 441.611 407.365
1371 443.919 404.98
1372 454.198 404.463
1373 466.403 398.875
1374 506.892 468.111
1375 439.805 394.462
1376 464.651 407.557
1377 461.498 400.16
1378 464.913 417.923
1379 468.333 403.721
1380 463.422 415.941
1381 454.922 402.462
1382 465.79 412.826
1383 592.554 488.07
1384 457.799 404.203
1385 479.496 414.21
1386 449.326 405.241
1387 446.299 394.143
1388 472.758 426.802
1389 457.53 414.449
1390 458.166 402.955
1391 562.146 436.422
1392 444.385 376.423
1393 459.474 404.697
1394 450.888 392.428
1395 456.95 403.876
1396 445.165 405.448
1397 442.213 414.981
1398 446.783 402.492
1399 459.265 402.336
1400 545.724 444.729
1401 642.234 549.472
1402 465.147 399.447
1403 445.713 411.5
1404 447.377 405.931
1405 450.794 397.485
1406 536.351 453.36
1407 456.562 411.999
1408 466.613 397.806
1409 464.956 408.353
1410 459.848 415.367
1411 449.36 412.412
1412 459.9 405.862
1413 456.375 393.785
1414 977.442 757.784
1415 452.316 398.685
1416 455.89 405.5
1417 460.023 398.271
1418 451.646 411.492
1419 453.943 405.699
1420 451.069 397.898
1421 438.509 399.387
1422 478.487 412.449
1423 452.217 394.938
1424 456.548 417.433
1425 460.566 407.411
1426 431.804 382.779
1427 449.833 393.328
1428 457.081 383.98
1429 443.107 381.811
1430 460.149 402.239
1431 455.082 400.5
1432 549.844 451.863
1433 559.725 445.932
1434 580.524 461.162
1435 467.434 394.98
1436 452.871 410.449
1437 450.658 397.235
1438 460.402 402.462
1439 460.516 412.209
1440 463.131 407.823
1441 474.933 408.277
1442 450.12 398.989
1443 467.134 409.463
1444 456.379 389.887
1445 453.911 391.671
1446 451.471 395.677
1447 447.392 390.062
1448 449.099 404.03
1449 450.99 397.754
1450 443.486 392.384
1451 461.168 414.476
1452 421.733 374.257
1453 455.194 402.552
1454 437.174 411.412
1455 445.841 389.299
1456 446.243 400.98
1457 473.974 431.833
1458 455.993 397.335
1459 456.605 401.502
1460 470.914 405
1461 460.454 399.95
1462 462.601 400.22
1463 451.049 406.823
1464 443.263 381.307
1465 448.639 403.969
1466 480.999 421.45
1467 454.037 388.377
1468 470.983 405.699
1469 465.274 403.162
1470 443.972 397.819
1471 460.023 398.409
1472 474.288 410.366
1473 441.28 397.938
1474 438.698 398.594
1475 454.719 385.956
1476 460.999 415.449
1477 457.891 392.954
1478 447.101 400.43
1479 454.874 417.476
1480 465.856 389.792
1481 502.635 442.236
1482 476.118 433.119
1483 460.302 409.956
1484 482.311 446.654
1485 460.999 410.995
1486 461.136 413.989
1487 464.689 396.592
1488 564.916 449.754
1489 458.356 402.095
1490 462.742 399.5
1491 442.929 391.929
1492 428.732 404.875
1493 449.833 394.268
1494 455.421 396.333
1495 444.419 393.968
1496 472.965 416.855
1497 557.382 445.437
1498 478.424 397.386
1499 446.714 406.602
1500 534.125 460.903
1501 438.189 394.859
1502 522.737 451.597
1503 586.59 446.186
1504 443.699 398.552
1505 450.643 396
1506 473.643 387.105
1507 462 397.115
1508 438.151 389.487
1509 467.76 408.76
1510 459.32 401.238
1511 523.471 417.459
1512 465.242 403.683
1513 600.949 478.592
1514 461.687 411.981
1515 449.248 401.335
1516 445.407 393.934
1517 461.621 415.449
1518 450.314 403.989
1519 445.748 403.876
1520 458.564 404.165
1521 466.208 406.723
1522 467.983 410.853
1523 469.999 408.497
1524 459.961 405.457
1525 448.852 412.497
1526 453.682 398.304
1527 573.175 452.548
1528 455.842 402.274
1529 442.351 390.794
1530 447.786 401.876
1531 460.895 401
1532 465.527 406.763
1533 460.756 427.142
1534 438.086 394.98
1535 432.157 398.334
1536 452.89 384.955
1537 454.944 407.995
1538 456.438 413.171
1539 456.732 415.247
1540 457.329 403.939
1541 462.688 397.972
1542 435.393 396.969
1543 437.959 391.193
1544 441.061 404.492
1545 469.359 400.955
1546 462.487 399.338
1547 459.737 408.475
1548 455.945 388.979
1549 464.031 418.249
1550 457.754 398.873
1551 454.163 393.999
1552 458.028 403.162
1553 449.396 399.159
1554 446.96 402.872
1555 447.588 399.334
1556 455.038 386.255
1557 461.151 412.279
1558 457.53 414.367
1559 442.809 389.227
1560 476.194 422.251
1561 470.498 400.976
1562 455.421 409.726
1563 465.158 410.475
1564 438.541 403.599
1565 322.251 304.344
1566 556.855 438.247
1567 438.229 392.995
1568 462.757 402.562
1569 474.974 409.937
1570 460.454 400.305
1571 623.177 535.985
1572 439.632 389.012
1573 459.147 397.819
1574 462.467 406.989
1575 457.143 402.5
1576 452.31 400.025
1577 495.621 448.685
1578 443.768 397.633
1579 620.065 473.921
1580 503.555 446.206
1581 466.16 400.16
1582 452.108 410.97
1583 440.615 399.995
1584 435.409 389.629
1585 457.498 404.758
1586 435.433 401.969
1587 463.525 400.362
1588 453.946 390.135
1589 457.815 388.906
1590 449.653 405.969
1591 454.922 408.448
1592 559.86 487.974
1593 483.453 423.051
1594 447.486 393.5
1595 432.891 392.484
1596 447.409 400.09
1597 484.875 446.477
1598 459.868 386.192
1599 425.253 428.824
1600 455.787 391.75
1601 456.789 400.879
1602 449.412 401.64
1603 474.114 410.999
1604 454.236 410.884
1605 436.108 415.485
1606 453.196 396.787
1607 456.689 411.241
1608 568.612 455.761
1609 455.807 402.969
1610 443.621 390.108
1611 572.295 465.586
1612 432.125 408
1613 451.11 409.995
1614 449.486 424.476
1615 594.348 488.898
1616 441.912 395.955
1617 464.996 413.28
1618 436.477 398.236
1619 458.493 387.194
1620 445.466 397.447
1621 450.198 398.848
1622 452.513 409.475
1623 441.501 386.483
1624 456.329 387.905
1625 451.567 400.396
1626 444.625 400.55
1627 452.838 399.555
1628 436.629 408.881
1629 449.173 390.497
1630 438.497 399.789
1631 456.493 439.067
1632 470.656 413.995
1633 567.352 466.776
1634 441.112 389.962
1635 453.841 396.496
1636 481.425 448.33
1637 441.745 401.161
1638 443.541 393.301
1639 445.056 429.439
1640 447.196 400.999
1641 451.354 403.401
1642 459.051 406.431
1643 450.813 403.721
1644 460.68 404.697
1645 448.096 397.5
1646 420.309 395.495
1647 446.299 400.681
1648 448.596 400.43
1649 477.255 404.455
1650 460.475 401.497
1651 458.843 400.117
1652 484.878 425.634
1653 443.5 398.995
1654 449 420.071
1655 463.09 406.956
1656 432.453 402.598
1657 532.105 431.661
1658 458.947 396.114
1659 434.339 416.492
1660 449.159 392.873
1661 585.598 455.614
1662 449.833 397.819
1663 443.919 401.305
1664 472.479 412.563
1665 460.087 401.98
1666 462.212 402.475
1667 457.424 408.412
1668 458.478 392.588
1669 460.354 412.941
1670 551.017 446.766
1671 449.66 404.336
1672 454.973 404.822
1673 452.692 407.603
1674 510.558 443.067
1675 442.708 397.788
1676 430.86 415.384
1677 488.853 407.448
1678 456.891 398.334
1679 450.404 414.826
1680 467.277 397.746
1681 433.672 399.999
1682 456.438 397.198
1683 452.513 395.874
1684 453.032 405.5
1685 467.572 417.449
1686 452.866 403.497
1687 439.687 392.268
1688 444.922 398.939
1689 442.176 381.715
1690 469.983 410.94
1691 460.901 407.338
1692 453.235 408.647
1693 475.456 404.94
1694 445.676 385.668
1695 573.573 473.966
1696 441.843 402.876
1697 435.969 398.969
1698 445.637 412.887
1699 448.554 388.96
1700 455 394.398
1701 450.033 392.194
1702 445.207 402.98
1703 473.895 421.134
1704 452.783 408.647
1705 506.793 448.422
1706 469.485 396.235
1707 470.106 422.393
1708 455.454 433.449
1709 460.266 406.723
1710 458.615 409.412
1711 459.891 440.518
1712 451.68 399.5
1713 455.882 398.594
1714 465 411.038
1715 469.914 395.545
1716 462.325 413.728
1717 563.25 456.045
1718 463.757 401.475
1719 448.812 398.337
1720 456.605 392.331
1721 468.295 414.171
1722 460.619 414.449
1723 453.5 392.751
1724 448.476 399.955
1725 460.99 409.761
1726 446.424 416.989
1727 441.833 403.423
1728 454.257 395.659
1729 464.739 416.432
1730 448.031 394.208
1731 449.791 402.475
1732 468.359 411.649
1733 430.624 389.918
1734 443.382 412.485
1735 440.169 397.021
1736 463.999 405.5
1737 460.951 413.13
1738 439.873 408.431
1739 479.996 436.212
1740 460.722 403.553
1741 446.3 398.158
1742 562.154 460.927
1743 454.577 414.449
1744 445.841 397.92
1745 456.891 386.507
1746 559.902 453.36
1747 472.948 397.819
1748 448.929 395.968
1749 479.418 365.145
1750 456.493 393.54
1751 441.448 400.335
1752 455.807 408.408
1753 548.831 473.122
1754 462 407.646
1755 442.45 437.982
1756 591.986 484.949
1757 443.93 428.633
1758 465.97 450.294
1759 449.084 408.167
1760 441.611 417.464
1761 452.253 406.969
1762 474.974 440.318
1763 467.359 397.972
1764 452.407 402.876
1765 459.13 415.476
1766 434.677 402.201
1767 436.921 423.758
1768 558.072 445.381
1769 468.333 408.448
1770 469.983 402.79
1771 454.841 397.92
1772 481.734 410.989
1773 462.742 404.43
1774 459.487 408.461
1775 447.888 403.226
1776 457.317 419.97
1777 447.811 395.156
1778 442.464 406.431
1779 460.043 415.995
1780 465 440.045
1781 470.106 405.969
1782 475.14 402.075
1783 455.753 397.407
1784 438.589 391.063
1785 444.77 403.239
1786 450.888 403.876
1787 443.17 408.878
1788 455.379 408.363
1789 620.843 503.196
1790 446.856 383.425
1791 449.525 415.341
1792 446.39 399.687
1793 486.133 418.539
1794 446.883 416.449
1795 456.93 387.453
1796 457.417 404.684
1797 472.246 443.351
1798 486.5 404.818
1799 455.842 403.921
1800 444.864 406.968
1801 536.764 468.666
1802 464.968 403.388
1803 453.774 414.432
1804 451.471 397.955
1805 426.415 379.568
1806 443.745 397.546
1807 551.707 463.463
1808 466.478 387.747
1809 483.198 425.995
1810 457.55 412.826
1811 457.379 397.788
1812 552.793 461.211
1813 442.154 402.095
1814 475.498 395.21
1815 475.563 410.5
1816 456.414 408.461
1817 485.703 439.395
1818 443.296 376.935
1819 456.684 399.237
1820 467.423 387.662
1821 456.033 410.938
1822 457.487 397.864
1823 459.868 397.864
1824 460.149 404.98
1825 453.954 393.408
1826 574.618 464.312
1827 446.654 404.346
1828 445.182 398.409
1829 448.999 404.411
1830 466.298 417.731
1831 426.647 393.989
1832 443.878 401.43
1833 455.787 407.934
1834 452.558 402.485
1835 434.617 401.485
1836 452.253 403.388
1837 418.312 384.371
1838 457.897 385.625
1839 458.472 403.995
1840 554.646 442.601
1841 446.637 397.497
1842 586.405 474.316
1843 469.622 408.576
1844 494.933 459.315
1845 458.467 402.336
1846 468.912 399.789
1847 458.891 409.761
1848 464.56 397.955
1849 449.397 396.02
1850 460.266 396.409
1851 435.362 387
1852 459.737 408.497
1853 444.88 397.361
1854 477.996 400.396
1855 452.665 412.497
1856 452.108 412.085
1857 446.318 400.475
1858 449.305 386.008
1859 456.503 400.335
1860 561.938 447.433
1861 445.312 402.475
1862 464.17 408.277
1863 465.321 404.851
1864 451.841 397.157
1865 471.617 410.561
1866 443.351 392.873
1867 459.947 392.237
1868 573.571 472.706
1869 467.691 409.647
1870 459.52 405.485
1871 469.485 395.716
1872 450.25 391.152
1873 454.96 402.876
1874 432.834 393.065
1875 449.032 396.63
1876 448.486 391.359
1877 454.867 406.204
1878 455.996 434.658
1879 450.662 400.447
1880 455.201 410.366
1881 450 394.543
1882 566.992 456.605
1883 447.075 399.548
1884 445.006 403.388
1885 442.182 413.5
1886 464.156 400.22
1887 480.999 439.19
1888 440.995 385.895
1889 456.982 406.276
1890 455.48 391.437
1891 667.997 537.978
1892 462.378 413.34
1893 561.678 472.916
1894 468.208 403.98
1895 442.647 394.59
1896 441.693 394.386
1897 440.949 388
1898 458.487 391.331
1899 569.972 463.07
1900 453.136 410.648
1901 442.182 408.989
1902 445.295 398.393
1903 450.13 400.681
1904 463.093 402.955
1905 455.258 410.648
1906 499.606 438.76
1907 478.539 408.901
1908 432.215 403.492
1909 435.362 395.495
1910 433.917 410.77
1911 577.451 456.045
1912 454.89 387.265
1913 558.619 456.26
1914 437.374 394.332
1915 468.76 406.969
1916 512.759 473.388
1917 457.939 412.17
1918 447.245 398.939
1919 447.124 391.489
1920 432.125 409.956
1921 439.289 411.179
1922 468.76 407.242
1923 457.493 427.467
1924 451.034 405.404
1925 513.825 445.201
1926 449.589 401.559
1927 461.303 397.497
1928 446.506 410.995
1929 460.023 398.955
1930 463.913 405.792
1931 441.507 399.117
1932 438.367 399.43
1933 455.077 393.785
1934 612.203 529.906
1935 461.973 404.963
1936 466.382 391.539
1937 462.212 411.432
1938 467.983 407.389
1939 458.344 392.779
1940 437.681 403.162
1941 455.99 431.11
1942 465.79 401.681
1943 451.99 395.485
1944 456.996 396.898
1945 462 405.389
1946 452.665 403.336
1947 463.046 409.412
1948 455.753 392.446
1949 440.84 404.163
1950 441.615 393.919
1951 440.84 400.719
1952 441.146 395.818
1953 459.207 408.604
1954 484.949 404.411
1955 457.422 417.342
1956 437.263 388.497
1957 455.077 404.851
1958 445.924 397.429
1959 466.726 406.165
1960 575.547 459.843
1961 449.778 399
1962 449.397 409.761
1963 439.09 400.82
1964 463.604 418.999
1965 435.321 387.058
1966 456.583 384.318
1967 472.307 407.308
1968 440.15 395.938
1969 572.141 450.307
1970 462.983 401.201
1971 450.888 395.97
1972 464.431 416.485
1973 438.041 391.775
1974 458.041 399.071
1975 453.008 385.708
1976 456.95 407.823
1977 464.961 390.343
1978 443.466 394.302
1979 659.375 519.722
1980 448.174 406.999
1981 476.764 440.881
1982 473.966 393.385
1983 464.684 412.795
1984 439.345 392.491
1985 454.786 393.589
1986 458.238 402.452
1987 469.127 419.414
1988 556.126 447.324
1989 507.328 459.548
1990 455.42 398.873
1991 451.781 376.967
1992 454.41 402.876
1993 442.916 379.326
1994 442.928 438.123
1995 450.6 418.981
1996 453.417 381.224
1997 433.691 365.951
1998 466.759 388.664
1999 478.991 406.458
2000 442.915 407.98
2001 451.493 415.61
2002 442.887 390.853
2003 447.786 394.233
2004 452.461 397.637
2005 472.965 418.45
2006 463.87 394.408
2007 461.931 397.819
2008 447.466 400.719
2009 450.438 385.723
2010 464.564 407.351
2011 450.972 385.414
2012 461.796 393.141
2013 449.715 402.809
2014 615.972 486.494
2015 574.603 462.019
2016 465.69 400.362
2017 448.509 403.239
2018 443.745 401.388
2019 578.035 454.242
2020 453.674 408.999
2021 470.932 395.272
2022 438.634 413.246
2023 455.263 408.309
2024 456.961 396.681
2025 448.554 395.917
2026 469.383 419.476
2027 464.22 416.903
2028 456.164 403.202
2029 450.463 401.305
2030 470.498 394.873
2031 424.829 397.497
2032 442.294 389.012
2033 575.442 454.257
2034 454.037 380.869
2035 460.608 406.851
2036 443.288 403.497
2037 454.41 395.97
2038 465.44 405.101
2039 454.032 405.823
2040 457.786 392.737
2041 465.44 419.497
2042 433.809 393.233
2043 455.704 419.732
2044 444.486 420.209
2045 453.718 393.462
2046 429.802 378.472
2047 438.671 417.314
2048 456.946 396.333
2049 444.702 402.899
2050 452.453 388.196
2051 448.33 409.94
2052 481.73 440.275
2053 439.818 388.486
2054 450.535 403.274
2055 437.822 404.485
2056 467.529 418.694
2057 457.355 390.013
2058 456.121 392.538
2059 451.486 400.025
2060 439.499 403.695
2061 457.084 408.687
2062 436.149 385.383
2063 463.525 413.367
2064 449.599 389.461
2065 434.865 396.081
2066 461.961 422.464
2067 474.915 409.878
2068 438.974 445.144
2069 452.416 402.336
2070 450.556 407.823
2071 456.197 397.021
2072 437.167 408.108
2073 467.382 430.465
2074 453.652 398.334
2075 443.324 399.955
2076 596.042 463.611
2077 451.498 392.439
2078 462.999 394.676
2079 454.544 407.448
2080 427.188 375.867
2081 563.8 445.393
2082 467.093 426.971
2083 438.684 397.021
2084 458.615 437.699
2085 563.483 444.527
2086 456.478 394.676
2087 458.954 407.901
2088 430.023 399.789
2089 478.629 448.448
2090 450.658 395.752
2091 561.298 462.743
2092 464.207 397.021
2093 451.866 399.939
2094 445.194 441.95
2095 465.296 402.201
2096 450.255 401.238
2097 547.984 453.556
2098 458.205 396.068
2099 442.84 406.995
2100 456.881 394.36
2101 450.943 405.164
2102 451.486 431.775
2103 454.564 412.97
2104 481.597 428.966
2105 437.033 416.693
2106 943.313 763.597
2107 432.902 408.989
2108 613.332 489.314
2109 442.852 389.979
2110 445.181 406.123
2111 457.786 391.604
2112 448.778 398.995
2113 470.383 402.224
2114 448.667 408.485
2115 452.327 435.589
2116 442.845 394.989
2117 460.983 388.871
2118 473.962 428.906
2119 443.067 405.164
2120 431.38 407.411
2121 460.183 423.216
2122 465.69 392.331
2123 448.247 399.497
2124 463.357 404.506
2125 454.842 391.063
2126 443.52 401.497
2127 449.495 391.671
2128 459.95 411.5
2129 448.972 391.604
2130 452.364 400.272
2131 456.995 408.448
2132 471.864 412.039
2133 451.567 417.923
2134 456.946 408.987
2135 539.096 442.958
2136 460.912 392.966
2137 439.5 393.542
2138 454.728 389.629
2139 474.468 411.463
2140 432.014 385.658
2141 458.792 411.497
2142 457.439 405.348
2143 461.439 397.637
2144 439.687 391.474
2145 414.266 341.526
2146 464.923 429.8
2147 428.644 393.268
2148 441.809 394.538
2149 446.773 412.302
2150 470.99 413.564
2151 442.308 400
2152 445.505 402.821
2153 448.667 379.363
2154 460.595 403.989
2155 462.817 412.69
2156 464.956 397.874
2157 454.96 406.9
2158 466.493 400.025
2159 440.643 390.428
2160 584.705 494.464
2161 578.419 467.215
2162 432.891 375.892
2163 441.913 400.335
2164 454.682 392.001
2165 456.732 413.497
2166 447.325 393.206
2167 439.927 396.918
2168 446.708 393.989
2169 450.5 398.393
2170 451.868 393.799
2171 489.974 434.486
2172 466.133 403.876
2173 495.597 436.886
2174 431.959 395.635
2175 457.675 395.919
2176 443.81 385.532
2177 470.277 393.268
2178 470.498 395.544
2179 461.357 407.98
2180 446.715 384.121
2181 443.351 407.475
2182 482.383 377.015
2183 453.42 392.588
2184 577.59 473.987
2185 435.97 401.849
2186 466.487 452.891
2187 466.572 404.554
2188 464.131 395.98
2189 584.5 468.548
2190 444.118 406.475
2191 541.952 418.522
2192 472.44 404.999
2193 452.57 393.385
2194 458.372 409.794
2195 452.513 414.432
2196 454.227 406.94
2197 448.714 407.242
2198 603.743 461.814
2199 452.941 403.239
2200 442.823 392.153
2201 463.625 406.463
2202 463.357 426.394
2203 463.493 449.583
2204 450.593 407.999
2205 470.468 406.357
2206 481.657 405.497
2207 452.5 397.972
2208 494.343 417.025
2209 457.34 415.923
2210 437.924 398.866
2211 463.43 395.919
2212 445.295 407.94
2213 450.4 395.27
2214 461.788 395.447
2215 468.961 423.659
2216 449.887 382.903
2217 462.381 399.447
2218 462.325 397.754
2219 442.819 419.45
2220 448.718 403.348
2221 453.867 404.497
2222 455.645 448.093
2223 472.762 395.067
2224 459.891 396.157
2225 456.891 402.027
2226 456.26 411.981
2227 553.913 433.544
2228 442.262 390.608
2229 447.357 403.534
2230 464.845 392.98
2231 458.647 402.999
2232 440.445 392.439
2233 443.517 387.67
2234 477.479 400.362
2235 451.453 400.812
2236 446.355 400.924
2237 463.562 409.647
2238 446.829 410.366
2239 455.258 398.748
2240 448.986 400.752
2241 464.5 404.791
2242 460.672 403.5
2243 457.622 399.755
2244 446.637 402.989
2245 603.754 482.632
2246 461.898 409.94
2247 450.75 385.214
2248 459.816 388.844
2249 447.466 400.45
2250 458.478 406.036
2251 447.772 400.272
2252 298.396 291.033
2253 454.655 398.236
2254 542.813 441.389
2255 461.426 410.5
2256 593.822 469.359
2257 446.909 391.695
2258 443.593 398.116
2259 441.501 374.339
2260 440.822 407.308
2261 455.269 402.872
2262 458.607 393.268
2263 566.203 463.201
2264 447.811 390.108
2265 468.996 398.085
2266 462.973 403.388
2267 449.04 414.485
2268 406.816 367.151
2269 462.185 404.697
2270 454.682 407.76
2271 475.234 395.919
2272 458.428 403.822
2273 463.996 387.67
2274 447.643 405.999
2275 443.775 397.429
2276 443.199 404.492
2277 376.298 312.49
2278 460.422 406.723
2279 525.819 451.268
2280 458.356 394.543
2281 461.261 401.995
2282 438.899 405.485
2283 568.484 449.302
2284 440.5 397.683
2285 461.74 417.212
2286 447.997 396.235
2287 456.95 390.323
2288 442.165 396.753
2289 470.914 400.447
2290 448.509 395.272
2291 474.278 439.818
2292 452.122 406.409
2293 455.417 397.938
2294 440 392.938
2295 461.947 398.754
2296 445.325 380.69
2297 448.718 405.497
2298 419.93 385.956
2299 466.858 412.728
2300 441.547 403.564
2301 444.473 393.714
2302 445.367 398.848
2303 448.531 394.233
2304 453.872 397.198
2305 440.5 406.5
2306 433.705 381.138
2307 444.77 397.871
2308 551.26 451.902
2309 461.892 389.012
2310 478.397 411.31
2311 441.843 397.92
2312 517.649 432.891
2313 447.884 398.754
2314 631.993 514.83
2315 461.99 405.851
2316 448.888 399.41
2317 447.672 405.497
2318 452.161 399.555
2319 435.578 409.167
2320 432.538 379.294
2321 466.208 402.302
2322 452.95 406.497
2323 468.914 409.883
2324 446.231 389.107
2325 453.911 393.385
2326 458.615 413.796
2327 459.302 398.547
2328 461.609 409.827
2329 453.784 402.821
2330 468.962 396.744
2331 463.892 402.201
2332 572.73 468.788
2333 469.44 407.76
2334 452.78 393.817
2335 452.799 387.525
2336 463.331 406.759
2337 438.178 399.485
2338 465.999 428.027
2339 565.001 450.4
2340 469.698 421.315
2341 453.943 405.995
2342 448.158 401.821
2343 449.326 410.853
2344 438.039 395.898
2345 449.933 414.147
2346 444.486 380.475
2347 424.928 404.758
2348 460.756 390.816
2349 456.161 402.872
2350 471.44 405.9
2351 464.047 407.463
2352 509.034 436.463
2353 455.792 416.497
2354 457.074 400.969
2355 469.487 405.956
2356 435.291 386.903
2357 453.268 388.265
2358 473.498 413.941
2359 466.69 410.411
2360 432.689 392.268
2361 462.983 394.143
2362 449.754 387.814
2363 445.881 390.988
2364 468.436 402.162
2365 443.455 406.932
2366 454.153 420.393
2367 454.842 397.999
2368 456.237 426.971
2369 438.106 381.527
2370 445.354 398.462
2371 583.999 449.77
2372 457.124 400.82
2373 451.132 388.815
2374 460.256 411.989
2375 448.232 402.43
2376 447.357 389.497
2377 468.893 410.431
2378 463.43 412.941
2379 454.719 400.82
2380 465.61 402.641
2381 444.324 390.926
2382 454.266 398.278
2383 462.642 404.492
2384 443.93 391.014
2385 423.004 387.905
2386 449.66 406.337
2387 436.807 377.889
2388 474.536 404.758
2389 446.936 414.999
2390 435.621 406.995
2391 575.548 460.517
2392 442.999 393.074
2393 456 395.443
2394 468.871 406.851
2395 444.463 408.408
2396 586.621 464.629
2397 440.375 389.6
2398 448.832 411.727
2399 456.81 408.687
2400 466.035 412.941
2401 456.689 407.389
2402 465.369 406.492
2403 462.477 389.968
2404 462.757 406.823
2405 433.705 400.501
2406 455.911 396.148
2407 441.005 399.387
2408 437.438 390.436
2409 455.5 402.503
2410 469.696 399.43
2411 615.527 492.469
2412 447.786 413.879
2413 396.197 353.582
2414 450.943 391.995
2415 448.461 402.693
2416 439.528 406.431
2417 434.593 412.233
2418 452.783 399.117
2419 439.638 402.095
2420 493.159 449.346
2421 474.468 422.83
2422 450.783 393.268
2423 459.467 405.759
2424 437.507 393.858
2425 448.776 398.638
2426 440.445 393.233
2427 446.668 409.082
2428 458.048 417.995
2429 470.847 398.875
2430 456.708 411.562
2431 450.267 404.455
2432 468.244 408.935
2433 444.734 397.409
2434 439.577 405.921
2435 446.999 401.201
2436 551.917 452.909
2437 442.708 411.464
2438 591.588 472.229
2439 457.045 398.974
2440 452.134 394.818
2441 592.804 494.833
2442 449.119 398.016
2443 475.991 407.969
2444 549.893 449.132
2445 466.478 401.754
2446 464.17 405.122
2447 433.567 403.41
2448 433.336 410.449
2449 577.254 455.484
2450 422.697 377.139
2451 455.895 402.285
2452 443.452 377.706
2453 450.75 390.381
2454 443.635 410.989
2455 454.01 409.852
2456 429.255 392.817
2457 450.067 391.382
2458 467.333 412.475
2459 600.073 500.624
2460 437.995 379.022
2461 438.708 404.336
2462 453.682 405.404
2463 456.996 401.551
2464 453.559 403.274
2465 550.694 468.839
2466 444.837 395.325
2467 444.239 395.968
2468 469.276 395.443
2469 455.753 412.69
2470 447.929 417.493
2471 428.112 382.897
2472 448.232 404.956
2473 435.431 394.752
2474 437.708 394.36
2475 631.455 527.793
2476 662.752 544.605
2477 455.785 388.13
2478 457.684 404.877
2479 444.027 401.79
2480 460.087 418.497
2481 541.433 440.612
2482 448.437 390.192
2483 459.13 401.388
2484 459.957 399.485
2485 524.867 470.493
2486 454.414 390.672
2487 458.999 403.5
2488 451.471 402.41
2489 457.843 406.877
2490 444.522 414.609
2491 455.947 391.735
2492 455.14 411.922
2493 459.565 396.068
2494 452.94 405.9
2495 459.265 395.447
2496 459.302 404.759
2497 449.099 424
2498 452.42 396.753
2499 573.77 449.4
2500 446.385 402.969
2501 458.356 401.475
2502 453.839 401.502
2503 458.041 395.462
2504 458.755 393.54
2505 590.601 520.917
2506 469.334 403.463
2507 455.333 393.492
2508 453.378 384.518
2509 455.14 397.5
2510 446.637 405.164
2511 458.973 404.684
2512 450.813 383.05
2513 460.961 406.411
2514 442.366 407.995
2515 449.065 401.074
2516 567.629 462.619
2517 442.999 393.408
2518 449.717 418.694
2519 576.227 498.708
2520 451.198 392.989
2521 574.404 456.329
2522 470.498 391.735
2523 454.805 410.083
2524 454.192 398.594
2525 464.687 388.196
2526 467.726 392.919
2527 449.56 389.584
2528 557.035 456.013
2529 455.658 391.267
2530 462.931 407.5
2531 458.947 388.79
2532 439.744 396.545
2533 423.007 377.349
2534 435.445 404.099
2535 461.961 402.757
2536 460.817 404.411
2537 438.901 406.999
2538 453.081 416.368
2539 450.033 395.591
2540 460.356 403.876
2541 582.153 466.382
2542 444.018 394.938
2543 434.779 403.921
2544 347.333 311.043
2545 448.937 395.113
2546 438.064 388.377
2547 469.655 401.756
2548 458.973 391.872
2549 543.937 457.242
2550 449.065 405.877
2551 447.529 405.348
2552 442.284 399.304
2553 457.467 386.192
2554 434.803 404.448
2555 446.596 401.161
2556 459.95 416.059
2557 467.305 411.607
2558 453.354 409.768
2559 548.418 452.99
2560 578.436 459.722
2561 538.214 426.181
2562 445.705 407.411
2563 456.121 407.969
2564 461.558 404.93
2565 450.982 403.642
2566 448.765 393.492
2567 465.629 406.969
2568 444.081 401.238
2569 565.641 446.815
2570 458.816 396.753
2571 431.329 410.083
2572 437.999 374.098
2573 468.374 426.971
2574 455.131 402.693
2575 425.144 390.151
2576 464.612 400.447
2577 456.973 397.492
2578 428.573 388.918
2579 469.914 402.462
2580 443.833 409.726
2581 448.476 408.475
2582 450.889 404.077
2583 464.131 412.366
2584 444.851 398.898
2585 452.665 401.871
2586 445.056 382.034
2587 446.596 399.024
2588 461.357 394.387
2589 458.93 408.576
2590 453.667 406.337
2591 457.93 400.305
2592 463.417 416.368
2593 441.765 392.714
2594 441.5 396.333
2595 438.639 385.314
2596 363.12 322.5
2597 463.845 402.41
2598 442.915 395.98
2599 634.696 506.411
2600 458.947 393.36
2601 458.166 402.821
2602 444.982 396.971
2603 459.33 414.565
2604 445.528 417.449
2605 430.023 389.711
2606 451.308 413.999
2607 700.935 565.448
2608 457.518 402.921
2609 457.734 411.412
2610 443.928 429.105
2611 445.932 394.968
2612 477.991 417
2613 521.709 460.087
2614 452.604 396.592
2615 457.563 397.198
2616 437.588 391.063
2617 459.085 416.167
2618 438.493 389.962
2619 448.307 408.725
2620 699.485 566.508
2621 450.955 405.492
2622 456.079 391.954
2623 452.866 416.211
2624 469.99 385.383
2625 431.865 405.956
2626 451.94 401.201
2627 494.791 395.97
2628 445.028 398.216
2629 462.359 403.274
2630 446.424 402.98
2631 446.883 403.599
2632 469.478 409.309
2633 488.356 451.308
2634 557.451 445.282
2635 461.285 412.995
2636 456.493 396.916
2637 453.968 408.687
2638 442.852 409.338
2639 458.277 413.942
2640 457.202 404.228
2641 567.672 467.75
2642 462.954 398.552
2643 438.99 385.357
2644 547.489 440.392
2645 463.649 408.999
2646 446.184 393.268
2647 439.131 411.995
2648 451.646 409.475
2649 447.466 385.474
2650 436.226 385.813
2651 461.285 414.391
2652 483.146 423.464
2653 448.437 392.737
2654 429.58 395.113
2655 452.681 393.111
2656 454.999 396.081
2657 454.454 384.667
2658 459.868 385.59
2659 463.845 396.492
2660 553.39 487.211
2661 470.383 409.431
2662 462.757 411
2663 451.354 398.974
2664 458.912 404.463
2665 453.475 398.409
2666 450.982 410.449
2667 450.511 406.969
2668 464.479 412.34
2669 474.139 407.338
2670 445.264 396.212
2671 450.033 390.538
2672 447.419 403.531
2673 460.951 390.323
2674 452.89 386.678
2675 447.91 388.149
2676 443.768 404.875
2677 448.399 409.365
2678 444.194 399.82
2679 454.257 413.999
2680 472.468 410.97
2681 465.207 392.673
2682 476.493 438.111
2683 435.345 391.937
2684 460.292 420.433
2685 431.819 401.43
2686 465.999 424.5
2687 466.33 394.066
2688 458.949 404.98
2689 565.217 479.8
2690 446.757 413.28
2691 387.053 347.566
2692 465.973 404.684
2693 569.881 483.326
2694 460.478 400.41
2695 453.698 412.923
2696 472.983 436.133
2697 451.455 392.616
2698 459.28 402.306
2699 447.508 395.742
2700 455.201 408.922
2701 992.866 764.136
2702 446.287 399.875
2703 459.085 399.395
2704 441.192 397.717
2705 463.818 396.157
2706 462.973 408.167
2707 576.125 467.857
2708 470.211 390.672
2709 452.122 406.389
2710 459.439 392.194
2711 458.843 430.437
2712 438.931 399.071
2713 452.322 409.956
2714 455.038 388.384
2715 452.669 396.429
2716 455.982 431.618
2717 460.023 417.97
2718 441.048 409.492
2719 331.596 306.348
2720 422.791 382.779
2721 454.61 390.669
2722 447.634 413.521
2723 361.684 344.195
2724 447.357 400.625
2725 449.717 395.409
2726 444.777 406.602
2727 446.668 415.497
2728 459.167 405.431
2729 455.888 408.338
2730 456.478 408.766
2731 371.726 364.796
2732 442.719 394.634
2733 473.405 410.978
2734 422.606 391.539
2735 462.568 400.237
2736 415.077 436.848
2737 466.948 401.806
2738 454.454 394.538
2739 452.57 397.409
2740 462.99 399.721
2741 462.892 392.54
2742 455.704 400.899
2743 448.393 398.498
2744 431.277 404.448
2745 447.992 403.98
2746 449.119 410.648
2747 442.05 395.474
2748 460.422 412.999
2749 459.513 413.728
2750 556.812 449.226
2751 454.842 406.204
2752 463.525 408.475
2753 564.217 484.716
2754 444.659 401.849
2755 459.127 389.132
2756 429.151 384.052
2757 444.851 400.899
2758 441.235 396.444
2759 459.085 401.462
2760 454.198 396.485
2761 589.207 462.061
2762 592.138 462.083
2763 797.847 605.454
2764 467.614 409.035
2765 442.113 382.528
2766 447.508 396.898
2767 304.893 295.429
2768 543.701 450.15
2769 437.438 399.995
2770 448.128 412.432
2771 454.842 388.536
2772 444.829 399.41
2773 448.196 397.409
2774 447.389 416.999
2775 458.454 388.628
2776 450.12 410.726
2777 445.972 407.646
2778 478.385 403.98
2779 457.754 393.017
2780 469.862 398.492
2781 458.277 406.405
2782 473.991 398.924
2783 440.944 397.746
2784 461.376 407.166
2785 461 386.218
2786 449.856 412.65
2787 454.401 399.555
2788 442.863 387.497
2789 458.961 404.203
2790 452.108 420.733
2791 451.866 387.138
2792 455.258 385.668
2793 473.246 408.173
2794 473.996 424.098
2795 441.071 397.989
2796 460.204 392.001
2797 462.913 436.31
2798 442.548 401.978
2799 453.916 388.871
2800 432.678 409.277
2801 449.72 392.5
2802 451.438 398.158
2803 465.79 412.209
2804 458.145 409.338
2805 453.235 391.446
2806 441.099 386.895
2807 459.983 398.685
2808 459.474 403.57
2809 475.336 400.98
2810 453.264 413.796
2811 445.595 398.808
2812 553.734 458.393
2813 513.906 484.943
2814 437.169 412.449
2815 488.918 373.176
2816 467.983 417.497
2817 455.753 415.692
2818 463.331 394.801
2819 449.68 403.876
2820 459.973 402.731
2821 418.312 379.841
2822 463.467 396.333
2823 449.889 398.07
2824 454.126 396.819
2825 453.498 401.551
2826 458.598 398.116
2827 453.328 391.152
2828 447.191 410.606
2829 453.365 395.591
2830 454.414 410.083
2831 456.708 425.434
2832 460.478 393.395
2833 424.964 404.999
2834 398.02 354.116
2835 472.965 393.999
2836 436.394 386.126
2837 458.999 410.31
2838 576.389 450.18
2839 454.61 415.172
2840 425.732 389.06
2841 441.175 401.681
2842 449.119 404.43
2843 578.549 508.675
2844 484.996 418.249
2845 469.493 417.368
2846 455.945 402.201
2847 559.291 480.487
2848 424.794 386.626
2849 458.079 420.989
2850 555.432 480.637
2851 454.075 396.677
2852 454.982 396.989
2853 464.57 396.545
2854 452 388.33
2855 458.954 404.818
2856 450.955 399.939
2857 443.199 410.97
2858 447.929 396.197
2859 466.613 382.364
2860 429.744 414.311
2861 594.27 468.666
2862 465.566 456.196
2863 466.275 413.923
2864 462.788 407.124
2865 715.973 577.332
2866 456.732 413.989
2867 461.961 398.023
2868 445.477 384.624
2869 541.287 437.758
2870 440.949 413.209
2871 458.419 396.955
2872 454.96 384.055
2873 461.162 405.241
2874 465.502 407.969
2875 433.567 398.995
2876 457.948 398.955
2877 549.633 461.189
2878 455.878 404.275
2879 441.005 408.5
2880 581.102 509.682
2881 516.296 398.023
2882 442.999 398.447
2883 456.896 407.901
2884 473.392 407.646
2885 464.961 408.507
2886 444.455 396.592
2887 457.99 381.838
2888 450.361 397.848
2889 445.457 400.45
2890 570.116 451.796
2891 455.888 415.957
2892 426.401 383.842
2893 575.62 449.46
2894 451.354 401.265
2895 565.745 449.784
2896 439.703 402.955
2897 436.34 391.897
2898 556.638 457.424
2899 448.22 409.5
2900 459.127 388.33
2901 452.405 400.362
2902 438.356 401.447
2903 462.65 406.969
2904 446.493 386.838
2905 473.578 407.934
2906 451.486 403.492
2907 481.182 425.476
2908 457.371 398.552
2909 447.539 410.884
2910 459.439 393.446
2911 452.364 394.474
2912 459.787 414.729
2913 622.301 497.741
2914 458.833 404.275
2915 446.122 411.762
2916 446.936 403.822
2917 445.926 401.691
2918 468.727 401.821
2919 450.044 411.366
2920 471.756 411.989
2921 463.09 406.645
2922 455.493 393.385
2923 440.69 432.562
2924 464.433 419.97
2925 568.887 471.664
2926 457.967 389.43
2927 450.759 395.067
2928 442.349 408.338
2929 426.481 384.371
2930 445.909 404.684
2931 470.863 408.365
2932 456.618 394.332
2933 461.261 391.796
2934 457.237 390.937
2935 451.868 409.497
2936 447.83 411.5
2937 611.449 499.119
2938 437.15 435.298
2939 455.947 409.688
2940 460.322 404.492
2941 433.336 394.897
2942 548.759 457.074
2943 466.275 414.941
2944 465.296 407.956
2945 459.271 393.589
2946 456.95 407.969
2947 556.644 459.064
2948 456.482 410.94
2949 455.314 410.989
2950 454.242 393.484
2951 441.505 392.204
2952 455.945 413.311
2953 476.933 418.464
2954 459.395 414.808
2955 442.466 394.322
2956 479.181 399.922
2957 465.242 425.262
2958 468.983 401.939
2959 460.869 411.956
2960 438.76 407.033
2961 442.267 395.874
2962 448.437 418.485
2963 452.604 412.826
2964 437.367 404.165
2965 469.999 400.072
2966 445.352 403.553
2967 456.136 411.339
2968 456.344 408.766
2969 448.5 408.558
2970 452.244 402.306
2971 458.238 395.113
2972 468.455 397.969
2973 467.76 400.803
2974 561.348 449.525
2975 474.915 404.6
2976 486.991 401.43
2977 458.454 388.601
2978 541.332 426.493
2979 448.187 388.304
2980 465.003 400.335
2981 582.495 463.417
2982 442.103 403.599
2983 439.252 405.485
2984 571.944 459.624
2985 452.473 395.234
2986 455.038 391.489
2987 447.972 414.083
2988 586.59 466.746
2989 427.434 394.162
2990 449.032 385.723
2991 462.788 401
2992 460.487 392.714
2993 452.799 383.492
2994 470.009 399.448
2995 436.028 401.5
2996 452.784 401.074
2997 454.56 395.361
2998 461.21 414.367
2999 437.218 405.644
3000 454.96 429.253
3001 602.86 477.237
3002 454.592 392.873
3003 458.127 411.562
3004 554.189 438.269
3005 460.901 403.9
3006 440.612 400.335
3007 445.282 386.968
3008 447.749 397.746
3009 452.558 403.999
3010 464.87 394.332
3011 466.455 404.963
3012 464.487 406.411
3013 443 395.803
3014 450.006 406.448
3015 451.866 402.336
3016 497.809 448.32
3017 448.393 397.92
3018 469.914 404.307
3019 439.687 396.848
3020 481.02 416.298
3021 459.454 391.75
3022 451.403 393.268
3023 465.498 406.458
3024 435.775 388.428
3025 429.322 398.447
3026 459.252 410.981
3027 471.277 417.999
3028 456.079 412.97
3029 438.901 407.497
3030 444.072 406.079
3031 453.87 400.989
3032 441.448 404
3033 534.382 430.442
3034 461.426 394.387
3035 423.493 380.999
3036 458.816 400.989
3037 453.136 392.064
3038 442.83 395.752
3039 445.457 402.5
3040 460.256 411.244
3041 451.999 380.575
3042 452.416 406.98
3043 648.062 534.842
3044 573.05 443.973
3045 451.464 396.874
3046 454.992 436.605
3047 457.045 410.794
3048 443.635 398.5
3049 440.531 394.474
3050 456.202 392.439
3051 465.332 391.438
3052 449.377 401.074
3053 455.082 404.497
3054 443.635 393.738
3055 460.454 404.307
3056 452.54 402.388
3057 459.947 395.302
3058 454.123 390.013
3059 456.815 395.333
3060 442.852 393.995
3061 472.974 407.433
3062 442.38 404.822
3063 467.05 396.02
3064 466.455 412.585
3065 360.182 309.06
3066 488.983 449.03
3067 445.572 407.51
3068 459.973 394.786
3069 450.45 401.939
3070 459.206 423.476
3071 446.506 388.486
3072 448.453 393.301
3073 459.93 392.071
3074 438.814 398.718
3075 529.404 466.396
3076 457.084 405.999
3077 469.124 412.311
3078 437.174 393.98
3079 444.466 394.873
3080 458.423 397.717
3081 452.752 414.989
3082 616.036 501.099
3083 573.79 463.646
3084 458.997 408.901
3085 426.45 384.955
3086 466.528 410.922
3087 455.333 406.204
3088 434.897 401.551
3089 428.857 385.845
3090 453.784 393.702
3091 439.289 399.088
3092 466.332 398.939
3093 548.919 451.198
3094 455.945 392.798
3095 461.136 403.336
3096 473.73 413.941
3097 450.033 408.295
3098 483.956 420.476
3099 463.789 414.13
3100 453.814 441.373
3101 429.544 405.448
3102 447.117 399.719
3103 457.799 414.041
3104 463.913 405.823
3105 444.749 387.484
3106 434.131 390.267
3107 448.714 392.461
3108 444.24 407.033
3109 437.507 392.194
3110 459.722 409.167
3111 455.258 404.554
3112 445.116 404.921
3113 444.111 404.402
3114 455.671 392.588
3115 447.117 397.334
3116 437.832 383.979
3117 578.282 467.192
3118 431.501 392.632
3119 467.221 412.97
3120 457.734 413.5
3121 453.559 393.675
3122 503.672 434.714
3123 458.886 398.754
3124 446.243 409.485
3125 589.508 455.522
3126 458.478 408.935
3127 439.445 410.989
3128 452.299 403.928
3129 466.372 399.117
3130 456.946 416.492
3131 455.609 408.922
3132 438.924 435.761
3133 452.642 395.787
3134 454.842 397.549
3135 466.846 402.452
3136 459.425 401.756
3137 450.022 389.107
3138 450.658 420.856
3139 430.686 384.87
3140 455.3 400.117
3141 466.858 394.36
3142 461.682 409.207
3143 456.946 416.413
3144 451.34 404.497
3145 489.113 385.902
3146 449.64 411.497
3147 435.362 409.431
3148 449.66 398.718
3149 457.467 392.237
3150 453.036 407.999
3151 440.346 391.671
3152 438.247 395.474
3153 443.699 405.241
3154 438.835 397.848
3155 443.371 399
3156 483.916 446.058
3157 457.016 399.492
3158 570.933 462.411
3159 465.422 398.547
3160 440.445 407.5
3161 454.439 400.955
3162 454.266 405.823
3163 637.718 537.464
3164 595.08 492.479
3165 445.979 398.158
3166 455.3 407.793
3167 448.718 415.903
3168 442.452 384.371
3169 470.774 398.969
3170 464.684 427
3171 461.331 400.98
3172 463.241 395.752
3173 448.99 391.109
3174 376.769 338.098
3175 453.999 379.774
3176 451.929 392.428
3177 460.356 399.485
3178 929.708 734.33
3179 401.995 357.841
3180 463.487 413.171
3181 504.161 407.136
3182 802.353 601.826
3183 401.01 361.587
3184 570.193 460
3185 438.189 400.117
3186 442.746 390.954
3187 472.706 434.515
3188 457.126 389.918
3189 447.839 396.333
3190 468.572 403.9
3191 464.273 403.029
3192 435.713 389.962
3193 442.979 440.357
3194 453.264 405.851
3195 461.427 406.276
3196 445.073 382.667
3197 453.139 401.41
3198 447.884 381.224
3199 450.102 418.97
3200 438.509 381.743
3201 464.5 426.38
3202 451.947 407.431
3203 449.856 422.284
3204 449.887 398.362
3205 569.495 453.364
3206 475.498 403.642
3207 501.159 448.46
3208 445.528 416.995
3209 460.149 403.9
3210 441.389 402.999
3211 453.149 401.999
3212 449.598 397.819
3213 440.531 396.429
3214 466.487 390.2
3215 452.871 395.874
3216 451.105 397.898
3217 449.065 394.752
3218 455.077 397.955
3219 574.194 457.53
3220 472.048 408.725
3221 434.709 401.92
3222 455.478 412.995
3223 468.996 398.304
3224 441.377 408.647
3225 448.477 385.58
3226 449.972 393.714
3227 476.336 400.719
3228 449.266 429.884
3229 435.633 387.67
3230 444.072 412.992
3231 460.817 401.978
3232 472.011 421.538
3233 460.426 405.983
3234 464.156 413.97
3235 452.217 396.27
3236 475.537 410.884
3237 553.238 454.365
3238 459.722 399.849
3239 455.164 396.863
3240 444.118 388.289
3241 462.477 400.681
3242 454.945 403.097
3243 469 412
3244 451.537 400.82
3245 452.299 392.266
3246 460.204 392.798
3247 465.931 406.458
3248 464.091 401.821
3249 446.773 406.169
3250 454.138 408.39
3251 445.664 395.234
3252 471.334 406
3253 462.5 402.075
3254 437.417 380.967
3255 598.349 482.406
3256 465.999 399.154
3257 576.234 459.261
3258 444.18 406.94
3259 462.357 401.502
3260 466.858 409.412
3261 448.33 403.363
3262 582.224 470.302
3263 559.999 452.579
3264 454.41 414.902
3265 469.962 402.899
3266 458.083 405.485
3267 467.654 404.554
3268 454.192 388.497
3269 465.983 394.968
3270 430.759 387.427
3271 465.48 411.83
3272 453.559 395.938
3273 442.634 380.526
3274 462.788 408.901
3275 448.852 395.146
3276 460.087 405.94
3277 609.478 478.289
3278 455.421 396.717
3279 467.973 408.647
3280 443.503 401.821
3281 584.515 471.568
3282 469.616 402.306
3283 448.596 402.119
3284 444.921 430.936
3285 436.368 402.872
3286 446.469 404.492
3287 474.948 399.95
3288 451.486 403.969
3289 465.274 414
3290 554.419 475.249
3291 460.961 394.59
3292 425.576 401.925
3293 445.494 404.43
3294 440.261 429.381
3295 441.913 394.429
3296 460.747 408.448
3297 440.173 446.748
3298 576.958 458.388
3299 447.231 406.492
3300 446.318 398.447
3301 600.722 474.388
3302 559.285 442.009
3303 429.052 396.874
3304 459.817 407.171
3305 465.931 398.921
3306 449.929 387.627
3307 472.983 406.723
3308 458.944 416.999
3309 457.124 409.485
3310 454.893 399.492
3311 422.661 400.485
3312 468.305 407.365
3313 447.929 388.106
3314 457.467 386.709
3315 465.523 422.904
3316 456.995 410.938
3317 465.747 412.366
3318 468.231 397.593
3319 474.999 404.43
3320 462.99 397.683
3321 451.68 403.348
3322 458.487 387.059
3323 438.144 397.717
3324 455.683 411.449
3325 464.002 404.981
3326 451.231 409.995
3327 568.864 456.7
3328 454.655 409.852
3329 562.526 456.97
3330 445.12 407.406
3331 453.873 390.749
3332 468.44 398.498
3333 562.786 450.858
3334 437.174 398.271
3335 454.544 403.202
3336 455.895 399.721
3337 563.713 461.547
3338 451.308 397.5
3339 438.445 414.717
3340 455.842 402.452
3341 465.571 388.358
3342 457.996 403.85
3343 473.498 396.592
3344 460.454 393.385
3345 466.999 402.497
3346 466.999 426.972
3347 454.544 397.462
3348 460.722 402.693
3349 445.387 404.448
3350 446.506 404.485
3351 440.173 393.395
3352 458.891 411.97
3353 451.331 397.546
3354 458.626 435.947
3355 446.596 397.819
3356 454.266 410.606
3357 457.843 394.915
3358 456.237 409.126
3359 457.939 421.433
3360 451.231 393.469
3361 458.428 386.264
3362 472.138 401.492
3363 970.597 720.573
3364 457.845 391.535
3365 463.478 409.297
3366 446.207 390.3
3367 441.262 402.343
3368 443.517 405.999
3369 444.931 402.757
3370 426.188 412.999
3371 463.845 399.789
3372 587.227 458.912
3373 466.44 395.388
3374 445.524 397.15
3375 483.34 444.162
3376 442.538 421.433
3377 450.307 410.853
3378 425.027 391.775
3379 573.133 440.155
3380 444.864 406.823
3381 437.832 398.447
3382 447.643 415.989
3383 623.517 504.5
3384 451.42 405.078
3385 469.771 419.414
3386 451.006 410.561
3387 471.468 407.242
3388 476.179 410.901
3389 458.519 400.025
3390 442.696 405.485
3391 556.185 457.051
3392 448.832 397.871
3393 449.893 397.788
3394 452.465 417.5
3395 453.139 403.448
3396 439.171 407.365
3397 452.94 406.9
3398 449.599 394.859
3399 426.596 398.848
3400 460.931 402.475
3401 449.326 417.485
3402 419.242 384.843
3403 456.684 391.535
3404 461.522 390.135
3405 454.339 399.955
3406 464.467 395.146
3407 468.209 403.5
3408 452.548 411.825
3409 450.022 405.204
3410 446.551 411.475
3411 473.138 396.874
3412 463.983 419.999
3413 458.085 390.608
3414 582.868 504.906
3415 533.472 452.133
3416 461.168 392.071
3417 454.544 406.956
3418 445.933 396.361
3419 665.378 543.342
3420 451.989 402.485
3421 428.248 394.634
3422 455.946 401.989
3423 468.999 412.887
3424 446.994 393.065
3425 468.442 446.702
3426 556.436 438.178
3427 441.228 384.445
3428 465.527 425.999
3429 460.983 412.826
3430 437.241 408.956
3431 447.935 399.272
3432 475.764 403.969
3433 451.079 395.447
3434 460.849 393.36
3435 462.325 408.309
3436 453.727 397.969
3437 436.959 387.848
3438 491.732 418.531
3439 459.38 407.365
3440 408.457 339.822
3441 458.973 396.081
3442 443.17 388.896
3443 448.419 393.328
3444 450.022 414.432
3445 443.116 401.72
3446 443.263 407.793
3447 436.971 398.679
3448 594.874 457.943
3449 438.907 395.818
3450 463.09 397.746
3451 446.385 410.497
3452 696.574 586.786
3453 466.759 419.497
3454 446.244 397.549
3455 434.897 383.812
3456 468.752 403.076
3457 443.649 414.497
3458 449.466 386.747
3459 449.84 397.806
3460 446.93 397.717
3461 452.453 391.631
3462 469.478 398.023
3463 456.548 396.863
3464 436.149 401.074
3465 537.717 453.96
3466 443.655 388.01
3467 457.317 401.925
3468 458.912 397.069
3469 423.33 385.055
3470 491.36 452.681
3471 446.757 406.98
3472 452.717 401.597
3473 552.721 454.145
3474 435.982 397.497
3475 440.276 406.921
3476 474.5 393.111
3477 448.461 403.497
3478 448.199 403.505
3479 453.036 388.059
3480 448.016 410.794
3481 467.932 401.978
3482 461.025 396.938
3483 437.758 429.675
3484 550.288 457.084
3485 466 403.757
3486 456.881 405.431
3487 563.748 450
3488 446.083 404.643
3489 452.423 410.922
3490 465.803 412.039
3491 449.812 410.127
3492 455.48 401.201
3493 448.437 387.149
3494 583.986 478.07
3495 449.856 395.462
3496 464.526 411.412
3497 448.776 402.682
3498 434.13 388.528
3499 470.468 397.391
3500 656.36 541.239
3501 448.395 402.346
3502 444.931 413.923
3503 440.169 390.749
3504 456.202 408.492
3505 480.869 421.97
3506 448.307 412.879
3507 441.452 402.285
3508 462.757 412.728
3509 435.713 427.883
3510 457.996 407.411
3511 479.794 451.464
3512 450.4 399.237
3513 455.977 403.475
3514 450.102 404.497
3515 467.99 401.925
3516 460.869 434.845
3517 456.482 406.431
3518 563.791 456.25
3519 460.849 409.995
3520 450.972 384.87
3521 458.487 387.691
3522 578.249 468.444
3523 428.775 407.431
3524 469.5 392.954
3525 464.381 403.989
3526 471.44 406.9
3527 405.621 369.049
3528 439.625 405.337
3529 450.783 396.98
3530 453.081 399.922
3531 450.84 402.306
3532 465.304 400.639
3533 462.844 400.072
3534 437.264 395.234
3535 459.737 402.809
3536 494.958 396.485
3537 430.144 386.228
3538 463.845 399.65
3539 451.646 415.923
3540 460.901 398.754
3541 452.642 393.065
3542 471.5 412.761
3543 459.425 391.063
3544 461.493 409.901
3545 441.535 401.5
3546 443.585 388.968
3547 432.204 391.999
3548 446.493 424.428
3549 429.67 406.431
3550 459 399.875
3551 469.033 409.439
3552 580.92 470.532
3553 460.686 399.867
3554 455.412 397.633
3555 551.211 445.708
3556 437.807 388.906
3557 464.526 411.339
3558 449.887 391.587
3559 458.439 411.999
3560 469.581 413.449
3561 443.621 398.848
3562 435.431 387.461
3563 459.33 394.847
3564 574.185 460.608
3565 454.081 397.945
3566 452.4 403.029
3567 438.169 387.918
3568 481.117 400.362
3569 463.569 409.827
3570 462.65 402.979
3571 449.412 396.068
3572 460.043 403.791
3573 454.731 404.364
3574 455.038 402.162
3575 458.742 394.429
3576 440.55 399.999
3577 457.723 403.43
3578 451.646 405.475
3579 461.21 388.918
3580 451.034 409.309
3581 571.304 449.336
3582 442.915 405.723
3583 434.092 402
3584 444.306 404.98
3585 591.343 469.696
3586 428.383 392.874
3587 463.093 383.425
3588 448.476 395.443
3589 441.024 387.848
3590 465.108 402.98
3591 460.454 409.463
3592 451.471 386.483
3593 464.996 403.928
3594 445.713 385.902
3595 447.497 405.428
3596 465.091 402.343
3597 481.934 436.776
3598 431.337 383.406
3599 450.16 411.795
3600 454.682 396.303
3601 453.299 392.632
3602 566.187 466.568
3603 438.106 396.791
3604 454.401 397.989
3605 424.062 392.954
3606 460.322 419.342
3607 434.465 405.492
3608 447.749 398.337
3609 448.377 398.921
3610 448.715 392.54
3611 442.837 395.474
3612 464.758 399.719
3613 449.466 405.94
3614 454.299 397.874
3615 471.097 411.444
3616 444.111 404.791
3617 476.581 433.683
3618 492.801 462.861
3619 450.982 398.947
3620 477.974 436.154
3621 454.075 408.309
3622 433.157 390.5
3623 450.4 412.497
3624 463.87 391.713
3625 451.946 395.429
3626 454.669 399.92
3627 459.9 398.685
3628 447.811 411.464
3629 430.58 400.98
3630 440.632 382.651
3631 513.736 462.613
3632 452.473 408.277
3633 454.842 394.33
3634 455.157 407.389
3635 456.202 394.915
3636 457.999 412.5
3637 448.437 394.269
3638 564.557 450.483
3639 448.749 407.411
3640 513.256 448.438
3641 453.467 400.335
3642 460.422 406.123
3643 472.176 414.041
3644 462.731 406.995
3645 446.637 382.826
3646 455.928 401.876
3647 445.505 405.82
3648 462.731 413
3649 467.662 400.5
3650 457.242 410
3651 457.613 413.497
3652 446.477 392.912
3653 446.458 401.222
3654 453.559 398.808
3655 457.586 409.207
3656 476.915 412.608
3657 452.725 403.12
3658 441.401 392.995
3659 452.601 405.9
3660 457.081 406.792
3661 460.204 408.901
3662 452.4 391.673
3663 449.397 394.968
3664 456.886 405.969
3665 429.866 414.485
3666 450.719 399.43
3667 449.36 407.5
3668 452.601 399.117
3669 460.023 416.989
3670 454.269 402.85
3671 458.238 400.462
3672 448.25 391.109
3673 469.932 406.776
3674 455.895 404.822
3675 449.938 397.864
3676 460.983 394.59
3677 454.982 381.988
3678 461.438 400.756
3679 463.362 401.497
3680 466.819 416.449
3681 444.888 391.325
3682 461.331 394.543
3683 441.493 418.712
3684 448.554 393.873
3685 446.739 400.396
3686 450.866 396.848
3687 453.774 391.446
3688 437.081 397.546
3689 460.608 413.564
3690 383.275 344.497
3691 453.87 398.848
3692 470.973 402.027
3693 443.982 399.755
3694 450.404 398.788
3695 459.848 397.945
3696 435.92 387.445
3697 455.438 394.441
3698 464.38 409.94
3699 448.776 412.475
3700 451.557 437.166
3701 464.241 397.618
3702 460.149 393.846
3703 477.5 404.684
3704 480.402 413.796
3705 436.477 391.385
3706 445.073 387.384
3707 437.991 404.497
3708 446.122 380.475
3709 467.538 408
3710 447.399 429.921
3711 462.206 400.117
3712 458.487 398.152
3713 443.709 405.307
3714 468.948 403.306
3715 432.891 391.437
3716 453.325 408.431
3717 451.455 399.719
3718 462.904 400.237
3719 448.641 412.999
3720 464.913 433.56
3721 461.961 405.23
3722 440.07 384.055
3723 418.863 389.995
3724 438.288 391.014
3725 458.048 403.162
3726 447.882 399.304
3727 454.123 427.476
3728 456.014 394.968
3729 463.379 399.304
3730 449.599 407.242
3731 452.465 396.545
3732 451.722 412
3733 460.895 404.995
3734 580.896 457.593
3735 450.486 396.068
3736 447.399 402.567
3737 438.221 394.018
3738 469.306 434.555
3739 437.63 396.5
3740 457.254 397.874
3741 466.276 400.643
3742 438.269 401.999
3743 454.786 397.497
3744 510.753 460.173
3745 462.99 397.391
3746 429.953 391.968
3747 460.426 403.076
3748 453.873 402.721
3749 448.812 387.376
3750 461.912 394.269
3751 451.378 393.873
3752 468.791 388.783
3753 562.093 481.534
3754 438.541 401.201
3755 453.873 404.633
3756 562.183 452.062
3757 446.783 414.416
3758 447.215 397.546
3759 444.999 396.409
3760 459.973 389.584
3761 465.612 404.758
3762 457.55 409.463
3763 443.748 392.968
3764 458.888 404.822
3765 432.317 391.484
3766 438.297 401.79
3767 461.151 419.5
3768 429.151 386.255
3769 622.52 482.386
3770 462.212 396.989
3771 631.359 519.446
3772 455.73 397.788
3773 457.563 391.75
3774 455.412 390.331
3775 448.749 408.463
3776 442.493 394.677
3777 452.513 396.361
3778 450.936 388.844
3779 437.228 407.646
3780 478.479 434.916
3781 436.34 383.185
3782 445.264 404.643
3783 475 434.402
3784 443.193 394.801
3785 452.49 395.443
3786 452.964 396.919
3787 461.168 405.411
3788 449.119 388.783
3789 461.493 395.635
3790 455.131 417.989
3791 477.933 407.106
3792 451.4 404.758
3793 446.244 407.463
3794 459.793 400.924
3795 449.065 394.873
3796 457.436 396.898
3797 447.459 392.751
3798 463.214 400.45
3799 435.345 394.474
3800 428.748 393.44
3801 459.402 403.817
3802 460.808 427.172
3803 453.136 382.513
3804 462.493 399.555
3805 471.01 396.361
3806 464.789 399.304
3807 439.289 392.751
3808 456.645 400.639
3809 450.16 402.239
3810 456.164 399.548
3811 471.498 415.61
3812 491.732 446.234
3813 482.406 403.85
3814 451.764 403.876
3815 465.382 399.024
3816 448.174 422.791
3817 458.868 398.688
3818 457.422 397.92
3819 461.931 405.101
3820 433.128 383.145
3821 472.479 404.165
3822 458.258 405.989
3823 462.522 417.88
3824 443.621 400.43
3825 428.383 392.538
3826 472.983 412.853
3827 472.936 412.981
3828 446.122 391.382
