0 1 1
1 327.582 251.488
2 343.057 256.72
3 338.644 248.968
4 329.803 253.982
5 345.096 255.476
6 344.778 256.324
7 328.588 245.87
8 333.449 253.752
9 338.615 246.968
10 342.453 249.55
11 347.954 262.952
12 344.865 261.992
13 329.773 246.998
14 353.432 255.951
15 348.488 259.392
16 339.287 261.983
17 328.894 260.808
18 328.35 247.022
19 338.491 262.81
20 339.575 266.633
21 341.409 261.992
22 341.227 265.443
23 339.929 262.97
24 337.461 260.906
25 342.111 242.949
26 346.367 254.929
27 347.702 253.44
28 337.751 255.992
29 355.256 266.97
30 345.362 260.327
31 330.439 255.5
32 345.427 261.289
33 348.597 256.982
34 336.838 260.488
35 357.986 267.5
36 334.201 250
37 338.316 252.982
38 349.484 259.675
39 347.534 256.324
40 339.544 253.389
41 359.372 254.951
42 363.029 250.968
43 345.783 255.875
44 328.433 258.476
45 346.488 256.93
46 338.761 255.992
47 322.645 262.442
48 334.515 263.625
49 338.201 242.833
50 338.541 254.992
51 351.056 252.587
52 349.634 264.462
53 347.931 257.969
54 344.558 256.488
55 337.981 246.459
56 347.261 251.982
57 342.434 250.46
58 355.421 235.457
59 353.432 261.5
60 338.761 244.869
61 357.827 263.771
62 332.746 254.417
63 337.842 260.695
64 351.178 252.46
65 323.497 247.95
66 349.243 252.951
67 361.378 262.45
68 347.589 252.139
69 341.936 264.394
70 352.183 246.499
71 344.019 260.488
72 349.943 257.983
73 342.552 260.488
74 344.449 254.028
75 348.64 251.476
76 346.617 256.324
77 348.494 255.617
78 341.409 252.903
79 335.678 254.323
80 357.495 264.97
81 342.053 250.872
82 343.779 260.998
83 328.936 261.477
84 341.221 253.239
85 354.435 246.317
86 348.878 252.951
87 348.712 250.416
88 336.702 248.66
89 354.849 244.229
90 336.975 250.356
91 340.29 253.476
92 342.768 259.992
93 332.366 246.982
94 322.317 256.359
95 347.773 256.441
96 345.694 251.873
97 339.95 252.84
98 355.28 253.904
99 333.742 246.755
100 335.917 250.5
101 337.923 247.982
102 331.032 258.325
103 340.391 248.998
104 336.144 241.992
105 337.217 240.062
106 351.75 255.143
107 327.133 248.902
108 273.194 249.838
109 337.941 255.969
110 344.325 264.728
111 347.261 265.251
112 328.265 242.351
113 328.5 247.605
114 340.955 260.969
115 323.583 250.872
116 339.399 239.748
117 343.09 260.496
118 328.898 259.723
119 335.917 248.415
120 340.05 257.36
121 334.018 253.488
122 345.977 263.291
123 337.683 248.66
124 353.252 255.143
125 339.131 253.417
126 357.744 258.198
127 353.435 260.308
128 335.742 252.44
129 338.945 243.125
130 334.111 242.704
131 342.939 259.245
132 334.736 249.902
133 329.126 254.929
134 327.353 246.232
135 340.884 254.951
136 342.867 246.481
137 349.6 257.806
138 345.769 263.496
139 342.939 253.667
140 346.704 260.496
141 341.302 252.982
142 331.048 253.389
143 354.072 254.507
144 336.378 253.874
145 334.111 246.499
146 346.329 253.026
147 338.216 261.845
148 337.667 259.931
149 331.11 250.609
150 335.022 257.672
151 335.932 250.416
152 338.615 247.982
153 330.9 257.721
154 344.891 260.808
155 357.729 256.842
156 344.225 266.953
157 333.468 255.143
158 360.205 249.319
159 329.232 248.992
160 341.311 254.904
161 338.464 251.189
162 332.824 257
163 353.814 252.5
164 323.217 253.898
165 349.628 264.681
166 338.467 255.5
167 340.735 249.902
168 347.138 249.992
169 340.69 247.277
170 346.617 239.27
171 341.686 259.952
172 354.631 259.361
173 345.633 251.496
174 329.7 251.237
175 337.981 255.982
176 320.194 255.417
177 343.604 256.93
178 337.981 263.983
179 347.875 260.419
180 333.808 253.288
181 353.582 247.546
182 333.742 250.136
183 333.392 245.414
184 338.089 258.565
185 347.491 252.951
186 341.76 265.462
187 334.201 257.952
188 339.435 244.9
189 259.894 250.713
190 336.999 252.282
191 327.689 250.46
192 345.521 255.904
193 328.079 269
194 383.484 266.394
195 350.708 252.992
196 333.398 253.982
197 352.003 253.965
198 337.188 259.767
199 340.592 248.799
200 340.215 260.569
201 337.291 246.603
202 340.852 255.488
203 340.306 258.952
204 343.907 255.218
205 341.085 262.45
206 324.878 260.496
207 337.519 250.424
208 327.89 260.246
209 348.03 254.904
210 333.197 254
211 332.739 255.904
212 329.864 257.983
213 348.956 256.359
214 331.913 256.195
215 346.396 259.623
216 352.718 260.979
217 335.532 246.968
218 340.309 248.757
219 349.929 255.67
220 342.013 251.356
221 348.937 251.95
222 333.611 258.035
223 347.249 253.841
224 347.931 254.323
225 348.078 252.929
226 348.534 248.95
227 328.433 253.557
228 345.582 250.609
229 316.402 255.323
230 341.01 259.442
231 342.342 247.901
232 332.16 257.983
233 345.361 245.414
234 323.094 249.838
235 341.311 253.389
236 332.973 268.686
237 337.756 261.5
238 352.718 251.281
239 326.913 260.676
240 340.682 251.137
241 343.671 241.967
242 345.578 260.488
243 344.801 251.96
244 335.41 254.5
245 350.542 257.983
246 335.374 257.93
247 350.354 264.363
248 341.863 242.833
249 340.768 253.929
250 337.083 254.122
251 353.621 256.437
252 339.617 253.192
253 330.708 252.496
254 341.336 263.462
255 353.377 244.655
256 338.622 260.461
257 339.753 257.461
258 344.687 246.499
259 351.713 243.795
260 338.584 252.359
261 342.867 251.839
262 338.089 249.439
263 333.092 261.931
264 338.491 247.871
265 339.305 252.357
266 337.923 245.499
267 332.366 255.39
268 346.526 246.982
269 345.407 253.239
270 338.077 254.763
271 333.197 247.475
272 341.743 258.992
273 329.727 251.46
274 342.826 263.363
275 332.824 252.416
276 334.828 252.666
277 338.491 247.499
278 345.022 258.488
279 345.057 260.15
280 339.467 257.969
281 336.378 252.84
282 348.06 251.476
283 339.495 247.499
284 337.837 256.687
285 327.89 257.983
286 342.859 250.476
287 346.704 241.535
288 340.044 252.282
289 353.17 249.956
290 351.611 253.874
291 336.018 252.321
292 347.836 256.805
293 326.656 254.841
294 332.599 256.285
295 350.813 246.495
296 344.949 266.998
297 336.187 246.232
298 330.589 235.924
299 334.066 268.581
300 347.53 254.904
301 347.718 244.338
302 338.588 247.605
303 345.248 246.901
304 345.33 251.281
305 332.671 264.932
306 338.754 248.757
307 336.754 250.839
308 345.421 246.439
309 326.236 260.2
310 361.109 255.832
311 340.758 241.948
312 348.426 254.476
313 328.611 246.797
314 350.999 253.874
315 346.246 261.998
316 346.704 242.332
317 349.881 257.672
318 324.544 247.71
319 351.589 249.816
320 331.048 252.84
321 332.161 255.902
322 327.567 259.906
323 341.473 257.461
324 342.561 255.805
325 348.99 248.902
326 340.082 253.982
327 336.295 248.968
328 346.215 258.969
329 334.275 258.992
330 342.939 261.289
331 349.716 241.313
332 341.936 256.359
333 351.716 256.324
334 334.727 244.477
335 335.455 251.982
336 345.361 243
337 343.628 262.932
338 341.959 252.968
339 345.152 250.872
340 336.736 250.801
341 315.599 255.998
342 345.783 241.833
343 352.065 251.992
344 342.434 262.496
345 338.127 254.841
346 342.826 239.792
347 327.081 250.902
348 340.933 256.875
349 339.756 245.754
350 331.22 251.492
351 337.217 250.998
352 341.227 250.488
353 339.901 251.968
354 335.662 255.359
355 333.339 247.495
356 334.933 249.487
357 350.423 253.476
358 335.38 251.416
359 345.56 255.998
360 344.232 251.46
361 346.302 246.901
362 347.333 246.386
363 330.454 264.394
364 341.693 256.982
365 338.395 257.243
366 354.593 252.494
367 342.939 247.354
368 348.709 254.874
369 335.204 254.283
370 355.978 264.292
371 331.813 260.808
372 346.872 261.442
373 332.907 263.907
374 334.21 251.839
375 347.261 253.282
376 330 254.323
377 423.794 266.364
378 295.932 265.443
379 328.634 255
380 348.937 244.655
381 349.72 264.388
382 328.588 255.998
383 337.639 266.443
384 339.469 259.675
385 352.846 248.572
386 331.738 263.477
387 344.945 259.095
388 336.281 258.93
389 347.027 259.461
390 345.683 257.144
391 331.497 250.388
392 341.936 254.874
393 344.093 262.998
394 339.753 268.365
395 343.811 256.618
396 330.264 256.764
397 343.054 265.488
398 342.413 259.488
399 326.656 244.414
400 351.373 256.969
401 340.999 254.24
402 348.345 256.461
403 338.754 253.44
404 342.053 263.985
405 326.308 260.983
406 337.298 258.844
407 334.831 248.928
408 342.159 250.5
409 330.024 244.274
410 354.401 255.904
411 335.932 253.716
412 339.688 245.316
413 343.348 250.759
414 351.346 252.715
415 340.135 260.488
416 347.261 254.46
417 353.186 243.967
418 344.151 249.928
419 349.256 250.416
420 350.063 258.476
421 335.404 251.356
422 346.79 261.496
423 348.241 249.902
424 345.362 253.951
425 330.356 253.667
426 344.812 256.951
427 344.891 251.46
428 326.258 258.461
429 343.162 250.424
430 344.323 250.902
431 349.777 251.356
432 349.033 254.804
433 348.957 255.904
434 347.033 249.421
435 347.79 251.802
436 344.151 258.418
437 357.29 254.558
438 339.853 265.932
439 342.215 256.441
440 349.256 252.238
441 325.527 236.947
442 334.913 253.211
443 351.828 252.282
444 351.502 256.805
445 344.199 255.441
446 341.763 242.833
447 305.47 256.285
448 326.582 249.235
449 339.678 257.033
450 336.388 261.769
451 330.808 258.287
452 350.828 249.608
453 318.975 267.983
454 345.33 258.983
455 347.413 263.811
456 339.726 256.359
457 331.867 254.904
458 346.563 260.952
459 340.852 253.496
460 342.357 255.143
461 333.567 255.241
462 334.111 250.902
463 334.281 262.5
464 337.144 252.428
465 312.135 253.841
466 347.101 255.951
467 361.168 258.807
468 345.786 256.359
469 345.065 254.364
470 358.325 262.42
471 342.004 256.875
472 335.732 248.185
473 346.432 244.949
474 341.936 246.439
475 335.297 248.902
476 324.598 248.757
477 326.913 253.951
478 328.634 254.804
479 339.765 258.391
480 342.508 243.438
481 329.8 250.95
482 344.369 263.249
483 340.204 259.444
484 346.027 250.872
485 335.212 242.796
486 329.509 247.109
487 338.819 252.44
488 336.681 253.992
489 327.806 249.998
490 343.22 252.873
491 338.584 251.321
492 331.944 262.248
493 325.906 253.841
494 347.692 248.387
495 337.756 250.839
496 335.747 252.612
497 342.768 252.44
498 335.946 260.914
499 337.837 250.388
500 340.47 254
501 348.152 253.951
502 344.019 265.97
503 358.971 252.416
504 332.739 246.87
505 333.617 260.983
506 336.077 259.326
507 319.194 258.496
508 345.868 255.764
509 339.853 239.437
510 335.932 255.842
511 327.084 252.416
512 348.144 260.845
513 340.135 258.876
514 340.329 256.441
515 336.993 250.46
516 336.027 253.389
517 332.65 256.285
518 337.941 274.445
519 354.068 257.146
520 331.26 249.439
521 325.908 251.95
522 342.143 253.282
523 341.101 258.876
524 340.419 256.998
525 352.041 253.59
526 337.817 239.591
527 316.218 255.417
528 344.801 260.096
529 328.325 254.364
530 346.696 255.951
531 336.737 243.967
532 343.907 263.983
533 342.6 254.193
534 349.604 258.876
535 328.541 241.899
536 345.471 248.871
537 342.867 259.326
538 338.491 256.488
539 330.642 261.247
540 327.585 245.438
541 337.808 258.441
542 346.302 255.143
543 345.022 265.729
544 335.297 265.998
545 338.762 257.905
546 343.555 251.664
547 345.868 258.905
548 331.913 251.388
549 343.319 251.488
550 331.361 252.488
551 344.225 249.475
552 340.884 251.281
553 335.628 262.153
554 345.235 251.982
555 338.644 262.907
556 334.746 260.327
557 337.283 251.137
558 346.479 253.965
559 328.995 242.652
560 337.39 242.652
561 345.242 252.44
562 352.041 252.496
563 340.1 255.832
564 341.415 249.487
565 353.27 256.842
566 335.374 258.969
567 342.695 253.982
568 364.472 256.242
569 343.162 255.67
570 346.098 254.087
571 352.267 250.28
572 333.957 246.475
573 350.428 255.904
574 339.95 245.9
575 328.541 251.982
576 326.778 247.184
577 356.546 256.144
578 341.686 251.281
579 348.709 243.487
580 348.594 246.633
581 346.169 245.499
582 336.388 248.799
583 348.898 261.775
584 339.765 255.5
585 335.732 246.232
586 344.125 250.992
587 350.31 250.992
588 337.031 252.19
589 335.52 245.01
590 344.783 252.84
591 360.104 260.361
592 344.891 245.487
593 328.346 258.391
594 337.031 259.199
595 343.555 252.951
596 355.725 253.998
597 334.402 260.2
598 332.986 249.187
599 341.312 252.083
600 345.155 249.235
601 349.276 245.927
602 340.404 256.671
603 339.544 249.439
604 329.181 251.664
605 338.395 263.983
606 338.845 256.951
607 325.188 253.874
608 331.27 245.707
609 330.817 256.5
610 336.388 255.39
611 346.872 245.353
612 321.764 247.075
613 334.622 260.461
614 348.478 258.441
615 337.423 247.075
616 354.863 253.969
617 340.955 264.102
618 335.917 260.496
619 331.032 256.496
620 338.404 256.805
621 334.042 247.415
622 341.959 257.905
623 332.503 249.928
624 332.391 257.196
625 332.06 257.969
626 353.963 260.914
627 332.668 254.804
628 339.208 257.286
629 353.435 257.091
630 333.871 254.992
631 344.125 257.488
632 337.046 248.747
633 336.385 252.761
634 338.845 261.151
635 335.178 246.183
636 328.894 242.967
637 342.342 248.495
638 331.715 249.968
639 353.972 255.719
640 344.423 260.5
641 348.155 268.998
642 354.011 254.969
643 356.321 249.487
644 340.204 247.354
645 356.875 247.605
646 348.356 258.565
647 334.963 257.299
648 344.404 255.951
649 330.731 239.349
650 344.423 245.495
651 322.661 259.488
652 332.923 246.968
653 328.588 245.231
654 351.437 255.951
655 327.893 254.929
656 336.863 263.574
657 333.805 253.803
658 337.423 250
659 342.946 266.462
660 345.832 265.682
661 334.054 258.876
662 345.612 250.28
663 346.676 256.905
664 330.533 249.872
665 322.441 243.967
666 343.567 256.031
667 351.807 256.031
668 353.463 259.952
669 328.894 252.083
670 338.349 234.947
671 331.821 249.712
672 341.101 248.077
673 300.15 257.488
674 332.16 266.983
675 333.014 253.874
676 339.597 248.495
677 346.237 248.387
678 336.786 243.179
679 296.722 250.02
680 351.636 254.283
681 339.929 246.459
682 340.441 252.024
683 346.069 249.351
684 352.041 248.886
685 340.007 246.073
686 347.82 245.495
687 328.995 263.386
688 338.001 246.949
689 341.782 259.287
690 363.208 256.875
691 343.09 248.992
692 347.954 258.093
693 348.103 252.666
694 344.151 263.852
695 336.737 263.852
696 343.872 247.192
697 345.3 250.902
698 338.522 247.968
699 337.347 250.416
700 326.787 257.876
701 335.181 253.998
702 349.571 256.969
703 342.231 254.358
704 340.404 253.496
705 340.999 261.419
706 341.355 250.958
707 350.779 255.5
708 344.006 252.389
709 347.793 253.357
710 350.109 256.437
711 319.305 249.956
712 333.819 238.529
713 335.022 251.237
714 333.365 260.808
715 348.719 253.982
716 336.838 252.488
717 320.05 259.952
718 331.27 255.323
719 345.881 257.721
720 343.828 248.459
721 333.167 249.475
722 350.719 259.442
723 335.857 252.19
724 329.903 256.242
725 347.007 260.419
726 329.351 257.36
727 342.316 256.992
728 342.397 252.389
729 345.578 255.67
730 334.746 261.5
731 348.416 245.412
732 340.329 271.422
733 355.978 258.441
734 354.897 254.24
735 348.034 258.807
736 334.736 246.87
737 340.933 247.605
738 328.926 259.969
739 335.181 264.63
740 348.678 253.488
741 333.06 261.448
742 336.268 256.969
743 345.948 256.461
744 334.831 253.192
745 340.55 250.663
746 342.111 244.655
747 337.757 252.389
748 333.063 260.419
749 336.975 262.878
750 338.904 261.809
751 342.695 250.5
752 268.598 251.998
753 352.722 250.95
754 331.813 249.758
755 341.01 256.835
756 342.789 252.998
757 339.667 260.461
758 347.875 250.28
759 337.147 250.32
760 343.567 254.992
761 340.823 257.476
762 344.093 255.323
763 345.521 248
764 342.768 254.417
765 319.6 251.968
766 342.946 246.901
767 347.34 248.459
768 341.473 253.496
769 351.181 244.992
770 351.379 252.496
771 332.923 266.773
772 341.409 254.389
773 336.92 245.797
774 343.418 249.439
775 326.426 263.847
776 333.368 258.844
777 328.723 248.077
778 351.576 248.928
779 337.337 249.475
780 349.256 268.477
781 346.617 262.998
782 330.491 252.903
783 349.199 255.359
784 341.336 248.439
785 359.06 251.821
786 345.881 256.992
787 328.811 258.461
788 339.853 256.992
789 353.712 252.5
790 333.197 250.02
791 347.954 254.283
792 304.631 258.441
793 333.137 261.998
794 326.968 255.951
795 336.295 243.9
796 322.971 241.458
797 341.596 260.969
798 330.677 262.042
799 343.191 261.442
800 333.284 253.969
801 341.991 249.235
802 341.991 252.612
803 340.191 253.357
804 342.964 241.413
805 330.938 254.498
806 342.357 252.238
807 358.442 261.362
808 330.357 248
809 348.103 252.873
810 339.411 256.992
811 324.731 244.414
812 327.689 250.839
813 332.973 255.488
814 328.81 243.982
815 333.515 267.522
816 340.29 244.835
817 335.625 249.235
818 334.201 248.133
819 340.404 258.418
820 343.348 254.951
821 338.541 257.952
822 342.859 265.364
823 346.872 245.967
824 343.68 247.499
825 325.331 246.901
826 337.843 249.872
827 338.194 248.95
828 331.646 244.835
829 337.843 248.992
830 338.077 252.083
831 351.636 253.762
832 349.385 240.981
833 320.144 251.492
834 315.721 257.033
835 339.152 255.39
836 339.435 254.874
837 342.561 258.766
838 339.208 251.968
839 345.004 254.087
840 349.643 249.838
841 330.268 257.286
842 338.464 254.992
843 322.444 255.39
844 334.21 261.477
845 349.082 255.875
846 341.693 254.904
847 347.481 260.845
848 337.981 251.76
849 339.678 256.618
850 335.462 253.192
851 343.057 250.188
852 341.139 258.766
853 342.413 253.992
854 341.048 252.416
855 340.215 261.769
856 337.298 259.461
857 340.223 264.477
858 335.742 251.321
859 333.371 261.442
860 330.55 255.805
861 326.986 249.95
862 329.642 254.841
863 337.074 250.872
864 338.491 264.443
865 347.986 259.992
866 342.316 256.39
867 333.197 262.846
868 346.159 250.998
869 336.863 257.62
870 341.936 260.5
871 343.057 253.192
872 350.721 257.496
873 347.373 254.9
874 344.061 253.898
875 351.013 261.983
876 326.748 251.492
877 340.306 253.389
878 336.92 254.717
879 345.128 251.95
880 348.957 253.44
881 337.466 257.672
882 335.607 251.356
883 331.26 252.895
884 351.359 251.46
885 352.25 248.928
886 341.944 259.461
887 348.718 253.389
888 333.014 255.904
889 323.333 250.236
890 341.693 260.768
891 340.29 255.842
892 335.204 245.707
893 340.605 249.872
894 339.152 242.794
895 346.41 240.936
896 337.147 244.753
897 337.923 243.992
898 313.688 255.39
899 327.893 260.496
900 332.923 246.386
901 337.941 250.5
902 334.736 254.668
903 340.329 261.677
904 335.115 243.125
905 338.089 257.476
906 339.221 248.234
907 359.912 255.241
908 329.642 255.951
909 335.726 248.902
910 340.682 258.674
911 332.06 252.428
912 338.644 253.46
913 341.048 244.01
914 350.063 253.46
915 341.085 249.992
916 350.343 257.952
917 349.243 261.983
918 334.831 249
919 331.276 251.76
920 335.996 255.488
921 342.673 252.715
922 331.098 254.358
923 352.266 252.873
924 357.284 245.487
925 333.468 254.417
926 343.764 253.192
927 347.413 257.325
928 347.891 258.391
929 327.133 261.04
930 348.99 251.492
931 335.678 248
932 356.124 248.278
933 336.385 244.949
934 318.81 266.421
935 331.335 250.44
936 331.442 262.952
937 335.181 257.765
938 345.155 253.614
939 331.904 262.878
940 344.225 253.667
941 331.821 252.929
942 338.149 249.66
943 332.818 251.903
944 342.342 253.614
945 347.073 252.494
946 337.639 256.971
947 345.022 241.475
948 337.147 263.488
949 338.754 255.764
950 338.41 264.329
951 346.274 256.93
952 339.467 249.187
953 363.14 249.956
954 343.459 253.716
955 338.001 245.231
956 336.406 247.952
957 334.018 251.992
958 322.329 246.797
959 325.782 250.759
960 354.44 248.998
961 352.739 246.232
962 333.468 250.872
963 351.5 250.998
964 343.58 254.389
965 347.436 248.318
966 344.232 250.839
967 337.532 257.146
968 351.263 249.992
969 336.666 254.904
970 340.889 254.9
971 329.814 250.801
972 329.818 249.487
973 345.235 252.5
974 336.388 266.88
975 364.022 254.476
976 337.381 256.195
977 338.945 259.5
978 351.909 254.193
979 345.022 252
980 330.491 251.992
981 331.032 257.325
982 355.38 256.5
983 332.722 253.667
984 337.757 263.044
985 344.778 262.846
986 340.47 256.195
987 346.098 253.929
988 347.53 253.667
989 350.5 249.838
990 326.236 243.384
991 345.683 246.499
992 346.477 257.325
993 324.325 256.992
994 335.628 249.415
995 343.016 257.837
996 350.157 263.443
997 323.852 256.982
998 346.133 250.44
999 341.577 264.394
1000 340.391 249.459
1001 341.139 250
1002 339.301 251.821
1003 349.42 264.932
1004 340.082 252.84
1005 335.607 254.5
1006 358.548 253.192
1007 342.231 255.902
1008 341.855 260.676
1009 334.497 256.501
1010 336.92 248.757
1011 339.95 252.587
1012 335.917 259.287
1013 354.817 248.487
1014 349.364 253.998
1015 349.806 251.416
1016 336.737 256.324
1017 327.806 257.763
1018 346.925 251.553
1019 355.121 254.488
1020 347.138 251.388
1021 344.298 261.461
1022 341.763 264.25
1023 336.737 258.952
1024 339.678 244.949
1025 347.073 252.238
1026 339.388 265.5
1027 344.482 262.726
1028 325.678 256.992
1029 340.223 248.982
1030 341.355 256.144
1031 342.999 255.284
1032 333.27 256.324
1033 344.122 250.928
1034 336.183 256.297
1035 348.957 252.46
1036 355.632 262.907
1037 335.428 246.544
1038 335.662 248.355
1039 334.676 249.662
1040 334.676 258.488
1041 320.2 239.7
1042 342.673 247.756
1043 340.776 250.424
1044 349.349 260.392
1045 335.38 248.902
1046 336.388 246.901
1047 343.555 251.44
1048 341.192 247.901
1049 339.993 258.93
1050 351.312 256.618
1051 344.891 245.353
1052 350.086 249.968
1053 343.235 255.719
1054 337.083 254.998
1055 350.256 250.476
1056 337.381 252.67
1057 349.042 261.392
1058 341.339 243.335
1059 341.623 254.668
1060 338.083 259.5
1061 342.397 242.458
1062 338.526 257.765
1063 333.931 245.998
1064 319.947 257.441
1065 339.523 267.395
1066 326.726 251.281
1067 324.721 254.433
1068 344.016 255.496
1069 333.014 253.357
1070 325.228 251
1071 340.391 251.022
1072 333.957 245.385
1073 341.139 251.46
1074 341.895 263.5
1075 339.158 252.44
1076 338.089 260.038
1077 343.296 249.319
1078 348.827 247.233
1079 335.532 261.488
1080 347.249 249.459
1081 346.107 251.46
1082 340.547 252.998
1083 343.118 258.969
1084 346.788 256.93
1085 346.925 245.947
1086 354.648 260.442
1087 340.135 242.981
1088 338.845 248.495
1089 340.391 261.998
1090 336.406 244.982
1091 355.737 256.461
1092 338.216 264.983
1093 346.133 244.487
1094 336.208 257.503
1095 327.046 250.982
1096 306.353 254.594
1097 344.298 261.442
1098 331.813 252.476
1099 335.115 251.496
1100 345.33 240.967
1101 355.121 253.496
1102 348.441 247.546
1103 344.697 243.926
1104 354.119 247.734
1105 340.135 261.392
1106 331.913 257.998
1107 343.479 248.185
1108 332.102 250.356
1109 334.828 250.958
1110 332.277 258.325
1111 339.495 256.441
1112 345.578 255.241
1113 346.583 255.417
1114 331.442 257
1115 343.968 243.352
1116 331.361 251.189
1117 334.913 257.93
1118 328.366 259.326
1119 327.44 256.144
1120 340.999 256.998
1121 339.323 258.198
1122 344.061 255.39
1123 343.348 249.018
1124 328.512 253.929
1125 350.063 261.442
1126 347.707 256.461
1127 341.473 247.487
1128 340.852 246.268
1129 343.194 250.663
1130 329.459 252.282
1131 353.514 247.798
1132 337.639 263.101
1133 337.123 255.496
1134 339.467 256.982
1135 352.579 260.877
1136 343.09 250.663
1137 344.572 255.284
1138 341.504 259.361
1139 335.872 259.392
1140 338.216 253.951
1141 337.486 247.95
1142 341.394 253.389
1143 340.955 252.488
1144 332.28 252.5
1145 340.147 256.441
1146 346.788 260.906
1147 346.058 244.229
1148 340.933 250
1149 335.786 257.983
1150 333.844 257.969
1151 336.575 252.992
1152 346.02 243.982
1153 349.8 250.928
1154 344.019 246.836
1155 344.697 257.969
1156 321.079 252.321
1157 342.316 252.46
1158 327.625 246.439
1159 340.47 255.359
1160 351.807 257.998
1161 353.49 259.461
1162 351.821 258.505
1163 334.727 245.805
1164 326.233 255.417
1165 352.003 255.951
1166 336.936 243.487
1167 337.67 233.947
1168 348.797 254.992
1169 328.139 257.969
1170 355.015 261.461
1171 335.812 235.266
1172 337.757 265.104
1173 355.684 264.329
1174 333.721 251.496
1175 339.678 247.95
1176 343.235 263.97
1177 347.793 245.495
1178 322.771 247.277
1179 344.945 259.998
1180 329.594 257.998
1181 338.845 250.551
1182 351.451 252.416
1183 341.763 244.557
1184 336.286 253.904
1185 333.563 249.495
1186 350.423 264
1187 319.595 248.274
1188 344.125 261.952
1189 335.115 258.461
1190 331.715 249.495
1191 342.228 247.756
1192 340.682 267
1193 342.673 255.435
1194 350.45 256.842
1195 353.621 261.496
1196 344.697 245.182
1197 356.931 252.962
1198 340.758 263.847
1199 333.119 259.877
1200 338.285 250.902
1201 350.179 261.419
1202 335.52 256.951
1203 344.016 259.345
1204 335.693 254.134
1205 332.739 256.971
1206 347.707 255.39
1207 329.638 254.496
1208 322.738 253.929
1209 348.937 253.965
1210 333.137 253.716
1211 332.74 258.93
1212 353.958 254.476
1213 327.212 252.929
1214 346.526 250.928
1215 339.004 256.195
1216 336.632 260.419
1217 352.829 252.666
1218 341.614 236.947
1219 325.579 247.479
1220 329.594 260.2
1221 341.863 257.496
1222 322.552 257.806
1223 336.633 254.874
1224 392.311 258.461
1225 336.874 257.243
1226 335.178 247.318
1227 337.87 242.998
1228 347.373 250
1229 335.678 255.284
1230 325.34 249.351
1231 331.715 254.841
1232 346.159 254.323
1233 342.491 263.488
1234 333.107 258.969
1235 351.845 252.929
1236 331.735 254.998
1237 344.572 252.951
1238 325.072 253.357
1239 346.025 260.952
1240 353.972 249.758
1241 345.23 248.837
1242 335.477 247.075
1243 337.147 251
1244 347.073 259.361
1245 335.28 246.949
1246 333.284 253.389
1247 348.246 246.998
1248 331.361 256.875
1249 341.944 242.981
1250 344.225 247.798
1251 347.931 261.477
1252 351.16 260.246
1253 340.1 246.495
1254 331.252 251.903
1255 341.174 262.679
1256 355.472 261.496
1257 342.413 249.816
1258 346.617 248.757
1259 338.541 250.496
1260 342.053 255.143
1261 337.538 243.352
1262 342.768 254.951
1263 344.125 249.279
1264 347.275 257.983
1265 338.083 252.416
1266 337.612 246.475
1267 351.885 248.487
1268 341.139 257.905
1269 345.022 244.796
1270 313.061 250.28
1271 352.64 264.681
1272 345.951 248.902
1273 335.835 254.951
1274 334.373 253.841
1275 343.479 251.488
1276 351.845 252.968
1277 345.56 253.026
1278 335.835 249.902
1279 336.666 252.44
1280 345.155 259.969
1281 345.808 250.388
1282 343.319 251.281
1283 341.504 257.441
1284 337.842 259.767
1285 354.724 252.555
1286 339.301 258.287
1287 342.552 254.476
1288 345.128 248.982
1289 334.018 250.992
1290 328.195 251.982
1291 340.605 260.327
1292 344.323 257.5
1293 345.155 249.475
1294 337.141 250.95
1295 333.284 243.9
1296 335.996 254
1297 325.712 243.068
1298 332.391 255.93
1299 333.545 252.761
1300 355.725 245.479
1301 358.484 250.958
1302 335.38 257.765
1303 343.057 242.351
1304 332.054 254.417
1305 327.124 250.819
1306 356.535 253.318
1307 328.894 257.325
1308 337.165 248.902
1309 352.165 253
1310 337.938 249.816
1311 332.722 263.203
1312 344.877 248.66
1313 326.435 257.391
1314 348.957 257.907
1315 344.465 250.44
1316 341.855 249.439
1317 350.999 256.09
1318 336.863 247.354
1319 336.863 247.998
1320 341.661 262.97
1321 335.835 264.443
1322 337.461 261.952
1323 351.056 260.906
1324 337.396 247.81
1325 341.347 256.5
1326 335.404 250.992
1327 342.552 249.499
1328 349.806 274.911
1329 334.29 251.929
1330 404.574 235.864
1331 343.23 252.715
1332 327.687 252.749
1333 359.85 249.279
1334 340.223 261.931
1335 335.41 248.757
1336 347.534 261.477
1337 351.812 258.952
1338 329.515 259.442
1339 348.379 254.717
1340 336.388 253.614
1341 344.865 252.46
1342 338.149 250.136
1343 350.885 243.9
1344 358.986 256.982
1345 346.237 254.389
1346 339.199 261.677
1347 352.433 249.187
1348 340.655 258.998
1349 334.172 256.476
1350 334.287 242.227
1351 342.775 247.901
1352 324.292 259.461
1353 350.157 246.901
1354 345.919 251.356
1355 329.204 261.57
1356 338.761 251.821
1357 329.582 255.904
1358 337.298 255.951
1359 330.9 254.496
1360 326.343 251.821
1361 328.541 256.982
1362 343.529 251.982
1363 338.384 239.787
1364 332.102 257.62
1365 343.907 253.992
1366 335.75 242.794
1367 332.986 258.983
1368 341.863 266.158
1369 320.691 246
1370 326.576 251.839
1371 336.068 259.906
1372 351.716 262.983
1373 319.064 259.199
1374 336.754 253.998
1375 334.913 252.895
1376 333.398 255.39
1377 338.219 252.802
1378 347.223 252.802
1379 348.103 255.39
1380 350.05 254.969
1381 335.875 257.496
1382 342.294 255.951
1383 348.488 250.08
1384 342.143 250
1385 333.27 252.929
1386 330.731 254.874
1387 342.053 254.5
1388 333.931 259.392
1389 342.193 250.902
1390 339.301 253.982
1391 342.901 257.146
1392 331.916 258.198
1393 346.235 253.44
1394 345.326 244.992
1395 337.461 261.952
1396 334.622 262.362
1397 330.651 253.085
1398 349.68 257.998
1399 333.014 255.969
1400 351.903 255.982
1401 338.467 249.662
1402 333.197 250.356
1403 345.774 251.873
1404 330.599 260.983
1405 331.646 255.194
1406 341.139 256.992
1407 326.308 252.998
1408 328.085 267.953
1409 341.312 253.496
1410 353.27 254.951
1411 343.235 260.496
1412 329.545 252.488
1413 345.478 250.496
1414 333.27 258.905
1415 337.347 257.461
1416 337.291 260.906
1417 334.963 248.95
1418 333.489 248.495
1419 348.488 258
1420 341.936 257.992
1421 349.703 244.949
1422 343.054 255.842
1423 339.146 261.247
1424 334.141 248.349
1425 337.291 259.245
1426 341.302 243.315
1427 335.742 252.321
1428 352.905 267.176
1429 336.737 257.672
1430 335.291 248.439
1431 335.292 255.417
1432 335.007 265.462
1433 349.17 248.439
1434 341.104 254.46
1435 344.36 249.902
1436 340.204 249.928
1437 333.828 245.967
1438 344.913 260.2
1439 337.123 256.951
1440 335.069 251.929
1441 349.9 254.488
1442 337.396 256.72
1443 347.491 259.419
1444 349.8 256.324
1445 338.194 246.13
1446 353.73 255.323
1447 345.56 258.287
1448 346.964 261.845
1449 333.449 259.461
1450 338.969 262.328
1451 340.884 249.956
1452 328.926 260.288
1453 339.323 258.36
1454 333.371 253.322
1455 348.957 245.231
1456 340.547 252.873
1457 341.048 251.356
1458 340.955 262.328
1459 335.532 262.477
1460 342.143 253.752
1461 325.579 253.322
1462 348.569 249.838
1463 346.133 251.281
1464 349.01 257.36
1465 340.955 265.518
1466 343.513 259.983
1467 346.027 250.998
1468 333.509 250.416
1469 326.715 254.364
1470 330.533 247.439
1471 330.817 247.233
1472 342.6 253.282
1473 343.147 246.481
1474 340.69 258.325
1475 339.158 255.969
1476 335.628 249.135
1477 331.057 247.837
1478 346.834 246.808
1479 325.169 250.992
1480 335.52 263.363
1481 332.611 254.717
1482 334.927 250.44
1483 340.154 250.902
1484 338.127 259.326
1485 342.397 254.929
1486 332.907 245.656
1487 344.945 253.389
1488 347.566 250.476
1489 329.509 254.969
1490 343.759 254.142
1491 341.784 251.929
1492 339.997 251.46
1493 333.272 260.246
1494 346.906 246.949
1495 340.984 256.297
1496 339.049 256.764
1497 339.588 248.548
1498 348.898 255.969
1499 350.256 249.279
1500 331.831 244.949
1501 335.022 246.544
1502 339.941 254.904
1503 345.022 253.5
1504 352.783 253.44
1505 332.917 255.875
1506 339.221 258.244
1507 338.316 252.5
1508 343.862 252.802
1509 333.617 243.475
1510 341.227 248.968
1511 339.756 246.797
1512 341.048 264.25
1513 334.745 250.416
1514 355.966 252.802
1515 350.423 260.992
1516 328.265 264.329
1517 333.107 253.841
1518 326.748 258.905
1519 338.94 246.073
1520 326.803 261.916
1521 348.827 258.905
1522 333.617 254.929
1523 349.369 254.028
1524 325.188 254.389
1525 329.436 256.951
1526 337.58 258.876
1527 350.605 252.824
1528 337.87 267.208
1529 351.909 265.462
1530 333.284 244.869
1531 346.237 254.323
1532 352.062 268.524
1533 349.643 249.992
1534 343.147 257.36
1535 340.5 253.44
1536 333.99 249.902
1537 327.658 262.878
1538 330.15 259.675
1539 328.03 255.93
1540 342.339 249.902
1541 334.174 245.414
1542 330.705 245.385
1543 331.646 249
1544 335.732 261.327
1545 331.189 250.992
1546 328.922 260.392
1547 341.336 248.318
1548 331.057 264.488
1549 350.779 255.992
1550 343.828 254.969
1551 337.883 262.952
1552 345.471 246.998
1553 356.637 257.243
1554 335.678 267.993
1555 347.138 253.026
1556 360.728 254.24
1557 336.119 251.666
1558 342.111 259.488
1559 344.099 249.928
1560 331.098 262.627
1561 337.291 255.904
1562 339.152 254.951
1563 332.668 250.902
1564 355.38 255.488
1565 366.279 268.295
1566 337.31 248.475
1567 353.016 251.95
1568 354.627 256.441
1569 349.445 245.967
1570 328.898 261.289
1571 341.92 247.459
1572 347.366 254.904
1573 336.406 242.992
1574 343.862 256.461
1575 336.143 257.973
1576 341.104 254.982
1577 332.662 256.875
1578 321.248 263.363
1579 343.567 249.459
1580 337.639 251.821
1581 337.52 257.765
1582 343.773 250.356
1583 339.329 244.229
1584 347.891 251.488
1585 392.316 255.359
1586 343.057 250.476
1587 334.21 253.992
1588 335.462 258.287
1589 330.341 248.95
1590 337.532 246.353
1591 340.05 253.417
1592 334.174 253.192
1593 354.153 250.388
1594 356.763 253.322
1595 352.061 250
1596 338.404 248.837
1597 334.746 251.426
1598 342.768 250.488
1599 353.746 256.501
1600 340.1 252.873
1601 362.864 254.982
1602 324.444 250
1603 329.7 254.476
1604 357.744 252.416
1605 335.708 251.5
1606 345.362 250.5
1607 329.638 253.904
1608 337.27 262.621
1609 340.309 246.797
1610 343.68 268.421
1611 346.951 246.881
1612 335.946 249.135
1613 342.508 253.357
1614 340.059 271.91
1615 343.061 262.97
1616 329.036 257.992
1617 334.716 265.998
1618 338.302 259.5
1619 340.547 251.082
1620 345.56 258.969
1621 345.485 257.033
1622 335.742 262.461
1623 339.997 254.874
1624 325.911 257.325
1625 343.628 245.459
1626 326.986 255.617
1627 336.385 272.406
1628 333.742 254.496
1629 347.875 251.76
1630 340.768 254.417
1631 332.986 250.354
1632 341.661 259.361
1633 327.243 258.287
1634 345.682 254.496
1635 353.785 248.234
1636 339.688 257.441
1637 342.789 251.929
1638 342.527 250.928
1639 349.643 257.461
1640 330.563 259.906
1641 354.356 256.09
1642 348.921 257.488
1643 334.913 259.983
1644 340.69 265.932
1645 350.999 256.418
1646 355.18 239.898
1647 347.875 254.558
1648 347.793 245.071
1649 317.774 257.476
1650 335.75 261.362
1651 333.131 261.809
1652 347.373 256.971
1653 332.603 253.417
1654 346.981 257.488
1655 349.369 256.09
1656 334.21 246.927
1657 343.318 248.928
1658 332.139 248.415
1659 326.683 261.289
1660 344.325 252.715
1661 351.505 247.495
1662 333.617 266.983
1663 338.278 245.9
1664 336.378 249.459
1665 342.666 257.93
1666 340.166 250.356
1667 342.561 266.421
1668 338.761 252.968
1669 339.997 262.099
1670 345.881 257.721
1671 337.757 244.18
1672 338.538 262.362
1673 329.977 260.983
1674 339.301 250.49
1675 344.569 255.805
1676 347.163 251.611
1677 336.838 265.206
1678 340.204 255.441
1679 349.42 254.24
1680 349.628 252.873
1681 351.723 252.238
1682 338.302 254.841
1683 338.395 262.952
1684 346.254 254.717
1685 355.256 257.033
1686 340.635 272.397
1687 326.435 254.717
1688 338.395 256.359
1689 332.28 256.969
1690 331.669 247.837
1691 346.872 258.505
1692 331.944 241.998
1693 341.221 253.929
1694 340.682 255.67
1695 357.097 249.838
1696 326.68 254.364
1697 320.05 243.869
1698 336.512 254.24
1699 326.117 256.441
1700 332.739 250.32
1701 350.354 257.441
1702 335.477 261.442
1703 342.6 258.969
1704 333.272 260.979
1705 337.612 252.929
1706 347.707 258.998
1707 331.098 254.668
1708 328.009 249.387
1709 346.41 252.416
1710 347.471 251.873
1711 353.016 251.76
1712 343.513 249.499
1713 348.167 253.282
1714 345.022 249.662
1715 329.484 252.873
1716 324.25 259.5
1717 347.708 257.876
1718 343.057 257.286
1719 348.144 250.476
1720 339.544 249.279
1721 342.476 253.667
1722 335.072 252.84
1723 342.775 249.319
1724 329.459 261.5
1725 340.62 253.969
1726 345.421 254.283
1727 337.817 251.873
1728 338.945 251
1729 340.823 253.488
1730 330.651 248.799
1731 337.962 250.759
1732 329.897 261.57
1733 331.361 256.461
1734 328.81 257.905
1735 331.554 246.708
1736 345.578 251.929
1737 339.597 252.476
1738 339.464 247.439
1739 341.21 249.279
1740 336.936 257.992
1741 348.411 253.982
1742 344.674 255.441
1743 344.232 263.42
1744 354.068 255.842
1745 326.506 254.982
1746 339.301 249.495
1747 335.061 263.477
1748 354.275 254.323
1749 356.98 248.185
1750 357.055 255.417
1751 344.7 254.874
1752 342.751 254.676
1753 344.608 257.992
1754 326.044 256.324
1755 343.884 258.722
1756 332.16 249.078
1757 348.426 248.66
1758 338.077 241.926
1759 339.95 261.247
1760 354.435 253.476
1761 330.908 257.418
1762 336.378 260.488
1763 335.996 254.5
1764 340.391 259.931
1765 352.851 260.768
1766 336.262 252.488
1767 347.073 242.227
1768 326.986 257.992
1769 334.018 247.132
1770 324.5 258.905
1771 344.972 252.929
1772 340.441 256.496
1773 340.911 255.284
1774 338.395 237.382
1775 341.336 262.983
1776 325.254 250.958
1777 331.983 244.998
1778 331.048 255.951
1779 340.776 255.359
1780 351.248 246.731
1781 325.035 256.441
1782 342.088 250.496
1783 344.972 256.842
1784 340.441 247.81
1785 333.91 245.927
1786 339.688 249.872
1787 337.194 253.614
1788 336.838 256.842
1789 334.904 259.442
1790 330.356 261.769
1791 333.828 265.729
1792 324.9 245.949
1793 331.821 255.969
1794 339.976 256.72
1795 345.702 255
1796 331.944 246.353
1797 309.417 248.548
1798 344.061 252.929
1799 340.55 255.417
1800 337.39 248.998
1801 342.215 245.479
1802 341.148 246.183
1803 351.056 251.992
1804 337.31 243.458
1805 349.777 250.46
1806 359.579 264.728
1807 337.171 257.196
1808 335.094 250.968
1809 335.291 251.839
1810 332.4 252.139
1811 356.853 252.666
1812 342.666 246.495
1813 332.337 242.833
1814 356.258 256.418
1815 339.152 260.496
1816 340.035 258.975
1817 343.764 253.44
1818 337.538 247.386
1819 338.845 252.968
1820 346.834 259.476
1821 342.888 242.438
1822 332.039 255.719
1823 338.216 258.441
1824 346.41 253.762
1825 345.155 252.992
1826 339.469 255.476
1827 321.643 264.681
1828 342.859 257.461
1829 341.863 254.992
1830 356.124 256.461
1831 334.736 249.018
1832 337.147 250.28
1833 352.014 260.931
1834 333.617 252.488
1835 333.284 250.388
1836 346.302 247.659
1837 327.719 252.666
1838 337.842 255.951
1839 346.246 254.951
1840 346.906 252.488
1841 342.666 247
1842 328.634 246.232
1843 339.929 246.189
1844 339.678 247.546
1845 336.535 259.931
1846 352.182 250.968
1847 342.552 261.952
1848 346.635 266.933
1849 327.429 256.951
1850 334.473 253.998
1851 341.895 258.952
1852 329.545 258.064
1853 345.919 247.439
1854 331.202 249.872
1855 337.147 248
1856 337.842 257.418
1857 347.373 254.804
1858 336.874 261.878
1859 338.987 248.355
1860 335.374 257.969
1861 346.981 251.839
1862 352.267 242.751
1863 338.845 257.686
1864 340.682 247.475
1865 429.855 258.476
1866 343.513 257.952
1867 344.122 251.281
1868 333.922 261.847
1869 334.913 263.249
1870 331.821 256.461
1871 349.72 242.537
1872 348.368 246.982
1873 349.777 248.982
1874 330.264 261.201
1875 336.526 256.242
1876 330.491 248.968
1877 325.46 246.797
1878 338.429 252.962
1879 333.602 255.366
1880 332.161 248.487
1881 332.161 238.487
1882 346.583 240.832
1883 353.321 259.906
1884 341.227 251.488
1885 349.339 255.284
1886 333.742 253.417
1887 349.72 255.323
1888 342.762 246.992
1889 325.739 240.437
1890 330.185 250.12
1891 338.584 253.841
1892 329.266 259.877
1893 334.685 258.244
1894 327.472 248.475
1895 348.103 257.496
1896 334.084 251.416
1897 341.76 257.905
1898 341.473 248.185
1899 330.273 259.623
1900 331.831 248.95
1901 343.764 256.441
1902 358.857 255.904
1903 338.762 252.238
1904 341.555 248.799
1905 337.52 252.555
1906 340.441 258.035
1907 327.719 250.08
1908 335.069 253.557
1909 338.644 265.33
1910 328.195 250.476
1911 341.01 253.46
1912 338.018 247.653
1913 337.756 245.967
1914 347.793 255.143
1915 339.848 247.998
1916 355.725 259.992
1917 354.844 256.461
1918 344.36 252.873
1919 333.563 256.359
1920 333.654 261.981
1921 331.669 252.416
1922 328.445 244.982
1923 348.775 253.992
1924 340.404 248.077
1925 350.726 264.728
1926 334.054 253.5
1927 340.329 262.202
1928 350.246 257.243
1929 341.048 256.969
1930 335.532 252.5
1931 335.75 234.435
1932 345.612 250.609
1933 349.803 246.317
1934 332.923 263.847
1935 340.035 256.671
1936 336.737 255.875
1937 339.04 256.031
1938 325.04 254.358
1939 321.148 254.441
1940 356.533 266.092
1941 341.048 251.237
1942 332.161 244.477
1943 348.712 247.495
1944 342.111 260.969
1945 347.275 248.902
1946 338.491 261.392
1947 353.73 255.67
1948 336.999 246.276
1949 350.179 250.968
1950 348.672 245.949
1951 353.067 254.389
1952 339.65 252.873
1953 337.212 258.461
1954 339.323 249.439
1955 348.64 258.476
1956 338.036 244.475
1957 342.859 252.488
1958 349.8 258.496
1959 339.208 256.297
1960 337.883 251.476
1961 336.295 258.441
1962 335.204 257.286
1963 338.674 242.384
1964 338.541 253.46
1965 351.255 256.39
1966 344.232 260.969
1967 328.451 257.763
1968 343.418 254.5
1969 328.325 254.992
1970 342.999 250.902
1971 339.617 253.998
1972 332.524 263.249
1973 333.167 265.462
1974 340.419 259.442
1975 338.761 251.998
1976 329.351 256.144
1977 329.249 266.488
1978 352.349 252.992
1979 336.37 254.9
1980 350.423 244.229
1981 340.861 250.928
1982 337.981 256.488
1983 342.434 250.872
1984 351.966 253.211
1985 341.292 246.414
1986 337.028 251.281
1987 346.027 258.035
1988 340.166 251.982
1989 336.214 255.67
1990 334.373 250.801
1991 342.964 255.476
1992 347.108 252.929
1993 329.977 256.285
1994 341.504 255.67
1995 335.142 252.416
1996 336.838 253.496
1997 332.16 260.805
1998 346.834 264.908
1999 339.094 264.42
2000 338.384 254.969
2001 328.346 257.806
2002 345.236 243.982
2003 340.955 257.146
2004 331.442 269.583
2005 335.625 252
2006 340.044 247.483
2007 330.254 257.5
2008 358.795 245.414
2009 341.139 254.992
2010 346.771 262.202
2011 344.354 254.028
2012 337.212 249.74
2013 328.944 259.844
2014 333.91 257.5
2015 342.215 260.361
2016 348.594 250.928
2017 349.033 249.135
2018 325.072 238.487
2019 330.2 250.839
2020 328.798 261.769
2021 342.561 260.906
2022 341.174 256.285
2023 338.588 251.237
2024 347.566 258.325
2025 341.106 260.845
2026 339.323 266.933
2027 334.497 248.387
2028 332.366 264.045
2029 355.277 246.603
2030 349.716 256.39
2031 344.572 246.276
2032 343.117 249.872
2033 339.27 252.612
2034 345.128 255.719
2035 326.532 248.133
2036 336.286 250.713
2037 351.844 256.324
2038 342.111 243.475
2039 338.819 250.136
2040 327.186 251.356
2041 343.348 248.757
2042 345.022 254.982
2043 342.294 249.459
2044 338.876 247.992
2045 335.562 252.555
2046 341.312 255.441
2047 337.532 249.018
2048 344.325 246.487
2049 343.23 259.149
2050 338.464 251.903
2051 337.298 259.392
2052 338.584 251.237
2053 338.848 262.932
2054 342.053 247.837
2055 331.335 249.387
2056 325.712 236.865
2057 336.071 248.459
2058 330.808 261.289
2059 333.844 250.968
2060 337.817 251.998
2061 341.92 248.439
2062 323.034 252.496
2063 335.678 256.905
2064 331.361 258.674
2065 343.513 260.983
2066 327.536 251.664
2067 336.571 251.281
2068 344.783 247.992
2069 324.037 253.44
2070 341.226 252.389
2071 340.999 244.477
2072 346.006 264.681
2073 337.58 252.873
2074 347.333 251.802
2075 351.263 246.836
2076 340.858 252.476
2077 326.118 262.042
2078 338.845 252.968
2079 332.917 243.352
2080 347.954 256.951
2081 337.538 262.477
2082 331.831 235.992
2083 326.968 254.46
2084 336.214 252.5
2085 342.357 249.838
2086 333.107 262.932
2087 347.333 251.388
2088 335.374 260.288
2089 342.751 247.798
2090 345.065 255.617
2091 347.664 258.36
2092 359.597 256.905
2093 347.62 251.929
2094 338.754 262.42
2095 340.223 242.314
2096 352.062 267.881
2097 348.937 257.952
2098 330.094 248.799
2099 333.922 246.927
2100 345.63 255.476
2101 331.005 260.845
2102 332.558 249.235
2103 336.829 261.461
2104 342.826 254.717
2105 342.294 257.992
2106 265.157 250.32
2107 330.98 246.998
2108 340.933 257.391
2109 351.346 240.35
2110 351.943 257.299
2111 351.038 250.928
2112 341.157 251.189
2113 346.788 247.837
2114 340.353 251.968
2115 344.946 251.893
2116 347.534 243.495
2117 336.666 244.802
2118 354.511 259.419
2119 345.109 247.71
2120 336.575 251.5
2121 342.901 241.938
2122 343.628 248.799
2123 338.761 243.068
2124 331.711 258.93
2125 336.119 246.87
2126 340.712 252.84
2127 339.301 256.441
2128 351.312 252.357
2129 338.852 245.967
2130 350.343 259.419
2131 332.366 247.95
2132 344.093 257.876
2133 346.274 263.101
2134 359.598 241.499
2135 329.126 257.461
2136 342.901 261.845
2137 329.806 248.318
2138 344.016 264.681
2139 339.04 253.614
2140 339.435 251.46
2141 349.497 240.967
2142 352.314 252.666
2143 354.584 253.476
2144 338.429 265.953
2145 299.117 247.992
2146 326.913 252.238
2147 332.134 262.932
2148 343.942 251
2149 351.955 252.389
2150 348.569 248.886
2151 338.194 244.499
2152 337.381 246.439
2153 342.689 251.821
2154 342 254.969
2155 330.042 258.992
2156 336.632 253.803
2157 352.551 266.933
2158 326.986 254.417
2159 348.775 250.819
2160 343.968 247.798
2161 335.562 251.929
2162 346.364 258.969
2163 357.423 259.992
2164 343.147 259.149
2165 337.123 246.901
2166 340.712 249.279
2167 331.813 243.943
2168 336.183 254.087
2169 344.225 253.44
2170 342.939 245.982
2171 339.305 262.998
2172 340.29 246.386
2173 336.208 259.442
2174 341.686 252.282
2175 345.3 256.461
2176 320.988 256.324
2177 336.437 247.95
2178 346.139 265.364
2179 346.058 242.794
2180 331.098 264.329
2181 333.284 253.762
2182 344.608 244.229
2183 346.788 249.355
2184 335.562 248.954
2185 328.894 258.287
2186 329.204 252.84
2187 349.943 254.668
2188 348.99 256.969
2189 341.959 266.462
2190 336.183 259.808
2191 345.769 260.808
2192 350.5 255.417
2193 340.889 257.905
2194 330.817 253.211
2195 339.099 259.444
2196 346.027 259.985
2197 353.252 247.459
2198 342.859 263.42
2199 345.167 242.537
2200 342.453 256.842
2201 346.237 255.488
2202 342.946 261.442
2203 332.839 255.969
2204 333.563 251.022
2205 346.814 257.905
2206 326.803 267.813
2207 340.082 254.992
2208 329.642 254.969
2209 327.359 248.799
2210 338.047 262.042
2211 333.721 248.799
2212 356.02 239.792
2213 335.28 255.46
2214 336.535 252.715
2215 348.698 246.439
2216 332.917 251.611
2217 339.65 262.042
2218 334.873 256.951
2219 340.984 260.419
2220 339.756 250.49
2221 335.38 251.321
2222 349.42 258.287
2223 341.991 255.992
2224 348.345 261.151
2225 341.936 251.388
2226 358.309 256.93
2227 341.555 242.413
2228 327.89 246.949
2229 361.587 247.459
2230 323.156 262.907
2231 351.723 239.412
2232 338.845 258.905
2233 319.981 244.385
2234 341.409 254.496
2235 338.969 257.62
2236 333.654 252.992
2237 346.432 259.361
2238 325.503 257.973
2239 336.071 270.725
2240 341.044 252.428
2241 344.093 250.388
2242 319.981 247.487
2243 338.674 260.931
2244 327.835 250.488
2245 331.944 251.082
2246 347.79 265.848
2247 327.536 254.087
2248 330.651 258.969
2249 345.783 257.196
2250 333.107 254.668
2251 335.291 251.237
2252 347.707 249.459
2253 352.551 248.95
2254 347.891 256.671
2255 343.321 255.998
2256 329.138 248.355
2257 341.302 258.147
2258 336.702 245.992
2259 343.162 254.841
2260 336.068 259.361
2261 360.062 264.953
2262 345.521 246.927
2263 332.205 251.873
2264 358.664 256.93
2265 346.655 253.716
2266 333.922 256.951
2267 331.554 256.992
2268 342.013 257.952
2269 338.686 252.208
2270 350.632 257.418
2271 326.031 240.225
2272 352.065 259.931
2273 340.47 259.287
2274 338.491 245.487
2275 339.399 250.928
2276 328.936 252.873
2277 341.226 250.902
2278 337.639 257.496
2279 347.973 251.611
2280 351.437 260.496
2281 344.891 252.389
2282 332.716 258.876
2283 340.044 253.904
2284 326.876 249.387
2285 349.106 244.008
2286 339.04 254.291
2287 328.346 255.284
2288 340.62 254.804
2289 340.223 258.302
2290 346.02 262.461
2291 324.672 247.459
2292 351.111 248.459
2293 336.61 245.414
2294 321.963 254.676
2295 341.623 251.416
2296 343.401 265.394
2297 329.814 258.565
2298 334.111 245.495
2299 342.397 254.676
2300 329.7 255.67
2301 326.258 249.55
2302 325.712 246.386
2303 343.162 251.903
2304 339.882 254.364
