0 1 1
1 334.828 255.323
2 339.882 267.159
3 328.03 256.195
4 318.735 260.392
5 340.67 257.243
6 318.189 263.101
7 346.756 249.888
8 335.742 256.441
9 340.413 253.46
10 339.22 256
11 336.071 259.392
12 329.727 263.044
13 346.025 256.441
14 329.036 250.476
15 340.329 255.284
16 331.596 254.992
17 333.823 255.992
18 324.426 249.459
19 338.788 250.488
20 329.727 258.844
21 328.222 252.968
22 258.441 254.5
23 344.476 260.246
24 347.197 256.93
25 338.367 247
26 338.395 260.992
27 330.705 256.359
28 340.576 260.969
29 323.778 259.287
30 334.785 253.496
31 341.311 249.415
32 336.144 252.802
33 328.265 253.44
34 334.392 253.803
35 334.066 253.557
36 332.193 252.666
37 335.462 247.318
38 319.595 251.95
39 330.55 251.839
40 334.53 251.492
41 322.887 248.813
42 334.516 256.72
43 339.152 251.873
44 350.036 249.475
45 336.877 255.842
46 333.167 261.878
47 343.118 254.841
48 310.535 247.871
49 289.239 257.033
50 331.189 262.992
51 332.824 256.441
52 334.99 264.42
53 336.633 255.56
54 337.843 257.806
55 329.515 256.875
56 332.806 255.617
57 340.441 249.319
58 337.923 255.904
59 333.207 255.488
60 353.723 256.969
61 333.91 255
62 331.596 257.905
63 334.727 251.929
64 322.152 249.387
65 339.287 249.439
66 343.296 252.024
67 326.118 255.476
68 338.573 259.037
69 331.596 257.36
70 331.813 261.878
71 332.907 264.25
72 320.637 249.816
73 314.468 264.394
74 342.666 260.327
75 339.467 250.551
76 342.434 253.841
77 330.589 255.029
78 323.32 254.496
79 348.624 254.24
80 336.519 249.415
81 321.434 256.842
82 346.196 260.931
83 322.608 266.364
84 338.541 245.797
85 340.394 266.364
86 320.322 252.46
87 352.718 256.39
88 341.148 259.245
89 323.972 257.93
90 334.746 262.572
91 329.052 250.928
92 327.86 242.949
93 342.625 260.246
94 325.012 262.328
95 331.928 246.808
96 338.285 258.674
97 333.107 250.95
98 311.461 250.388
99 330.518 261.392
100 341.473 257.196
101 327.559 257.033
102 347.718 261.906
103 458.079 251.022
104 333.167 250.713
105 336.303 246.901
106 274.865 259.983
107 337.144 251.802
108 333.871 260.488
109 257.091 260.724
110 338.384 252.024
111 325.04 252.476
112 329.035 257.93
113 336.993 248.982
114 319.629 252.84
115 340.1 255.39
116 337.188 254.829
117 339.753 255.488
118 341.312 248.871
119 321.028 251.839
120 344.572 246.901
121 332.265 256.905
122 349.857 262.97
123 336.681 253.14
124 331.442 248.387
125 338.189 256.618
126 336.62 254.142
127 272.4 256.842
128 333.871 255.842
129 325.331 257.5
130 325.883 267.933
131 319.853 250.136
132 333.871 241.272
133 335.665 256.842
134 328.877 251.76
135 330.9 251.664
136 343.948 247.459
137 328.894 257.998
138 329.484 252.357
139 336.575 254.5
