0 1 1
1 336.286 259.623
2 352.718 242.652
3 349.251 259.392
4 332.611 259.305
5 344.877 252.982
6 340.223 262.81
7 358.845 253.026
8 344.517 250.95
9 341.174 262.77
10 356.052 237.981
11 348.441 243.752
12 340.082 252.903
13 348.937 254.558
14 346.159 252.357
15 339.08 254.951
16 350.936 256.875
17 342.143 256.805
18 336.633 247.439
19 340.215 255.39
20 337.27 250.958
21 353.27 249.499
22 338.384 245.316
23 335.115 254.389
24 333.197 246.268
25 356.791 266.933
26 346.79 251.388
27 351.611 278.984
28 336.027 249.74
29 353.252 256.476
30 347.413 255.417
31 329.727 245.129
32 452.57 252.488
33 337.71 253.357
34 345.576 255.359
35 328.98 257.033
36 338.926 261.677
37 342.888 256.39
38 338.464 254.874
39 350.086 254.24
40 336.666 250.28
41 340.758 257.806
42 348.267 247.883
43 346.133 251.714
44 337.71 256.618
45 339.467 257.488
46 346.246 250.44
47 343.117 251.237
48 347.53 246.106
49 341.409 254.998
50 339.329 250.02
51 345.471 256.842
52 338.149 247.871
53 327.783 250.49
54 339.853 256.359
55 322.971 244.385
56 335.585 250.388
57 351.178 254.417
58 351.955 263.574
59 337.074 247.71
60 344.697 256.805
61 339.915 255.982
62 349.112 260.496
63 352.969 259.877
64 362.767 253.192
65 338.018 250.46
66 341.104 253.496
67 339.435 247.871
68 353.116 259.419
69 364.685 239.708
70 347.891 257.496
71 352.165 250.551
72 335.428 252.992
73 340.044 258.952
74 345.155 252.282
75 349.339 255.93
76 333.275 255.969
77 359.55 254.142
78 344.533 251.388
79 364.143 263.42
80 334.018 255.194
81 334.172 250.388
82 347.027 257.476
83 339.688 249.487
84 345.955 251.46
85 345.155 254.804
86 351.346 257.992
87 345.543 249.078
88 336.61 259.345
89 338.876 254.967
90 347.095 247.459
91 345.521 236.411
92 358.385 257.146
93 344.913 258.969
94 342.453 257.299
95 345.23 250.136
96 345.774 244.438
97 347.708 269.637
98 337.009 249.998
99 349.106 241.263
100 334.685 255.417
101 335.742 264.42
102 334.245 256.969
103 339.901 250.28
104 349.703 250.44
105 330.185 253.803
106 346.79 250.476
107 330.094 254.763
108 324.708 250.801
109 357.433 245.475
110 338.987 259.952
111 351.359 251.929
112 356.535 264.329
113 341.614 258.244
114 334.963 259.808
115 349.806 256.969
116 351.172 255.496
117 339.882 260.724
118 336.96 252.238
119 337.621 258.975
120 339.399 257.969
121 335.835 259.992
122 341.085 256.39
123 341.64 263.363
124 353.857 262.488
125 334.419 253.211
126 335.41 262.572
127 342.6 256.982
128 344.517 249.415
129 347.491 240.649
130 299.6 257.091
131 340.889 262.983
132 357.19 255.5
133 345.456 261.477
134 349.239 263.291
135 343.907 252.46
136 354.925 246.459
137 347.171 251.388
138 337.009 257.843
139 343.604 244.459
140 334.622 266.933
141 346.235 252.46
142 344.125 264.363
143 342.673 256.969
144 343.418 260.442
145 355.244 251.416
146 343.907 260.392
147 339.95 252.19
148 345.517 256.285
149 332.838 253.874
150 331.095 246
151 347.566 249.968
152 337.083 259.983
153 351.397 247.499
154 336.999 254.193
155 336.575 244.127
156 346.872 264.992
157 328.079 246.982
158 436.916 256.031
159 344.093 248.387
160 341.336 255.875
161 350.708 250.968
162 340.306 245.459
163 331.089 250.356
164 346.952 243.967
165 358.748 266.421
166 339.399 253.476
167 342.964 243.352
168 338.762 255.359
169 348.246 257.286
170 337.031 259.419
171 346.025 253.085
172 346.563 253.998
173 350.45 265.462
174 348.624 262.627
175 337.843 258.5
176 345.155 264.443
177 352.81 259.877
178 338.718 255.359
179 332.482 255.194
180 348.241 265.206
181 332.722 257.196
182 332.102 256.805
183 337.843 248.355
184 328.131 248.95
185 347.163 257.325
186 352.704 260.461
187 354.356 251.611
188 351.16 255.5
189 351.807 258.36
190 328.898 243.799
191 352.114 245.479
192 346.169 248.195
193 344.323 260.615
194 342.775 250.551
195 331.596 253.803
196 337.486 246.183
197 342.555 265.364
198 335.821 247.271
199 346.329 251.998
200 349.571 247.184
201 330.938 250
202 343.795 249.459
203 344.164 251.76
204 322.161 268.97
205 336.385 249.8
206 363.048 260.969
207 337.486 252.488
208 341.863 247.968
209 351.278 257.806
210 348.827 257.36
211 335.969 253.904
212 337.87 257.973
213 350.109 251.95
214 343.235 252.998
215 345.948 247.487
216 340.007 261.847
217 340.404 252.968
218 351.064 256.982
219 330.808 250.992
220 352.718 243.228
221 354.965 246.87
222 341.743 254.488
223 348.267 251.95
224 340.329 251.802
225 351.454 255.5
226 356.285 246.755
227 338.718 260.931
228 346.987 247.487
229 337.532 241.226
230 351.09 254.904
231 338.429 265.729
232 339.678 254.841
233 332.818 251.76
234 338.089 243.352
235 348.798 258.496
236 353.098 256.476
237 356.66 247.546
238 351.723 249.475
239 349.385 253.239
240 342.215 261.157
241 336.077 247.992
242 349.881 267.208
243 332.986 254.389
244 342.004 253.969
245 352.727 241.967
246 346.423 238.791
247 352.914 253.46
248 359.032 262.477
249 340.391 253.998
250 346.341 246.495
251 347.708 251.762
252 336.575 256.496
253 356.727 262.153
254 341.855 250.872
255 342.453 255.982
256 355.18 256.93
257 342.316 258.441
258 340.007 251.44
259 325.035 254.969
260 345.427 256.72
261 356.362 251.205
262 344.019 251.356
263 339.09 260.952
264 346.687 252.139
265 353.186 253.982
266 350.391 254.46
267 334.933 255.998
268 339.467 254.358
269 339.853 243.998
270 350.688 265.251
271 338.584 246.87
272 327.625 268.881
273 333.27 251.968
274 342.413 245.475
275 346.159 256.905
276 336.378 254.982
277 327.971 245.707
278 340.592 244.475
279 357.211 253.46
280 341.76 253.992
281 333.371 248.998
282 340.404 249.872
283 332.009 245.947
284 346.254 256.93
285 335.374 261.419
286 335.41 262.992
287 343.459 244.949
288 361.53 251.488
289 344.63 254.992
290 344.07 250.759
291 336.406 258.565
292 338.987 252.428
293 337.519 264.992
294 351.955 249.459
295 340.889 255.194
296 347.53 257.476
297 337.396 255.781
298 345.786 254.558
299 337.141 247.439
300 340.082 265.477
301 292.558 249.499
302 356.802 249.928
303 356.321 254.142
304 342.183 244.835
305 337.58 259.675
306 346.235 252.46
307 332.74 254.496
308 342.876 251.611
309 340.044 252.357
310 347.708 247.354
311 347.241 267.5
312 334.373 255.39
313 339.653 251.416
314 339.534 251.998
315 341.394 255.56
316 330.938 248.318
317 346.488 256
318 337.743 241.458
319 356.511 248.902
320 348.99 254.142
321 335.875 252.873
322 340.768 252.389
323 342.434 252.873
324 346.526 259.361
325 337.843 250.759
326 339.653 256.39
327 338.216 246.276
328 357.433 264.394
329 343.671 255.39
330 335.75 255.323
331 339.467 276.854
332 336.526 249.902
333 322.844 244.477
334 347.027 258.621
335 352.914 248.928
336 338.083 260.509
337 352.507 247.318
338 342.053 251.95
339 343.117 256.418
340 348.441 257
341 339.534 256.285
342 355.077 247.233
343 338.538 253.192
344 348.253 248.992
345 347.249 254.46
346 343.779 249.459
347 341.347 254.668
348 338.491 263.932
349 353.186 267.488
350 340.933 262.328
351 331.983 251.283
352 311.268 262.572
353 357.021 263.329
354 356.589 258.992
355 347.973 253.389
356 342.231 252.5
357 335.181 255.875
358 339.901 252.612
359 341.394 253.085
360 331.813 251.929
361 341.302 254.24
362 357.055 251.968
363 347.095 255.218
364 339.035 255.67
365 351.241 254.967
366 339.625 253.992
367 341.048 251.802
368 343.884 252.024
369 341.394 260.461
370 357.539 245.949
371 335.75 256.992
372 348.246 251.46
373 332.205 254.488
374 355.528 260.676
375 339.301 244.998
376 349.628 249.712
377 336.018 256.982
378 352.613 253.716
379 338.761 253.762
380 349.485 255.359
381 339.726 255.5
382 335.061 254.668
383 345.361 259.095
384 327.567 251.476
385 346.704 260.5
386 346.329 254.417
387 336.632 251.281
388 342.508 255.93
389 336.183 262.45
390 350.036 245.186
391 323.063 246.276
392 334.963 251.321
393 340.1 247.439
394 340.441 256.515
395 332.098 249.078
396 326.917 259.5
397 345.155 249.459
398 332.797 241.998
399 346.025 247.734
400 343.348 247.982
401 334.851 245.479
402 335.607 257.503
403 336.208 242.273
404 350.371 255.982
405 331.554 247.499
406 336.286 257.418
407 340.776 244.967
408 340.1 252.416
409 334.963 256.324
410 337.67 260.096
411 349.881 251.476
412 344.423 254.389
413 343.884 255.488
414 338.588 257.5
415 342.215 252.873
416 334.963 245.414
417 338.429 247.459
418 344.801 252.929
419 349.285 250.356
420 361.007 261.419
421 344.003 252.715
422 352.817 265.33
423 346.477 254.46
424 339.411 255.617
425 344.877 256.93
426 345.948 258.302
427 337.71 249.439
428 350.808 252.5
429 343.628 255.951
430 339.753 254.951
431 343.773 258.844
432 345.977 254.488
433 334.658 258.476
434 338.491 261.151
435 339.411 255.719
436 338.644 255.875
437 352.616 256.875
438 348.246 254.496
439 346.335 255.088
440 333.563 261.362
441 354.356 241.948
442 339.726 255.719
443 336.754 260.461
444 346.788 261.098
445 346.872 245.353
446 364.678 257.441
447 349.044 258.496
448 346.098 259.675
449 332.098 259.245
450 345.132 255.805
451 346.617 258.476
452 341.895 257.998
453 344.016 242.178
454 353.517 257.36
455 338.761 257.461
456 337.083 256.562
457 327.243 258.418
458 344.465 256.242
459 344.697 252.46
460 355.421 256.39
461 348.713 262.29
462 336 241.926
463 337.962 257.441
464 337.212 250.759
465 354.728 257.243
466 348.174 240.925
467 333.284 253.496
468 336.416 252.824
469 352.718 242.227
470 330.382 251.664
471 334.559 256.905
472 342.939 258.476
473 331.711 252.428
474 345.977 244.992
475 335.662 257.973
476 349.943 267.983
477 322.58 252.612
478 343.235 266.933
479 353.316 252.5
480 338.219 252.84
481 350.708 250.551
482 337.423 264.443
483 339.004 249.8
484 336.416 256.242
485 348.078 253.904
486 347.138 246.414
487 341.661 256.242
488 352.041 246.982
489 338.302 257.952
490 330.599 252.968
491 332.265 252.761
492 337.837 252.321
493 340.55 259.392
494 332.645 255.323
495 356.66 252.962
496 348.797 245.499
497 346.087 261.327
498 343.759 253.14
499 338.615 247.605
500 325.122 250.872
501 328.264 248.355
502 353.582 254.441
503 343.942 244.6
504 328.936 260.361
505 349.716 256.764
506 342.053 252.929
507 340.059 251.714
508 337.683 265.33
509 345.783 260.724
510 330.194 253.752
511 351.263 266.496
512 341.221 259.442
513 346.464 260.992
514 338.584 256.324
515 343.147 246.755
516 337.981 249.95
517 338.194 244.315
518 345.578 254.498
519 336.482 254.087
520 342.789 248.355
521 331.944 249.499
522 337.298 257.876
523 349.159 250.872
524 337.757 252.416
525 351.261 252.992
526 350.574 259.611
527 353.016 245.438
528 337.39 253.762
529 345.881 261.952
530 354.161 241
531 349.239 247.998
532 351.312 250.388
533 347.707 249.8
534 322.25 247.354
535 340.999 247.415
536 351.437 253.827
537 341.013 245.656
538 336.697 253.026
539 355.359 249.078
540 359.598 253.998
541 284.605 264.953
542 343.773 261.677
543 345.096 253.841
544 347.146 242.178
545 344.006 254.028
546 348.478 255.67
547 351.261 253.716
548 342.929 244.998
549 341.336 248
550 336.749 253.969
551 336.482 259.392
552 335.678 255.435
553 348.174 259.912
554 343.118 246.386
555 342.775 252.488
556 350.31 265.5
557 353.644 253.904
558 347.249 254.358
559 344.323 254.992
560 335.28 268.954
561 349.385 249.415
562 345.33 261.845
563 235.782 248.711
564 351.056 252.992
565 361.859 255.764
566 336.119 251.76
567 337.981 263.847
568 348.488 246.968
569 343.862 255.992
570 329.818 260.676
571 347.986 271.5
572 350.166 261.201
573 348.039 242.475
574 337.549 243.553
575 360.799 246.487
576 344.801 247.415
577 337.396 240.867
578 361.006 244.706
579 335.52 254.389
580 327.687 263.101
581 338.848 247.499
582 347.931 245.316
583 349.84 248.475
584 366.279 256.992
585 341.661 252.357
586 353.652 259.442
587 332.95 249.872
588 333.27 251.237
589 349.082 252.982
590 352.749 247.95
591 352.96 243.274
592 347.793 240.867
593 337.756 254.24
594 342.342 259.461
595 330.708 249.992
596 352.969 254.717
597 348.379 252.428
598 349.571 247.901
599 343.604 254
600 330.651 257.952
601 360.452 255.496
602 344.125 255.5
603 346.159 258.876
604 339.678 251.968
605 341.772 257.441
606 346.687 253.803
607 327.081 260.461
608 350.719 255.842
609 342.342 253.322
610 337.879 254.441
611 342.413 252.357
612 333.957 258.488
613 333.957 247.132
614 345.694 248.016
615 350.371 253.389
616 357.441 259.392
617 337.165 257.983
618 331.646 249.459
619 345.242 254.142
620 329.372 261.969
621 348.488 261.878
622 308.898 249.459
623 351.909 255.842
624 340.748 254.488
625 335.532 260.379
626 335.857 244.9
627 342.552 253.46
628 342.342 253.085
629 336.936 253.969
630 352.891 252.903
631 348.624 244.008
632 341.312 258.505
633 365.338 260.15
634 339.597 255.982
635 333.272 244.315
636 357.521 256.562
637 346.563 261.461
638 358.845 249.475
639 361.601 264.992
640 338.194 265.33
641 336.975 250.236
642 339.588 253.322
643 337.639 252.496
644 335.279 250.609
645 347.875 247.483
646 342.143 251.426
647 330.666 248.837
648 254.464 254.998
649 332.65 260.476
650 333.167 261.327
651 338.762 248.548
652 338.395 269.396
653 339.411 254.874
654 347.986 266.683
655 331.032 256.982
656 353.836 248.871
657 346.704 252.44
658 334.939 246.927
659 350.963 259.992
660 346.098 246.658
661 325.768 246.927
662 333.047 254.967
663 327.193 259.692
664 353.098 255.875
665 338.584 242.998
666 338.089 243.926
667 344.697 246.495
668 333.06 244.927
669 334.139 258.36
670 349.994 258.36
671 339.152 239.487
672 353.966 246.073
673 349.881 257.93
674 338.538 242.899
675 344.674 254.389
676 339.04 257.907
677 341.139 257.721
678 341.504 245.385
679 330.491 250.44
680 339.653 253.951
681 337.188 253.496
682 350.645 254.982
683 347.589 249.982
684 339.765 262.932
685 331.605 246.353
686 345.786 245.499
687 331.646 251.137
688 349.17 258.981
689 346.254 252.139
690 343.907 258.476
691 353.517 258.844
692 343.318 257.806
693 343.567 262.627
694 341.548 249.928
695 339.19 246.276
696 328.265 256.5
697 343.117 262.621
698 343.862 258.909
699 348.775 255.39
700 344.241 260.906
701 345.326 260.488
702 343.513 253.5
703 347.436 246.901
704 340.758 259.245
705 338.149 255.5
706 355.652 246.386
707 335.072 254.46
708 351.502 252.476
709 346.139 252.666
710 340.605 263.953
711 352.114 269.998
712 341.21 255.842
713 332.739 241.495
714 347.033 257
715 353.166 251.082
716 342.789 239.487
717 337.58 259.969
718 362.077 255.284
719 342.964 250.663
720 344.423 244.475
721 352.704 255.93
722 353.958 254.496
723 338.876 251.76
724 323.283 251.553
725 280.432 250.968
726 334.29 253.44
727 340.955 266.488
728 346.951 257.488
729 355.737 242.949
730 344.325 257.325
731 338.584 245.998
732 344.232 257.983
733 344.801 245.87
