0 1 1
1 339.853 248.077
2 331.459 256.875
3 349.276 257.391
4 346.159 248.95
5 348.144 271.367
6 347.793 254.763
7 335.504 253.488
8 340.933 252.802
9 347.836 242.794
10 347.897 253.322
11 353.785 249.135
12 342.939 247.354
13 328.541 254.717
14 346.964 253.772
15 347.482 264.728
16 327.625 250.28
17 338.876 263.811
18 353.644 255.982
19 335.022 245.499
20 354.102 261.992
21 359.265 256.805
22 337.923 260.288
23 357.659 256.39
24 339.482 257.806
25 344.225 257.907
26 351.723 257.998
27 335.932 247.233
28 347.793 258.418
29 350.111 252.802
30 352.507 254.323
31 350.56 250.188
32 354.584 257.325
33 341.944 262.496
34 345.106 250.551
35 339.208 254.496
36 340.55 244.338
37 358.442 260.952
38 341.76 250.44
39 336.92 260.509
40 351.807 262.042
41 346.488 254.24
42 331.527 255.029
43 338.876 256.476
44 359.06 257.286
45 336.077 262.29
46 348.03 263.811
47 346.563 247.499
48 342.491 251.44
49 345.899 256.359
50 356.535 254.323
51 348.306 248.998
52 347.138 251.281
53 353.435 240.898
54 340.215 263.443
55 350.343 255.359
56 343.318 255.904
57 355.972 245.01
58 349.84 251.903
59 344.482 246.276
60 348.798 253.192
61 367.281 252.749
62 345.022 259.931
63 358.262 256.5
64 349.628 251.388
65 356.197 256.618
66 349.256 257.488
67 362.461 245.459
68 338.194 260.419
69 353.966 256.496
70 360.45 262.878
71 347.773 267.909
72 347.436 255.951
73 341.596 254.841
74 351.263 258.969
75 343.418 255.805
76 329.144 254.5
77 350.45 255.441
78 345.242 253.44
79 357.195 247.837
80 356.494 248.077
81 355.978 254.969
82 340.758 247.952
83 333.617 250.968
84 342.775 250.46
85 344.877 253.841
86 342.316 246.87
87 356.516 250.388
88 340.441 247.233
89 331.474 253.803
90 345.521 247.277
91 348.152 253.904
92 342.555 251.893
93 343.01 254.763
94 341.64 257.983
95 357.642 247.605
96 356.738 249.758
97 344.891 249.902
98 347.241 242.314
99 343.061 256.221
100 363.978 246.386
101 341.302 248.355
102 353.17 244.315
103 351.056 260.288
104 333.27 262.29
105 342.929 256.5
106 346.583 247.483
107 351.172 259.326
108 341.104 252.083
109 345.808 257.461
110 338.302 258.461
111 358.226 242.124
112 341.106 250.609
113 352.851 263.291
114 352.007 258.909
115 333.107 251.968
116 338.876 254.24
117 431.555 250.982
118 355.359 254.507
119 332.277 263.983
120 354.305 250.416
121 350.839 249.459
122 328.764 252.476
123 336 256.992
124 347.566 258.505
125 358.329 260.998
126 336.482 260.906
127 348.039 246.927
128 339.158 244.54
129 349.485 250.32
130 342.666 260.952
131 354.195 257.952
132 347.534 251.476
133 338.904 246.414
134 354.728 255.417
135 343.441 250.95
136 343.082 248.799
137 352.292 257.196
138 342.491 249.487
139 338.089 248.95
140 341.048 250.998
141 356.637 250.136
142 343.459 253.026
143 338.472 255.359
144 361.331 257.62
145 335.625 239.998
146 345.456 257.461
147 343.907 257.488
