0 1 1
1 364.598 260.768
2 356.875 255.476
3 349.044 262.932
4 366.235 259.419
5 360.211 263.727
6 361.347 253.357
7 363.714 266.364
8 370.554 255.951
9 365.513 264.443
10 358.295 260.476
11 357.539 244.385
12 374.492 253.357
13 354.752 258.766
14 352.616 248.475
15 357.223 263.983
16 367.24 244.18
17 359.11 250.998
18 355.927 258.496
19 364.143 259.5
20 351.027 259.361
21 353.27 256.671
22 347.482 257.503
23 369.986 245.475
24 353.186 261.327
25 359.207 251.488
26 357.049 245.186
27 361.237 259
28 367.129 247.459
29 369.843 255.842
30 357.323 264.998
31 362.353 250.202
32 364.867 250.476
33 369.617 260.096
34 367.546 251.903
35 356.533 263.044
36 363.017 257.93
37 372.814 254.323
38 354.401 235.981
39 352.551 251.082
40 364.231 251.321
41 359.944 250
42 351.16 243.598
43 358.288 256.359
44 366.426 252.824
45 371.08 255.904
46 348.267 247.014
47 359.224 261.769
48 352.266 262.878
49 347.491 263.249
50 357.986 247.346
51 357.097 251.76
52 358.232 250.992
53 358.663 251.416
54 354.076 257.686
55 354.011 238.747
56 358.647 248.548
57 353.432 261.906
58 358.028 257.992
59 368.244 252.359
60 367.08 249.355
61 362.864 249.499
62 365.928 246.495
63 357.983 260.392
64 438.041 249.135
65 355.121 242.833
66 361.796 246.603
67 358.594 266.394
68 369.284 252.802
69 364.308 259.767
70 351.547 252.982
71 368.399 252.282
72 360.409 258.5
73 353.474 250.354
74 358.887 268.496
75 358.664 256.764
76 367.217 250.998
77 369.805 249.487
78 365.23 259.906
79 342.768 249.487
80 357.986 250.496
81 357.743 247.495
82 369.324 258.287
83 366.434 251.022
84 348.034 250.44
85 362.044 256.144
86 352.739 250.488
87 356.609 260.392
88 353.394 256.496
89 347.349 254.498
90 348.488 251.839
91 367.721 250.188
92 367.43 264.292
93 370.481 248.234
94 359.065 251.992
95 344.508 261.247
96 358.664 256.359
97 353.972 262.983
98 350.574 241.702
99 352.905 256.998
100 359.783 239.831
101 351.397 255.969
102 352.505 243.795
103 352.267 245.797
104 340.735 255.805
105 354.923 250
106 362.69 259.567
107 360.294 262.952
108 336.883 254.358
109 361.39 259.461
110 357.444 246.949
111 348.798 248.998
112 354.401 233.307
113 366.148 250.89
114 372.411 251
115 362.97 247.415
116 340.338 252.666
117 354.975 244.922
118 352.165 261.04
119 357.986 246.353
120 352.007 260.496
121 361.309 246.658
122 366.235 246.982
123 341.782 256.805
124 362.409 248.415
125 352.403 254.476
126 362.4 247.354
127 354.972 244.409
128 358.668 268.421
129 359.525 259.998
130 360.837 254.763
131 364.308 255.46
132 345.612 247.837
133 354.521 245.878
134 361.895 256.951
135 361.215 248.799
136 361.83 247.386
137 354.923 247.014
138 357.936 251.488
139 358.777 253.762
140 361.04 250.839
141 360.755 253.904
142 356.348 241.595
143 343.379 261.809
144 355.972 260.488
145 344.913 265.729
146 360.679 252.895
147 345.977 244.487
148 348.144 240.271
149 350.493 256.905
150 360.323 250.46
151 358.103 254.998
152 356.945 256.441
153 364.509 247.935
154 355.758 254.496
155 371.214 262.202
156 338.646 260.979
157 358.094 258.952
158 357.659 253.192
159 347.931 256.618
160 374.354 266.953
161 354.192 257.36
162 348.594 251.137
163 352.003 250.136
164 357.211 258.36
165 350.109 254.441
166 367.61 249.992
167 358.484 255.441
168 356.735 252.496
169 348.689 260.392
170 346.964 251.839
171 361.404 247.546
172 347.53 249.902
173 358.028 249.277
174 354.373 250.982
175 340.5 258.983
176 367.509 255.67
177 359.121 258.909
178 361.404 253.982
179 356.09 258.983
180 345.683 250.982
181 354.491 263.92
182 356.931 245.475
183 351.713 254.992
184 352.363 256.39
185 348.937 261.392
186 343.191 253.085
187 349.628 248.968
188 352.403 267.253
189 353.409 245.754
190 358.857 262.42
191 361.309 247.883
192 354.305 249.888
193 346.655 248.968
194 346.254 260.288
195 363.318 257.93
196 356.285 254.417
197 354.648 253.389
198 353.17 251.903
199 362.458 240.271
200 355.472 249.838
201 370.086 254.358
202 355.869 255.904
203 358.887 248.459
204 367.608 260.419
205 358.38 258
206 353.409 255.421
207 365.928 255.969
208 358.845 249.758
209 345.751 257.299
210 352.511 246.968
211 359.653 261.809
212 353.394 254.142
213 355.339 243.179
214 351.397 258.36
215 357.365 241.793
216 368.244 258.84
217 347.793 255.417
218 358.986 256.671
219 352.328 252.749
220 353.454 259.877
221 371.634 258.244
222 358.028 255.366
223 353.966 250.388
224 356.931 258.969
225 351.5 255.488
226 362.218 255.969
227 355.286 257.564
228 350.28 253.085
229 360.755 250.496
230 366.517 253.357
231 363.461 260.979
232 437.342 247.546
233 347.891 252.982
234 350.391 259.149
235 380.113 258.722
236 348.534 260
237 362.501 260.327
238 360.899 247.483
239 346.139 262.992
240 357.519 237.947
241 362.74 258.198
242 354.467 252.5
243 351.397 252.321
244 350.28 251.281
245 352.64 265.394
246 343.802 269.496
247 347.033 251.137
248 350.26 260.038
249 349.99 259.095
250 364.353 246.836
251 374.094 256.992
252 339.158 258.621
253 360.688 250.44
254 361.737 255.284
255 357.986 256.359
256 296.405 246.317
257 352.003 257.441
258 370.621 255
259 335.254 266.998
260 346.981 249.459
261 357.642 245.967
262 362.068 252.389
263 363.413 245.998
264 346.464 255.417
265 355.066 261.952
266 346.329 255.323
267 361.347 256.461
268 367.696 245.927
269 361.404 249.576
270 363.048 252.968
271 353.723 244.927
272 357.097 254.389
273 357.906 263.771
274 347.146 246.901
275 362.803 257.461
276 360 253.841
277 357.519 249.499
278 361.269 254.982
279 370.805 249.495
280 367.43 257.36
281 365.262 260.442
282 357.827 254.496
283 353.067 247.415
284 353.27 259.931
285 356.983 246.982
286 366.148 250.46
287 351.09 252.873
288 359.06 257.5
289 364.589 237.457
290 356.168 255.417
291 358.544 250.839
292 346.254 246.797
293 350.086 248.757
294 351.726 261.998
295 350.808 253.488
296 359.758 251
297 358.218 258.969
298 362.044 249.872
299 350.391 250.46
300 372.822 248.871
301 356.903 257.952
302 349.364 249.355
303 340.404 246.658
304 345.808 251.416
305 350.999 260.992
306 364.916 248.349
307 352.95 250.95
308 366.332 260.327
309 356.476 252.666
310 350.885 248.813
311 356.823 244.18
312 362.287 255.67
313 358.43 264.42
314 370.945 249.662
315 358.663 257.992
316 368.435 260.998
317 358.028 253.44
318 361.006 256.501
319 368.614 246.708
320 368.782 240.998
321 367.592 255
322 370.956 256.951
323 364.979 260.419
324 346.583 260.509
325 355.587 256.951
326 355.644 240.487
327 336.666 257.488
328 362.218 239.998
329 343.562 242.499
330 357.323 254.874
331 363.136 260.983
332 355.737 250.44
333 355.563 254.5
334 356.983 255.323
335 373.095 252.992
336 362.673 255.496
337 351.943 254.804
338 358.094 270.983
339 364.353 265.88
340 353.299 248.928
341 359.099 249.235
342 421.089 259.287
343 368.653 249.439
344 354.436 250.44
345 352.349 254.358
346 354.305 258.722
347 363.304 248.234
348 351.713 255.969
349 347.853 249.459
350 352.292 255.359
351 360.23 262.81
352 359.299 255.284
353 364.966 263.727
354 353.144 259.567
355 353.966 243.752
356 364.703 245.316
357 350.05 257.998
358 363.673 249.982
359 361.007 242.495
360 359.812 253.488
361 353.299 255.46
362 365.311 263.488
363 357.744 250.356
364 374.526 253.762
365 359.833 252.5
366 374.764 256.144
367 358.575 252.761
368 356.02 259.998
369 350.493 250.839
370 353.368 256.39
371 360.527 258.5
372 368.525 251.903
373 362.09 260.808
374 355.277 255.951
375 347.82 253.46
376 352.446 258.621
377 352.851 254.874
378 358.663 255.992
379 357.743 254.615
380 359.912 257.992
381 343.318 247.95
382 363.772 256.562
383 358.936 248.439
384 360 255.029
385 348.478 248.998
386 361.204 245.754
387 349.994 250.492
388 356.836 255.832
389 356.609 244.438
390 344.952 252.802
391 361.208 251.46
392 351.261 248.66
393 356.931 250.424
394 373.095 255.875
395 346.906 254.904
396 350.708 251.321
397 360.342 256.72
398 359.131 256.031
399 362.461 252.282
400 353.585 261.247
401 347.914 251.714
402 333.449 252.873
403 359.893 248.355
404 361.587 254.193
405 358.447 245.656
406 348.827 258.374
407 380.69 256.441
408 373.17 256.242
409 362.668 263.907
410 369.5 248.349
411 345.578 252.873
412 332.716 252.982
413 355.421 245.071
414 361.773 260.906
415 366.741 251.082
416 357.19 263.363
417 362.533 260.419
418 368.068 247.659
419 344.125 246.276
420 373.971 252.321
421 352.851 249.758
422 362.547 250.801
423 347.931 246.183
424 359.667 260.488
425 340.758 250.902
426 358.447 253.929
427 361.455 255.294
428 353.474 253.992
429 350.808 249.495
430 371.726 253.44
431 353.368 253.992
432 373.095 245.129
433 352.446 267.443
434 371.989 264.394
435 364.336 254.476
436 360.4 257.905
437 358.094 250.02
438 364.472 246.232
439 356.185 239.831
440 366.688 244.274
441 344.801 260.877
442 353.186 255.992
443 355.869 253.614
444 364.966 246.982
445 356.945 246.499
446 362.668 250.28
447 351.618 255.143
448 363.505 248.757
449 364.365 251.998
450 354.486 252.715
451 339.534 249.279
452 357.284 251.802
453 345.682 258.5
454 368.597 258.147
455 365.149 260.096
456 362.91 257.763
457 367.274 252.968
458 351.576 243.413
459 339.853 246.495
460 360.888 268.635
461 357.617 257.969
462 350.542 244.869
463 356.205 253.841
464 355.339 261.57
465 365.803 256.562
466 364.966 251.426
467 351.5 262.679
468 368.043 245.949
469 373.024 253.322
470 361.663 261.906
471 357.085 259.912
472 350.256 255.488
473 350.839 258.5
474 356.205 267.421
475 350.01 264.42
476 365.027 249.475
477 365.149 250.28
478 348.267 235.966
479 360.699 251.416
480 366.468 261.725
481 357.48 246.232
482 356.983 250.44
483 345.955 250.4
484 353.514 256.982
485 353.463 241.487
486 348.798 252.357
487 376.235 254.929
488 348.624 253.476
489 361.451 251.714
490 358.94 245.01
491 368.011 245.992
492 354.055 258.876
493 340.999 244.414
494 353.514 258.983
495 373.716 247.318
496 355.421 246.927
497 362.243 247.318
498 361.801 251.281
499 356.09 259.361
500 353.972 265.206
501 350.885 253.992
502 351.943 258.035
503 342.901 251.714
504 364.685 246.836
505 343.319 257.36
506 342.793 247.798
507 363.22 250.928
508 354.373 246.968
509 361.859 254.998
510 363.538 259.326
511 340.007 256.982
512 361.561 258.844
513 347.566 246.901
514 356.362 255.969
515 351.602 246.901
516 368.698 252.389
517 339.199 246.836
518 348.144 249.55
519 365.023 260.288
520 358.262 252.84
521 357.743 251.281
522 366.135 259.287
523 359.121 246.353
524 363.465 257.5
525 337.883 244.414
526 359.936 257.5
527 352.718 254.498
528 349.112 260.509
529 362.014 250.992
530 358.845 250.759
531 355.851 253.982
532 367.859 254.982
533 369.159 261.392
534 356.533 260.15
535 363.535 256.5
536 367.396 259.199
537 359.783 264.329
538 345.808 253.992
539 371.249 252.715
540 371.225 250.982
541 354.521 266.207
542 402.964 263.42
543 370.347 253
544 342.789 256.805
545 369.617 272.954
546 354.072 253.46
547 354.648 263.907
548 374.273 257.876
549 351.821 261.809
550 361.451 248.968
551 375.494 261.878
552 339.901 246.881
553 362.921 244.352
554 350.592 251.998
555 344.325 255.904
556 350.719 254.476
557 353.966 260.952
558 360.304 243.992
559 366.933 264.983
560 352.459 249.387
561 358.575 251.496
562 353.894 261.845
563 358.38 256.488
564 360.658 263.932
565 358.103 247.487
566 358.195 263.629
567 356.185 268.488
568 363.742 264.908
569 369.689 257.391
570 371.712 251.802
571 370.877 257.969
572 354.627 255.241
573 356.11 261.677
574 347.405 253.488
575 355.19 252.488
576 336.187 256.875
577 354.076 256.969
578 360.45 253.476
579 359.099 252.968
580 361.918 248.459
581 369.286 260.906
582 347.986 249.982
583 352.81 245.982
584 440.023 253.951
585 357.955 251.998
586 355.632 252.802
587 358.748 251.839
588 358.544 255.476
589 355.777 253.982
590 357.441 242.537
591 355.927 255.441
592 345.955 248.95
593 354.844 247.992
594 350.166 260.419
595 353.368 257.033
596 347.223 259.906
597 351.909 259.844
598 362.215 261.57
599 358.329 255.441
600 375.42 256.488
601 353.27 262.393
602 354.638 257.36
603 347.793 257.672
604 366.47 256.496
605 354.349 247.459
606 368.837 254.496
607 357.323 249.872
608 356.919 254.46
609 353.822 246.495
610 364 253.969
611 355.032 251.356
612 353.621 249.872
613 373.877 248.387
614 402.145 262.998
615 352.905 254.969
616 357.284 246.836
617 361.109 257.476
618 351.286 252.416
619 366.235 246.499
620 356.168 252.666
621 370.4 253.929
622 354.102 255.417
623 357.658 253.969
624 362.673 259.419
625 320.565 256.144
626 354.752 255.194
627 362.115 251.929
628 345.242 250.958
629 351.359 255.875
630 335.742 256.992
631 359.121 250.902
632 345.33 245.835
633 352.749 249.495
634 360.758 257.243
635 343.22 247.277
636 358.663 248.871
637 370.481 253.998
638 358.94 249.235
639 355.652 252.903
640 358.165 248.355
641 364.022 257.806
642 347.373 253.874
643 370.628 252.929
644 349.6 260.327
645 358.993 258.952
646 344.533 246.487
647 347.708 259.931
648 344.354 244.229
649 356.859 240.271
650 381.397 254.969
651 357.913 257.672
652 365.513 257.476
653 366.486 263.998
654 352.165 264.045
655 351.723 255.93
656 356.427 247.354
657 406.663 248.234
658 370.054 258.983
659 342.689 245.182
660 356.427 253.417
661 368.614 254.969
662 353.27 260.906
663 347.34 260.308
664 347.891 249.712
665 361.237 254.969
666 361.007 256.488
667 352.266 258.441
668 348.379 249.872
669 362.864 259.842
670 364.308 248.318
671 329.594 249.982
672 358.057 254.283
673 359.335 256.992
674 363.136 250.609
675 356.083 261.809
676 339.19 260.952
677 355.501 248.66
678 359.55 252.715
679 362.353 253.841
680 364.927 262.496
681 365.23 257.721
682 359.201 251.492
683 358.184 255.951
684 341.221 251.992
685 358.295 259.149
686 354.373 254.929
687 351.636 258.418
688 354.521 247.982
689 366.856 248.349
690 351.505 258.905
691 354.076 249.95
692 373.051 268.954
693 358.994 249.66
694 353.644 260.998
695 355.727 264.879
696 356.637 262.477
697 354.056 255.764
698 353.27 263.932
699 371.447 252.357
700 361.684 249.998
701 350.45 248.419
702 354.275 255.998
703 361.497 256.031
704 363.14 262.726
705 358.057 248.548
706 368.89 246.982
707 362.53 254.776
708 352.749 258.93
709 348.174 253.841
710 360.583 250.388
711 359.489 251.082
712 350.905 255.46
713 356.802 249.968
714 358.438 257.325
715 362.115 254.496
716 350.949 259.877
717 348.345 266.813
718 361.859 257.286
719 363.676 250.872
720 339.482 266.293
721 347.138 244.487
722 366.587 258.952
723 362.011 258.36
724 352.179 252.44
725 344.465 251.321
726 353.514 253.716
727 346.687 253
728 406.586 247.184
729 356.083 264.42
730 364.14 259.149
731 354.522 250.801
732 349.349 254.594
733 345.919 254.46
734 363.673 261.362
735 362.133 263.393
736 361.298 260.496
737 362.566 262.488
738 335.204 259.952
739 354.011 255.39
740 356.09 258.992
741 353.746 248.968
742 355.377 248.387
743 354.278 254.24
744 363.304 255.719
745 366.426 252.84
746 449.856 265.932
747 349.803 244.9
748 363.359 260.724
749 361.587 256.764
750 351.261 254.951
751 347.033 247.901
752 358.94 244.753
753 364.768 253.357
754 358.295 266.953
755 360.205 251.189
756 341.92 255.359
757 369.15 255.904
758 368.341 259.326
759 366.232 256.951
760 358.887 240.487
761 356.823 248.016
762 356.655 253.322
763 362.569 255.417
764 358.057 258.844
765 349.943 253.762
766 354.782 251.95
767 371.537 261.998
768 367.048 248.234
769 358.484 248.902
770 361.684 255.39
771 348.144 249.499
772 349.703 250.236
773 358.544 249.475
774 271.109 263.907
775 379.654 261.442
776 360.527 257.461
777 369.389 254.476
778 345.065 258.093
779 365.557 263.249
780 350.086 255.969
781 345.701 252.389
782 354.102 259.931
783 353.555 249.279
784 372.61 262.679
785 355.789 261.969
786 382.667 251.44
787 370.788 259.931
788 338.757 253.969
789 357.301 240.383
790 353.73 253.969
791 371.809 259.442
792 354.024 258.093
793 356.791 242.596
794 363.249 251.903
795 355.015 243.499
796 354.33 253.998
797 362.014 261.392
798 371.625 244.796
799 350.611 255.194
800 348.698 254.193
801 356.98 254.841
802 349.604 249.487
803 363.467 253.929
804 366.235 251.388
805 365.027 246.459
806 357.384 255.982
807 339.09 249.992
808 372.411 261.906
809 361.587 245.927
810 356.285 251.488
811 353.17 266.488
812 365.294 252.46
813 352.062 257.876
814 345.808 261.906
815 351.261 252.895
816 357.386 258.488
817 364.849 255.805
818 365.781 258.969
819 359.032 252.84
820 367.778 243.982
821 367.443 260.288
822 360.4 251.714
823 362.91 264.443
824 352.704 266.364
825 356.741 260.979
826 365.003 263.154
827 346.526 247.277
828 351.172 253
829 354.923 256.998
830 375.233 252.282
831 357.571 256.842
832 356.511 251.356
833 359.199 257.146
834 346.367 258.391
835 355.18 268.496
836 362.215 262.932
837 363.304 263.42
838 347.664 262.5
839 362.668 248.813
840 367.978 244.982
841 365.034 254.46
842 361.04 252.222
843 351.248 259.496
844 362.91 260.361
845 358.195 256.461
846 351.636 250.663
847 362.566 255.488
848 345.326 262.442
849 351.636 258.287
850 360.562 256.09
851 352.969 259.392
852 368.624 249.662
853 362.843 236.39
854 359.667 264.462
855 348.624 252.357
856 354.752 249.277
857 341.782 257.461
858 358.748 261.488
859 353.27 242.438
860 360.2 252.44
861 361.259 265.292
862 365.923 253.43
863 355.64 261.461
864 349.044 262.248
865 353.517 259.361
866 358.295 254.087
867 359.797 267.159
868 360.375 249.928
869 359.437 261.931
870 352.739 256.875
871 347.241 246.386
872 343.235 256.324
873 361.331 260.877
874 358.887 254.992
875 368.475 261.362
876 353.047 261.477
877 359.667 253.085
878 359.444 251.903
879 339.323 253.982
880 356.875 260.361
881 340.154 255.441
882 356.738 259
883 345.384 256.425
884 349.994 249.319
885 361.392 254.323
886 363.359 248.487
887 363.048 253.992
888 356.98 249.872
889 367.886 260.038
890 348.534 246.755
891 361.587 240.312
892 355.82 254.804
893 358.288 253.46
894 365.075 259.476
895 365.371 248.234
896 358.777 261.419
897 363.048 273.911
898 361.796 241.793
899 359.291 253.803
900 364.966 259.442
901 362.921 254.488
902 354.655 252.357
903 347.241 254.24
904 353.631 260.038
905 347.249 248.487
906 354.175 254.992
907 381.563 254.488
908 353.966 254.668
909 350.45 249.319
910 354.728 256.5
911 368.261 247.487
912 362.921 247.639
913 456.587 249.018
914 357.211 257.391
915 364.464 243.179
916 351.128 257.905
917 349.68 246.13
918 348.345 260.488
919 361.007 250.902
920 353.098 252.84
921 357.323 254.763
922 357.743 254.417
923 445.295 260.992
924 365.371 260.419
925 355.066 253.44
926 356.859 255.5
927 354.435 249.8
928 353.746 259.376
929 348.981 253.5
930 352.884 258.418
931 358.295 249.355
932 444.081 259.969
933 354.72 247.95
934 341.347 252.998
935 351.636 246.353
936 362.678 260.931
937 369.876 253.716
938 348.797 263.574
939 347.373 244.182
940 350.256 256.461
941 361.237 259.675
942 338.848 258.441
943 346.872 252.802
944 356.205 260.845
945 363.535 248.982
946 372.486 247.837
947 351.128 259.199
948 357.986 255.359
949 348.937 248.016
950 356.321 249.351
951 355.28 253.673
952 354.817 257.033
953 358.668 256.144
954 367.693 254.476
955 368.239 256.969
956 365.772 260.392
957 352.31 254.841
958 363.12 256.761
959 346.257 249.279
960 362.115 256.496
961 358.288 251.5
962 370.849 252.992
963 358.575 251.189
964 346.341 248.837
965 353.186 249.459
966 357.284 252.321
967 358.195 257.721
968 369.506 260.419
969 359.265 270.496
970 355.869 263.983
971 366.246 268.864
972 438.045 253.874
973 362.864 255.832
974 360.45 244.9
975 362.501 254.5
976 368.043 254.476
977 352.829 247.798
978 354.584 251.123
979 363.808 257.721
980 367.312 262.679
981 369.711 265.394
982 346.687 247.386
983 367.696 253.389
984 364.464 267.522
985 368.475 250.982
986 359.11 255.366
987 367.43 248.349
988 359.201 249.872
989 358.295 251.5
990 355.737 250.202
991 356.076 257.983
992 370.153 263.488
993 361.905 253.361
994 364.231 259.952
995 360.992 249.487
996 364.125 251.929
997 364.472 265.292
998 353.712 257.992
999 346.477 248.475
1000 339.597 249.279
1001 344.913 247.992
1002 354.175 249.902
1003 352.704 253.762
1004 369.986 256.5
1005 353.368 253.46
1006 362.591 262.383
1007 340.059 259.767
1008 347.973 247.318
1009 373.489 241.651
1010 346.79 255.982
1011 351.943 249.487
1012 352.718 248.837
1013 369.703 258.496
1014 343.862 249.838
1015 365.478 250.839
1016 370.246 243.413
1017 358.288 253.841
1018 359.192 253.44
1019 363.017 247.653
1020 346.477 261.461
1021 367.859 261.04
1022 361.83 249.475
1023 372.193 255.998
1024 359.489 253.874
1025 367.936 253.951
1026 356.609 271.954
1027 353.368 254.992
1028 354.522 254.441
1029 357.539 245.459
1030 358.447 245.071
1031 356.836 249.992
1032 349.943 250.32
1033 359.45 255.998
1034 360.789 258.992
1035 363.681 252.982
1036 350.28 257.033
1037 350.174 248
1038 362.678 261.201
1039 358.748 258.035
1040 358.295 250.839
1041 366.517 255.875
1042 359.45 259.969
1043 357.126 250.902
1044 358.218 254.874
1045 370.405 250.95
1046 350.611 259.442
1047 357.488 249.608
1048 372.253 252.84
1049 353.514 254.291
1050 360.062 257.5
1051 365.144 245.835
1052 364.323 241
1053 362.301 258.93
1054 354.467 257.765
1055 358.748 250.496
1056 347.931 262.5
1057 374.823 249.487
1058 354.373 249.135
1059 368.549 252.929
1060 356.968 250.5
1061 339.323 248.355
1062 362.13 265.251
1063 374.003 256.359
1064 354.076 247.495
1065 365.467 256.875
1066 342.004 252.282
1067 346.329 258.287
1068 344.07 264.045
1069 359.265 250.488
1070 370.292 249.838
1071 358.777 254.283
1072 355.644 243.992
1073 351.955 247.927
1074 359.395 243.413
1075 358.994 253.476
1076 347.82 258.93
1077 360.677 263.203
1078 350.049 255.617
1079 351.723 247.499
1080 358.748 257.146
1081 335.628 251.929
1082 365.13 255.842
1083 365.606 253.13
1084 364.225 259.442
1085 371.225 250.476
1086 349.112 264.998
1087 350.174 245.487
1088 353.115 256
1089 355.204 248.185
1090 362.133 245.129
1091 355.421 246.797
1092 355.789 252.282
1093 365.82 246.487
1094 353.368 253.026
1095 354.521 259.287
1096 412.17 255.875
1097 360.755 248.95
1098 366.314 262.97
1099 357.927 253.44
1100 361.961 258.505
1101 343.22 250.902
1102 367.61 255.435
1103 360.074 247.952
1104 360.323 248.439
1105 279.172 268.332
1106 363.535 260.808
1107 353.186 252.024
1108 352.062 261.289
1109 364.353 258.461
1110 355.083 259.808
1111 359.444 241.833
1112 353.432 247.837
1113 354.192 259.983
1114 355.077 260.419
1115 367.038 271
1116 363.136 254.763
1117 368.054 255.5
1118 355.359 251.903
1119 352.403 250.496
1120 359.751 265.456
1121 366.688 258.983
1122 353.016 248.968
1123 349.9 252.5
1124 370.628 258.36
1125 347.033 251.746
1126 304.168 261
1127 352.511 246.901
1128 359.541 242.384
1129 366.786 260.288
1130 360.899 248.487
1131 347.702 253.969
1132 344.354 250.356
1133 364.387 249.355
1134 359.653 259.496
1135 361.136 251.5
1136 355.193 259.952
1137 366.856 261.381
1138 353.186 252.802
1139 349.6 258.36
1140 355.199 258.93
1141 368.321 251.998
1142 371.625 265.518
1143 354.768 248.992
1144 359.893 253.085
1145 339.853 253.998
1146 346.246 253.5
1147 357.48 260.308
1148 354.631 247.318
1149 359.812 253.389
1150 356.185 249.968
1151 364.598 256.992
1152 348.039 244.315
1153 353.712 263.727
1154 352.061 252.389
1155 343.68 254.717
1156 353.918 251.388
1157 361.455 250.95
1158 355.286 251.237
1159 348.827 252.19
1160 360.888 258.441
1161 357.365 263.443
1162 366.587 264.329
1163 367.608 247.075
1164 364.125 252.612
1165 376.497 262.572
1166 363.555 242.926
1167 361.298 264.42
1168 363.304 253.322
1169 356.205 258.689
1170 360.677 260.724
1171 355.377 257.325
1172 348.792 248.992
1173 347.127 245.967
1174 357.927 254.992
1175 360.855 261.952
1176 352.061 254.558
1177 364.472 255.029
1178 362.13 250.32
1179 363.136 261.327
1180 357.659 249.998
1181 347.138 252.84
1182 352.312 254.951
1183 356.476 253.904
1184 347.931 260.845
1185 352.718 247.075
1186 349.112 241.226
1187 362.13 253.357
1188 350.371 263.477
1189 343.118 248.185
1190 371.935 263.953
1191 359.207 248.016
1192 355.015 250.388
1193 353.631 258.84
1194 345.578 252.024
1195 360.267 257.325
1196 352.64 264.155
1197 363.676 248.548
1198 364.323 254.874
1199 358.438 246.353
1200 367.937 248.998
1201 359.505 250.609
1202 347.436 255.67
1203 355.359 252.968
1204 360.677 258.766
1205 338.718 255.435
1206 352.165 260.461
1207 352.292 252.416
1208 359.525 239.862
1209 371.965 269.496
1210 370.707 258.36
1211 355.28 256.562
1212 351.844 245
1213 363.846 258.84
1214 349.857 256.805
1215 364.417 248.278
1216 356.655 254.841
1217 349.806 253.898
1218 361.522 259.392
1219 359.912 264.244
1220 354.024 252.46
1221 363.962 260.461
1222 367.721 253.44
1223 363.136 257.843
1224 357.488 257.476
1225 356.205 269.687
1226 357.539 251.998
1227 357.357 259.952
1228 355.077 256.562
1229 354.521 245.949
1230 355.563 258.287
1231 357.049 252.321
1232 359.55 247.459
1233 351.618 257.973
1234 359.06 257.286
1235 358.751 249.998
1236 358.195 259.287
1237 360.789 249.928
1238 359.45 261.626
1239 344.639 252.587
1240 361.895 254.874
1241 355.733 251.968
1242 352.292 250.236
1243 361.671 231.045
1244 360.036 253.192
1245 372.022 253.841
1246 351.298 256.359
1247 264.072 263.847
1248 364.255 249.475
1249 358.915 251.982
1250 353.712 244.352
1251 361.859 249.279
1252 349.806 254.998
1253 356.317 259.912
1254 356.655 251.664
1255 377.425 266.848
1256 365.36 265.812
1257 354.827 255.359
1258 371.746 252.024
1259 370.054 249.351
1260 361.649 253.841
1261 372.411 258.93
1262 348.937 254.028
1263 352.507 247.487
1264 355.497 249.279
1265 356.09 249.928
1266 350.174 256.476
1267 364.873 244.982
1268 361.269 248.992
1269 377.73 258.36
1270 360.45 261.151
1271 351.845 260.361
1272 353.299 257.476
1273 354.897 253.46
1274 360.205 257.672
1275 359.753 246.87
1276 356.09 258.488
1277 358.117 249.872
1278 348.99 253.389
1279 354.817 265.5
1280 354.965 249.968
1281 356.348 250.136
1282 367.008 254.717
1283 349.044 253.085
1284 356.567 260.361
1285 347.53 249.838
1286 353.966 249.135
1287 355.594 254.982
1288 355.869 247.992
1289 361.762 259.326
1290 373.363 260.488
1291 353.409 251.982
1292 358.83 259.392
1293 363.868 248.992
1294 356.655 260.496
1295 355.831 253.361
1296 349.112 248.95
1297 363.384 257.418
1298 359.06 249.187
1299 357.906 262.998
1300 356.185 257.806
1301 363.12 247.837
1302 360.658 260.992
1303 366.148 272.993
1304 374.027 254.087
1305 355.545 252.44
1306 372.083 252.903
1307 355.652 269.488
1308 359.256 249.95
1309 347.34 245.947
1310 358.544 248.487
1311 352.576 252.84
1312 361.404 256.441
1313 358.994 261.419
1314 351.648 259.245
1315 365.145 257.564
1316 358.117 259.392
1317 359.399 251.893
1318 374.872 266.5
1319 365.478 249.662
1320 367.08 253.085
1321 350.542 257.224
1322 351.056 247.499
1323 368.89 260.392
1324 363.222 250.982
1325 355.311 260.845
1326 366.332 247.483
1327 362.381 251.283
1328 361.561 260.969
1329 368.321 238.967
1330 347.931 260.808
1331 353.822 245.707
1332 352.96 257.983
1333 354.415 258.565
1334 368.145 253.874
1335 350.542 275.739
1336 362.409 251.968
1337 363.978 256.285
1338 362.843 250.992
1339 358.887 244.315
1340 364.073 249.95
1341 353.007 254.804
1342 345.022 247.982
1343 363.696 249.135
1344 350.154 251.281
1345 366.314 249.928
1346 365.422 258.621
1347 380.572 257.672
1348 371.712 250.982
1349 358.094 255.617
1350 360.583 258.952
1351 349.256 250.44
1352 349.082 243.487
1353 352.263 248.499
1354 354.901 261.442
1355 358.625 248.757
1356 366.692 259.526
1357 366.786 251.5
1358 358.83 257.969
1359 355.978 255.719
1360 373.561 252.44
1361 365.82 258.418
1362 357.744 263.329
1363 357.936 258.621
1364 352.363 253.476
1365 354.849 252.761
1366 351.178 254.323
1367 354.863 248.992
1368 372.227 258.198
1369 343.235 259.912
1370 360.6 246
1371 350.354 254.763
1372 354.627 254.24
1373 356.931 256.437
1374 362.566 258.36
1375 351.5 248.387
1376 368.931 248.837
1377 362.957 254.417
1378 366.931 265.292
1379 348.99 267.421
1380 356.637 254
1381 370.327 253.476
1382 351.027 257.806
1383 357.841 264.443
1384 354.844 260.419
1385 355.311 258.198
1386 365.803 250.992
1387 342.867 251.356
1388 360.45 255.194
1389 344.674 257.843
1390 359.395 258.992
1391 346.886 254.763
1392 350.28 255.719
1393 349.349 254.028
1394 363.978 255.366
1395 358.993 258.227
1396 364.225 246.901
1397 353.144 261.362
1398 348.895 244.706
1399 353.621 256.618
1400 366.483 247.95
1401 340.1 257.239
1402 355.28 262.442
1403 351.723 259.392
1404 359.372 263.154
1405 358.028 256.285
1406 369.329 248.499
1407 368.525 242.351
1408 362.767 252.555
1409 355.851 253.904
1410 363.409 248.757
1411 343.15 247.901
1412 356.859 247.659
1413 357.571 244.927
1414 348.267 252.929
1415 362.271 256.359
1416 347.42 256.5
1417 362.591 247.132
1418 361.801 263.477
1419 362.781 250.839
1420 350.839 249.998
1421 349.296 252.494
1422 346.79 266.477
1423 356.362 250.902
1424 356.225 263.68
1425 364.143 255.088
1426 353.621 252.127
1427 346.393 257.496
1428 354.305 253.803
1429 356.535 256.359
1430 371.16 251.189
1431 344.608 254.087
1432 364.14 258.244
1433 350.154 258.244
1434 365.479 262.907
1435 352.136 242.652
1436 367.939 253.5
1437 356.931 254.969
1438 334.245 262.362
1439 363.048 256.5
1440 361.007 259.392
1441 351.955 253.904
1442 361.451 260
1443 364.472 262.442
1444 346.02 251.952
1445 367.685 260.476
1446 360.104 248.459
1447 353.27 253.716
1448 358.391 249.928
1449 368.494 255.842
1450 371.447 248.95
1451 356.589 261.906
1452 348.441 252.715
1453 365.803 265.998
1454 404.401 253.752
1455 351.547 254.441
1456 352.817 251.76
1457 358.845 252
1458 353.746 258.287
1459 369.551 254.193
1460 348.594 256.842
1461 351.397 255.842
1462 368.944 252.488
1463 361.107 250.663
1464 361.801 259.992
1465 350.28 265.104
1466 353.621 247.415
1467 347.436 248.459
1468 346.477 246.998
1469 352.507 245.797
1470 375.343 251.929
1471 365.262 251.44
1472 367.472 251.356
1473 369.529 254.476
1474 367.886 244.01
1475 365.688 260.569
1476 364.286 256.441
1477 349.703 246.927
1478 363.909 246.992
1479 352.616 247.901
1480 371.447 260.724
1481 347.62 259.723
1482 364.052 257.969
1483 366.34 259.199
1484 367.521 257.983
1485 368.814 242.992
1486 354.72 258.992
1487 363.136 248.419
1488 355.049 248.886
1489 348.039 251.929
1490 352.033 257.461
1491 358.544 254.804
1492 361.455 249.982
1493 368.939 258.287
1494 353.582 255.992
1495 355.632 257.672
1496 368.145 251.96
1497 369.014 263.477
1498 337.31 247.952
1499 351.576 249.415
1500 347.373 259.906
1501 354.584 259.488
1502 356.476 253.5
1503 356.281 263.515
1504 358.647 245.316
1505 340.861 242.066
1506 357.423 255.284
1507 349.703 256.618
1508 356.655 255.029
1509 370.162 253.965
1510 349.149 251.839
1511 370.162 253.389
1512 343.562 246.87
1513 354.897 256.09
1514 360.992 251.476
1515 358.438 258.992
1516 358.94 255.904
1517 360.837 262.248
1518 363.805 272.444
1519 360.583 245.982
1520 357.323 243.495
1521 358.575 256.671
1522 363.607 261
1523 353.621 249.872
1524 367.14 255.5
1525 340.735 256.905
1526 354.972 251.321
1527 360.766 252.67
1528 352.95 253.282
1529 357.097 242.794
1530 349.538 252.951
1531 369.15 254.874
1532 368.494 250.759
1533 355.18 246
1534 364.143 264.204
1535 359.291 246.183
1536 348.999 250.46
1537 366.903 250.02
1538 356.903 247.883
1539 332.391 255.476
1540 356.02 253.992
1541 359.224 248.95
1542 365.478 248.606
1543 354.752 240.649
1544 357.989 256.951
1545 355.377 258.36
1546 356.083 251.968
1547 352.403 248.95
1548 362.74 254.763
1549 357.936 250.902
1550 363.409 246.073
1551 369.439 254.488
1552 369.061 237.645
1553 368.795 261.952
1554 362.566 252
1555 356.476 256.195
1556 346.687 257.36
1557 356.651 241.226
1558 349.349 247.318
1559 359.751 244.998
1560 345.326 257.765
1561 359.944 243.795
1562 319.853 249.078
1563 370.246 254.929
1564 352.459 251.873
1565 361.123 264.045
1566 374.206 245.316
1567 353.631 249.55
1568 359.201 252.46
1569 358.218 260.969
1570 354.011 253.192
1571 344.687 256.476
1572 347.79 259.623
1573 345.808 262.679
1574 354.305 256.5
1575 357.771 251.5
1576 351.875 261.992
1577 344.891 253.992
1578 349.881 253.998
1579 363.318 249.235
1580 363.681 255.359
1581 373.545 250.354
1582 351.454 251.44
1583 353.644 246.836
1584 365.311 257.969
1585 344.697 265.848
1586 350.632 255.143
1587 376.808 260.461
1588 347.79 263.329
1589 352.403 247.318
1590 362.218 249.998
1591 353.894 250.236
1592 354.047 256.359
1593 361.237 252.321
1594 349.96 249.439
1595 352.183 250.46
1596 363.505 247.871
1597 369.942 251.488
1598 366.786 243.475
1599 361.208 265.206
1600 358.887 251.488
1601 356.979 253.992
1602 356.168 249.928
1603 374.075 247.075
1604 369.602 257.441
1605 353.186 246.487
1606 365.893 257.391
1607 353.27 240.458
1608 374.176 254.615
1609 353.186 250.136
1610 352.061 254.929
1611 351.426 256.39
1612 357.539 251.802
1613 348.99 251.714
1614 357.29 260.906
1615 372.411 258.983
1616 369.049 260.724
1617 347.033 258.325
1618 360.855 257.905
1619 350.839 247.871
1620 363.098 255.488
1621 344.016 254.982
1622 352.851 247.968
1623 353.067 265.292
1624 340.999 262.97
1625 358.204 255.46
1626 357.357 244.495
1627 352.062 259.998
1628 361.109 238.992
1629 350.28 258.844
1630 351.807 255.904
1631 349.082 256.72
1632 300.963 264.932
1633 361.455 258.807
1634 354.627 246
1635 355.978 250.28
1636 345.682 254.46
1637 357.323 261.626
1638 366.715 244.9
1639 338.325 236.981
1640 348.798 266.293
1641 357.881 249.998
1642 354.278 257.969
1643 361.859 245.275
1644 343.562 251.968
1645 364.353 261.236
1646 354.521 253.476
1647 354.275 254.087
1648 355.106 252.992
1649 349.643 249.439
1650 370.594 239.061
1651 356.765 252.968
1652 352.094 262.97
1653 358.994 252.389
1654 358.994 255.805
1655 348.713 259.808
1656 352.179 254.358
1657 357.571 254.904
1658 341.645 261.906
1659 361.378 247.132
1660 355.077 257.564
1661 346.477 256.982
1662 361.065 262.202
1663 363.742 254.323
1664 354.925 257.952
1665 378.19 257.992
1666 372.411 255.904
1667 362.133 252.476
1668 364.225 252.555
1669 349.042 252.416
1670 366.688 258.766
1671 344.465 246.87
1672 347.986 247.95
1673 369.345 246.968
1674 350.719 263.574
1675 368.982 254.46
1676 348.937 257.033
1677 347.664 250.354
1678 349.239 261.57
1679 356.979 260.496
1680 358.748 246.495
1681 368.698 259.723
1682 354.827 260.308
1683 356.213 255.284
1684 354.373 252.992
1685 366.332 254.417
1686 353.758 267.998
1687 346.41 258.147
1688 363.304 253.496
1689 361.347 252.024
1690 353.338 249.135
1691 363.765 262.099
1692 368.344 257.998
1693 351.056 256.496
1694 354.734 259.361
1695 349.497 243.179
1696 353.822 249.982
1697 373.613 257.998
1698 367.75 253.192
1699 360.211 253.992
1700 356.979 244.459
1701 351.178 257
1702 366.741 250.609
1703 366.974 255.875
1704 362.338 259.444
1705 362.657 252.5
1706 359.671 246.481
1707 361.859 245.927
1708 358.028 251.44
1709 372.165 262.477
1710 341.555 252.389
1711 354.435 259.675
1712 348.276 253.357
1713 348.878 243.967
1714 366.483 259.931
1715 357.386 261.969
1716 354.627 253.904
1717 357.743 242.794
1718 343.348 254.323
1719 358.994 258.844
1720 365.145 253.239
1721 360.821 262.477
1722 373.716 246.386
1723 365.541 261.906
1724 370.35 250.49
1725 349.159 258.441
1726 355.066 242.273
1727 353.918 260.992
1728 349.159 260.246
1729 355.727 263.811
1730 352.576 248.711
1731 355.758 254.9
1732 360.527 256.441
1733 354.436 251.44
1734 357.088 260.969
1735 356.083 257.441
1736 285.542 238.992
1737 358.663 258.844
1738 360.562 251.95
1739 367.75 264.983
1740 361.455 264.728
1741 354.189 253.557
1742 365.68 254.496
1743 342.183 246.949
1744 364.052 251.5
1745 361.497 249.838
1746 356.533 255.241
1747 453.467 253.43
1748 355.083 254.998
1749 351.943 260.476
1750 357.097 253.43
1751 352.446 249.495
1752 371.809 262.846
1753 353.907 260.5
1754 355.204 253.716
1755 365.39 249.135
1756 370.155 248.95
1757 359.395 263.393
1758 367.696 252.715
1759 363.12 256.764
1760 346.7 259.361
1761 364.365 259.992
1762 354.521 254.982
1763 359.032 252.84
1764 291.788 250.46
1765 359.45 247.132
1766 360.104 253.14
1767 358.887 248
1768 357.986 260.379
1769 364.723 239.998
1770 360 254.433
1771 353.585 253.192
1772 358.993 244.753
1773 361.684 243.998
1774 344.238 254.763
1775 362.381 261.969
1776 357.284 263.363
1777 354.925 260.446
1778 350.428 247.487
1779 366.232 261.878
1780 361.04 235.642
1781 349.445 250.08
1782 355.193 246.544
1783 356.439 258.325
1784 342.768 249
1785 369.175 255.029
1786 343.118 248.349
1787 348.267 251.496
1788 367.253 246.232
1789 372.794 249.279
1790 361.215 255.982
1791 362.864 255.764
1792 366.602 252.951
1793 355.377 250.236
1794 368.728 261.461
1795 366.692 255.764
1796 360.211 265.089
1797 362.218 255.294
1798 361.587 263
1799 349.716 255.842
1800 368.321 243.068
1801 349.803 258.905
1802 359.291 255.441
1803 357.235 256.09
1804 344.913 255.56
1805 354.02 260.969
1806 354.638 256.951
1807 356.382 255.417
1808 352.969 254.5
1809 353.435 248.499
1810 360.899 263.879
1811 369.478 253.357
1812 383.578 254.982
1813 368.549 252.416
1814 359.989 258.093
1815 354.965 254.951
1816 347.249 244.229
1817 364.336 246.439
1818 369.284 251.553
1819 351.303 256.905
1820 344.404 242.487
1821 360.755 252.982
1822 359.783 255.764
1823 357.571 253.476
1824 366.804 252.666
1825 359.498 252.19
1826 369.345 244.459
1827 363.847 261.496
1828 357.088 258.844
1829 352.386 254.841
1830 351.261 258.992
1831 351.261 263.203
1832 370.621 258.36
1833 356.185 256.671
1834 356.516 255.5
1835 359.653 248.016
1836 349.551 249.55
1837 362.215 259.998
1838 361.215 247.901
1839 356.945 251.416
1840 358.103 259.877
1841 368.494 248.495
1842 352.704 261.983
1843 362.997 253.46
1844 350.999 262.97
1845 376.433 248.992
1846 360.888 248.133
1847 361.83 257.672
1848 343.057 245.754
1849 360.758 262.153
1850 358.936 245.992
1851 354.175 247.318
1852 355.161 254.763
1853 361.587 244.949
1854 362.957 268.686
1855 358.438 253.5
1856 351.943 240.998
1857 374.166 243.259
1858 362.839 256.982
1859 369.8 253.951
1860 352.061 265.953
1861 351.056 252.496
1862 356.738 259.877
1863 349.339 260.327
1864 362.921 250.136
1865 354.349 254.929
1866 365.595 250.839
1867 347.833 254.46
1868 352.851 260.992
1869 380.05 267.862
1870 356.415 252.476
1871 364.275 246.998
1872 353.73 241.998
1873 344.323 257.196
1874 370.608 258.147
1875 356.98 257.286
1876 357.223 253.762
1877 349.349 243.499
1878 367.886 257.62
1879 359.733 250.28
1880 353.514 267.488
1881 366.741 257.721
1882 366.06 258.5
1883 362.301 253.969
1884 356.382 255.46
1885 362.591 247.014
1886 367.217 251.839
1887 368.083 255.46
1888 368.145 256.842
1889 368.187 257.837
1890 321.411 249.608
1891 350.611 253.13
1892 361.277 251.95
1893 360.514 260.624
1894 461.405 256.242
1895 359.291 253.239
1896 370.788 256.285
1897 349.251 252.612
1898 343.366 258.983
1899 357.488 247.95
1900 376.098 253.46
1901 356.205 253.417
1902 360.758 250.416
1903 352.061 241.35
1904 350.12 240.981
1905 355.831 253.982
1906 346.782 243.228
1907 366.933 252.903
1908 358.748 254.841
1909 354.056 264.25
1910 358.43 264.329
1911 353.894 256.359
1912 354.467 249.982
1913 363.142 251.388
1914 343.511 256.951
1915 354.274 258.674
1916 355.193 249.982
1917 361.84 256.951
1918 357.379 245.414
1919 364.022 248.415
1920 345.955 245.129
1921 361.953 259.326
1922 370.4 258.766
1923 357.323 258.998
1924 365.595 252.357
1925 350.154 254.558
1926 363.765 259.326
1927 373.095 249.888
1928 366.148 251.664
1929 352.003 258.488
1930 361.204 257.721
1931 349.68 244.315
1932 350.256 257.091
1933 349.494 261.461
1934 354.373 256.324
1935 357.658 268.254
1936 353.368 257.243
1937 346.655 248.185
1938 354.631 248.982
1939 346.02 261.392
1940 357.793 252.416
1941 353.27 257.196
1942 375.633 257.36
1943 364.052 261.57
1944 359.032 254.982
1945 368.054 247.495
1946 357.113 250.356
1947 352.727 245.87
1948 357.771 249.03
1949 354.782 255.992
1950 374.371 258.441
1951 361.994 253.716
1952 351.667 259.723
1953 364.308 258.93
1954 367.15 255.488
1955 359.099 246.317
1956 350.354 254.904
1957 345.774 254.134
1958 347.891 250.08
1959 359.85 243.834
1960 355.82 257.243
1961 359.505 262.846
1962 363.22 255.764
1963 363.249 264.63
1964 353.144 246.439
1965 362.381 263.847
1966 348.937 248.799
1967 355.438 257.5
1968 360.67 257.5
1969 352.829 256.875
1970 353.067 259.361
1971 356.655 244.315
1972 349.494 256.324
1973 362.668 255.904
1974 363.22 260.246
1975 357.097 258.766
1976 355.725 260.071
1977 348.488 267.477
1978 357.088 248.837
1979 365.229 250.136
1980 356.382 258.909
1981 358.748 245.182
1982 359.11 248.459
1983 350.999 261.845
1984 361.796 252.416
1985 346.488 252.968
1986 360.23 243.179
1987 348.167 252.428
1988 361.347 252.496
1989 365.683 248.185
1990 353.631 252.715
1991 357.433 252.389
1992 357.936 248.871
1993 366.931 244.127
1994 450.104 258.905
1995 366.826 253.476
1996 358.43 262.932
1997 340.984 257.033
1998 359.671 257.905
1999 350.726 245.231
2000 361.773 252.19
2001 351.888 260.308
2002 357.986 258.983
2003 367.693 247.386
2004 352.884 250.476
2005 365.229 250.982
2006 351.713 249.078
2007 357.617 243.499
2008 366.856 258.969
2009 357.323 258.496
2010 368.321 247.354
2011 359.55 245.982
2012 358.103 255.951
2013 363.048 258.722
2014 361.404 253.874
2015 351.888 259.419
2016 356.476 252.982
2017 352.507 251.46
2018 373.631 257.243
2019 343.379 243.438
2020 348.039 259.952
2021 353.894 254.364
2022 359.192 252.139
2023 342.946 253.239
2024 361.123 251.237
2025 352.817 249.928
2026 356.875 250.902
2027 356.609 249
2028 365.709 247.318
2029 349.033 250.5
2030 355.869 255.39
2031 350.905 250.928
2032 366.517 253.085
2033 348.478 263.462
2034 365.453 258.807
2035 357.659 266.458
2036 368.219 254.323
2037 361.298 252.761
2038 363.916 253.992
2039 358.366 249.499
2040 350.256 259.461
2041 355.632 246.475
2042 354.638 256.441
2043 364.777 260.877
2044 348.798 261.906
2045 362.068 251.95
2046 348.138 251.44
2047 358.438 247.386
2048 364.052 246.439
2049 369.942 263.462
2050 352.062 248.387
2051 359.541 265.443
2052 447.562 250.982
2053 361.347 254.804
2054 358.993 247.982
2055 359.751 251.95
2056 360.4 252.555
2057 354.278 254.5
2058 366.901 253.803
2059 366.426 253.488
2060 364.966 245.385
2061 352.165 251.46
2062 372.999 263.329
2063 364.979 251.356
2064 354.521 252.612
2065 357.097 261.362
2066 373.489 258.84
2067 350.12 256.998
2068 357.813 259.675
2069 349.571 250.354
2070 342.342 249.608
2071 363.304 255.617
2072 352.891 259.877
2073 353.966 259.037
2074 368.982 262.153
2075 346.432 250.356
2076 365.229 253.476
2077 368.494 257.5
2078 352.95 252.998
2079 352.363 246.927
2080 355.91 252.321
2081 359.06 247.798
2082 367.173 256.618
2083 347.875 266.496
2084 360.45 255.992
2085 355.652 251.893
2086 362.133 246.927
2087 363.304 263.629
2088 362.133 250.388
2089 358.575 250.968
2090 346.526 256.93
2091 358.218 245.982
2092 345.955 252.494
2093 334.716 248.982
2094 354.787 249.355
2095 362.668 257.224
2096 352.446 239.495
2097 356.041 249.459
2098 359.671 247.901
2099 350.256 249.459
2100 355.106 241.226
2101 336.262 264.847
2102 348.573 251.664
2103 373.164 252.024
2104 351.845 251.416
2105 353.454 249.487
2106 358.53 251.123
2107 350.391 252.903
2108 349.929 250.902
2109 355.869 253.46
2110 356.415 256.488
2111 362.09 257.441
2112 353.972 248.318
2113 364.576 243.487
2114 380.791 256.93
2115 356.09 250.28
2116 359.783 252.761
2117 362.668 256.441
2118 370.088 260.496
2119 344.199 255.284
2120 348.144 257.36
2121 353.463 251.496
2122 366.426 266.293
2123 283.757 243.705
2124 359.399 252.968
2125 356.516 242.899
2126 359.395 247.992
2127 347.589 257.488
2128 354.278 246.927
2129 361.696 255.029
2130 360.25 252.982
2131 365.114 253.904
2132 358.103 248.439
2133 359.753 250.496
2134 353.368 238.83
2135 359.505 254.951
2136 353.621 247.495
2137 352.95 255.904
2138 358.94 263.044
2139 363.277 252.802
2140 356.362 257.196
2141 355.199 245.949
2142 352.511 256.441
2143 359.944 253.762
2144 352.761 264.462
2145 362.501 261.461
2146 433.117 253.085
2147 356.567 264.488
2148 346.488 258.505
2149 362.014 247.998
2150 376.924 251.998
2151 360.211 262.42
2152 357.386 254.841
2153 349.833 248.419
2154 352.182 258.5
2155 350.632 256.437
2156 359.667 259.844
2157 342.789 251.416
2158 344.865 245.9
2159 369.249 253.841
2160 360.375 252.761
2161 359.11 253.874
2162 358.117 255.951
2163 356.791 240.437
2164 355.831 252.903
2165 346.464 253.085
2166 351.303 246.439
2167 339.208 254.441
2168 359.833 261.151
2169 370.181 253.5
2170 367.43 246.836
2171 342.053 262.328
2172 356.197 252.44
2173 329.7 257.033
2174 350.885 252.416
2175 360.992 251.95
2176 363.467 257.36
2177 363.571 259.476
2178 355.359 264.443
2179 447.171 259.952
2180 367.178 261.725
2181 347.79 253.998
2182 356.317 255.359
2183 348.167 247.982
2184 426.943 247.277
2185 348.103 257.091
2186 349.994 244.385
2187 356.382 241.475
2188 346.427 249.95
2189 356.09 255.56
2190 350.632 252.5
2191 349.149 252.46
2192 353.621 261.511
2193 358.309 267.488
2194 349.349 250.136
2195 355.587 255.951
2196 361.497 259.419
2197 352.64 260
2198 351.696 243.967
2199 353.958 259.675
2200 346.118 251.388
2201 365.39 256.195
2202 367.338 262.442
2203 364.022 254.441
2204 359.55 249.982
2205 372.907 245.87
2206 363.868 260.488
2207 347.914 260.979
2208 374.636 256.324
2209 350.493 249.018
2210 357.48 253.998
2211 354.153 260.246
2212 361.994 260.288
2213 358.204 252.494
2214 349.538 242.94
2215 352.829 249.475
2216 338.176 252.282
2217 362.338 257.476
2218 345.808 257.843
2219 349.159 252.802
2220 352.182 243.438
2221 348.167 244.487
2222 335.52 241.437
2223 351.379 256.496
2224 359.678 254.874
2225 361.762 253.992
2226 348.798 257.952
2227 351.5 262.81
2228 364 260.808
2229 359.444 246.317
2230 377.094 249.187
2231 361.674 252.903
2232 358.057 256.39
2233 360.67 257.033
2234 451.573 252.357
2235 354.72 253.998
2236 354.415 264.477
2237 354.863 255.998
2238 356.083 264.25
2239 364.509 251.802
2240 348.597 244.802
2241 368.321 254.283
2242 346.895 259.245
2243 351.812 264.628
2244 347.62 256.998
2245 353.454 263.907
2246 361.21 259.952
2247 375.413 257.998
2248 348.441 240.458
2249 353.517 247.659
2250 354.972 252.19
2251 360.323 251.611
2252 347.241 257.983
2253 367.984 251.281
2254 355.083 259.442
2255 378.352 250.902
2256 358.664 257.033
2257 355.831 257.806
2258 350.256 262.627
2259 351.618 249.838
2260 343.061 252.951
2261 363.465 254.992
2262 355.644 257.843
2263 352.551 258.621
2264 361.21 250.998
2265 356.415 246.544
2266 364.125 238.981
2267 350.036 250.496
2268 364.225 256.418
2269 366.688 244.315
2270 365.612 258.807
2271 365.582 261.289
2272 373.087 253.496
2273 356.738 251.137
2274 352.718 258.93
2275 359.783 257.5
2276 354.627 256.764
2277 354.627 245.499
2278 359.944 252.957
2279 363.222 258.905
2280 353.958 252.715
2281 352.81 256.476
2282 349.583 247.798
2283 350.256 258.975
2284 347.891 266.983
2285 367.038 251.929
2286 353.555 250.32
2287 356.02 255.805
2288 355.359 258.5
2289 362.501 263.496
2290 351.602 262.81
2291 358.663 249.872
2292 355.82 256.875
2293 349.9 261.981
2294 360.658 256.951
2295 356.567 256.842
2296 365.928 261.392
2297 358.497 246.797
2298 352.363 248.419
2299 364.225 255.029
2300 357.617 249.487
2301 355.831 259.444
2302 353.069 261.809
2303 360.837 255.969
2304 350.542 249.95
2305 349.274 248.318
2306 358.288 268.909
2307 361.905 248.349
2308 359.489 250.968
2309 366.715 252.238
2310 374.231 247.318
2311 341.473 259.952
2312 360.23 248.992
2313 350.949 252.998
2314 358.936 247.459
2315 359.751 246.13
2316 349.17 245.797
2317 355.737 253.904
2318 357.542 258.198
2319 352.616 239.7
2320 353.644 248.928
2321 354.817 243.315
2322 353.814 250.44
2323 356.317 264.477
2324 367.342 258.674
2325 354.467 264.932
2326 372.484 256.39
2327 355.472 256.496
2328 370.162 252.321
2329 357.744 257.952
2330 343.907 257.5
2331 361.895 250.839
2332 358.664 246.982
2333 360.527 259.287
2334 354.076 259.877
2335 335.022 259.392
2336 356.823 239.933
2337 365.144 253.667
2338 357.423 250.08
2339 349.874 262.998
2340 361.859 248.95
2341 355.978 252.802
2342 353.723 245.947
2343 364.323 248.415
2344 372.874 254.441
2345 346.925 254.283
2346 349.17 249.758
2347 359.85 251.082
2348 355.049 252.476
2349 346.477 258.461
2350 352.704 259.931
2351 370.327 259.507
2352 341.336 249.838
2353 342.789 261.488
2354 363.595 256.618
2355 364.685 256.476
2356 348.416 258.722
2357 368.699 249.279
2358 363.335 245.949
2359 363.12 258.198
2360 357.357 257.952
2361 350.174 248.799
2362 341.336 259.931
2363 355.733 266.488
2364 350.885 247.871
2365 358.94 255.842
2366 350.493 243.834
2367 355.106 260.038
2368 360 240.967
2369 345.683 264.292
2370 356.185 247.734
2371 354.897 251.968
2372 360.669 254.441
2373 362.115 250.759
2374 365.513 257.391
2375 339.853 266.252
2376 358.369 251.873
2377 350.611 256.951
2378 352.851 257.441
2379 365.869 249.902
2380 356.931 260.906
2381 339.993 250.28
2382 361.331 248.66
2383 358.548 258.674
2384 351.713 266.496
2385 360.304 245.707
2386 346.617 245.487
2387 342.31 249.982
2388 352.616 264.983
2389 351.821 249.982
2390 340.5 260.488
2391 354.072 265.42
2392 356.823 238.437
2393 362.678 250.998
2394 355.311 257.5
2395 371.537 259.675
2396 363.384 254.323
2397 361.92 247.871
2398 366.377 243.407
2399 340.66 261.289
2400 344.404 252.962
2401 355.032 256.461
2402 344.238 259.767
2403 364.703 256.031
2404 365.582 260.496
2405 365.541 259.808
2406 352.851 264.045
2407 359.944 248.475
2408 343.22 260.676
2409 354.965 253.43
2410 358.438 251.839
2411 358.218 254.558
2412 351.821 245.797
2413 354.627 245.231
2414 356.041 251.903
2415 370.805 252.488
2416 363.12 258.287
2417 351.943 251.476
2418 350.739 257.721
2419 357.841 261.983
2420 356.382 259.969
2421 357.211 255.241
2422 345.977 263.462
2423 355.646 254.982
2424 355.727 264.97
2425 346.886 254.874
2426 365.772 253.14
2427 366.682 245.805
2428 355.015 249.487
2429 358.117 261.992
2430 369.895 253.929
2431 357.989 252.19
2432 352.363 251.873
2433 365.781 249.235
2434 359.291 257.62
2435 347.34 257.672
2436 363.465 248
2437 351.359 262.77
2438 355.311 257.243
2439 352.95 242.178
2440 356.197 264.847
2441 363.359 259.952
2442 352.312 259.392
2443 340.223 243.834
2444 359.256 250.609
2445 347.223 263.101
2446 350.905 256.72
2447 357.592 251.998
2448 359.653 260.624
2449 361.684 255.998
2450 343.459 243.384
2451 338.216 245
2452 364.598 257.36
2453 345.783 246.13
2454 363.021 253.982
2455 348.937 257.62
2456 358.329 252.957
2457 360.389 253.998
2458 357.176 260.327
2459 359.525 255.194
2460 360.555 264.045
2461 347.095 254.142
2462 357.743 260.768
2463 354.192 252.476
2464 360.304 261.477
2465 352.263 270.255
2466 371.746 249.928
2467 356.938 260.768
2468 367.608 258.93
2469 371.298 256.501
2470 359.783 249.712
2471 342.673 247.184
2472 346.704 254.507
2473 346.02 257.091
2474 352.616 244.499
2475 355.733 254.615
2476 357.866 248.757
2477 374.091 256.461
2478 366.005 246.276
2479 355.758 255.417
2480 349.857 256.905
2481 358.204 253.44
2482 367.859 257.286
2483 358.823 263.992
2484 353.508 265.488
2485 358.094 272.736
2486 358.686 259.977
2487 353.098 257.418
2488 355.758 251.44
2489 341.302 258.287
2490 355.377 247.927
2491 360.555 260.476
2492 341.482 260.476
2493 361.522 249.387
2494 356.637 255.719
2495 361.796 257.952
2496 351.346 254.441
2497 364.143 262.878
2498 354.401 256.951
2499 360.641 265.443
2500 345.384 248.928
2501 360.4 259.952
2502 347.033 247.415
2503 362.91 260.15
2504 345.326 256.971
2505 355.528 252.895
2506 366.974 255.39
2507 345.694 249.279
2508 361.561 252.998
2509 350.01 254.982
2510 340.735 241.535
2511 346.025 247.487
2512 344.517 264.204
2513 362.4 253.476
2514 354.056 270.296
2515 368.494 249.662
2516 372.065 251.44
2517 347.707 254.841
2518 355.514 252.321
2519 351.618 257.969
2520 362.458 252.903
2521 363.384 252.587
2522 343.5 245.754
2523 365.467 261.845
2524 366.232 253.904
2525 370.533 253.803
2526 356.11 249.499
2527 360.855 257.93
2528 353.098 258.5
2529 353.621 262.77
2530 362.458 256.982
2531 359.733 259.442
2532 355.869 244.967
2533 348.713 246.949
2534 355.652 266.683
2535 355.587 264.155
2536 361.684 247.459
2537 342.929 251.082
2538 364.387 255.764
2539 376.106 255.842
2540 363.582 248.757
2541 344.354 254.904
2542 367.274 257.905
2543 356.197 254.476
2544 357.214 251.496
2545 364.744 248.016
2546 370.628 261.981
2547 351.454 252.951
2548 355.18 251.95
2549 366.426 265.97
2550 361.419 250.44
2551 359.45 253.762
2552 366.393 249.758
2553 357.29 246.276
2554 362.044 250.236
2555 348.534 257.36
2556 368.837 257.905
2557 358.575 244.875
2558 369.014 244.982
2559 473.962 257.62
2560 356.983 248.954
2561 342.316 256.39
2562 371.514 257.765
2563 354.897 258.93
2564 354.923 253.44
2565 382.364 264.244
2566 361.21 252.802
2567 364.576 250.928
2568 359.579 251.5
2569 358.497 256.562
2570 361.663 261.151
2571 355.652 256.144
2572 360.755 250.356
2573 349.364 259.037
2574 369.703 259
2575 359.444 262.442
2576 359.944 262.202
2577 357.906 260.419
2578 355.851 253.965
2579 357.642 258.722
2580 357.989 257.62
2581 350.542 253.965
2582 345.868 261.992
2583 363.742 251.968
2584 352.007 251.664
2585 358.647 259.675
2586 363.765 263.998
2587 348.848 243.992
2588 339.411 248.495
2589 351.346 255.805
2590 357.357 244
2591 347.033 245.353
2592 352.64 250.46
2593 360.789 250.488
2594 350.999 239.998
2595 357.423 243.384
2596 358.447 253.5
2597 360.821 254.829
2598 345.694 261.477
2599 356.738 244.982
2600 357.2 252.998
2601 365.852 255.088
2602 344.325 245.353
2603 358.664 253.46
2604 361.298 250.496
2605 355.644 248.077
2606 355.91 242.794
2607 358.195 253.969
2608 358.057 246.487
2609 350.813 256.488
2610 372.76 252.903
2611 363.535 259.969
2612 364.768 254.441
2613 363.607 267.634
2614 349.256 253.417
2615 371.16 253
2616 362.864 262.477
2617 357.881 243.458
2618 365.688 244.869
2619 367.008 247.734
2620 358.218 240.936
2621 358.748 256.418
2622 352.266 257.196
2623 371.484 259.952
2624 371.33 262.29
2625 344.354 258.807
2626 349.943 257.969
2627 363.048 252.488
2628 363.595 263.847
2629 361.347 266.393
2630 357.021 260.569
2631 361.447 257.5
2632 353.514 245.9
2633 358.53 259.507
2634 357.113 257.969
2635 351.248 244.6
2636 362.115 256.39
2637 352.003 254.496
2638 342.689 241.651
2639 356.535 258.476
2640 358.391 249.495
2641 365.93 249.459
2642 362.458 252.998
2643 353.394 257.196
2644 350.28 263.811
2645 352.817 253.496
2646 363.805 254.929
2647 349.339 245.601
2648 357.071 255.194
2649 359.335 255.982
2650 364.589 253.488
2651 365.781 263.393
2652 351.733 267.051
2653 371.625 259.442
2654 358.664 266.394
2655 354.768 254.874
2656 364.768 258.147
2657 356.185 260.877
2658 356.369 251.082
2659 367.859 248.928
2660 344.517 251.281
2661 360.555 256.359
2662 343.907 257.496
2663 358.575 252.802
2664 356.02 260.845
2665 363.12 239.792
2666 373.877 251.839
2667 371.249 250.713
2668 435.165 244.927
2669 374.823 250.5
2670 362.458 251.903
2671 352.624 257.983
2672 359.525 253.417
2673 360.888 258.722
2674 358.845 251.929
2675 357.088 243.799
2676 345.361 255.842
2677 363.909 254.193
2678 358.204 252.715
2679 355.777 257.496
2680 376.098 258.565
2681 346.159 252.968
2682 341.855 250.02
2683 342.342 254.46
2684 352.459 262.488
2685 346.693 259.5
2686 335.833 258.84
2687 347.82 249.872
2688 345.471 257.418
2689 352.349 251.5
2690 359.579 257.843
2691 362.591 256.969
2692 343.567 241.992
2693 345.808 256.982
2694 382.034 259.723
2695 340.059 254.717
2696 351.5 261.983
2697 343.235 252.982
2698 338.18 248.439
2699 367.778 243.834
2700 347.333 248.459
2701 353.746 246.901
2702 358.936 253.762
2703 360.104 251.388
2704 364.538 258.441
2705 343.631 252.895
2706 353.822 252.5
2707 361.109 242.124
2708 367.217 267.462
2709 348.543 246.901
2710 349.551 252.238
2711 363.136 248.278
2712 342.859 251.873
2713 358.965 257.672
2714 359.85 250.44
2715 368.145 241.948
2716 355.978 250.188
2717 353.144 251.5
2718 360.758 253.982
2719 352.884 250.496
2720 350.813 252.555
2721 345.578 265.5
2722 359.633 243.982
2723 364.576 250.801
2724 355.28 251.664
2725 336.571 263.771
2726 347.261 246.544
2727 360.855 256.951
2728 326.236 263.998
2729 375.659 262.77
2730 359.597 261.952
2731 352.95 259.992
2732 366.486 264.454
2733 347.677 255.441
2734 371.408 250.839
2735 365.371 249.475
2736 349.721 250.759
2737 343.562 249.998
2738 356.382 254.668
2739 368.402 251.356
2740 353.918 254.804
2741 344.354 255.441
2742 355.684 253.085
2743 358.548 261.906
2744 355.161 253.476
2745 356.348 258.476
2746 358.647 256.496
2747 345.694 254.24
2748 359.758 259.444
2749 352.65 252.389
2750 360.583 265.292
2751 351.618 255.441
2752 355.851 259.5
2753 361.269 251.714
2754 363.467 249.838
2755 347.707 253
2756 349.803 247.927
2757 360.452 258.035
2758 362.215 244.274
2759 363.742 251.46
2760 355.601 251.929
2761 347.534 247.184
2762 382.952 251.44
2763 342.689 252.962
2764 354.965 251.95
2765 354.189 249.459
2766 354.728 247.487
2767 348.144 264.496
2768 347.692 254.358
2769 352.179 251.281
2770 367.978 265.364
2771 364.225 258.998
2772 355.377 259.507
2773 353.631 245.835
2774 357.881 256.805
2775 365.478 243.834
2776 353.27 256.461
2777 365.229 247.982
2778 359.783 255.496
2779 356.427 257.93
2780 365.311 259.998
2781 353.966 259.476
2782 362.461 242.94
2783 365.93 255.904
2784 355.19 249
2785 354.728 253.803
2786 361.215 264.879
2787 367.08 258.093
2788 351.602 255.969
2789 364.027 248.077
2790 375.553 255.764
2791 370.155 247.968
2792 355.644 263.97
2793 360.211 258.36
2794 356.651 256.951
2795 360.527 256.905
2796 362.91 249.902
2797 354.011 245.797
2798 354.638 260.419
2799 365.612 252.962
2800 362.673 251.476
2801 363.673 254.476
2802 345.485 257.998
2803 358.128 255.5
2804 347.664 255.951
2805 344.354 249.018
2806 355.758 249.235
2807 361.674 250.28
2808 360.104 245.878
2809 368.399 261.931
2810 363.07 268.909
2811 357.48 239.324
2812 360.493 257.476
2813 359.032 253.496
2814 361.123 251.982
2815 363.413 264.5
2816 363.273 254
2817 344.913 256.476
2818 347.82 254.441
2819 372.861 257.983
2820 345.955 248.928
2821 356.415 250.968
2822 359.598 257.998
2823 359.372 246.603
2824 366.332 256.562
2825 358.936 255.284
2826 361.859 255.951
2827 362.243 248.439
2828 354.401 256.835
2829 374.179 253.357
2830 359.893 255.194
2831 285.82 266.5
2832 345.471 250.424
2833 354.072 253
2834 363.017 252.5
2835 374.72 252.903
2836 355.106 258.844
2837 354.817 271.971
2838 362.218 248.711
2839 354.373 253.614
2840 360.036 247.901
2841 397.346 267.107
2842 366.033 263
2843 361.065 261.511
2844 348.336 266.421
2845 367.772 268.421
2846 360.375 258.909
2847 348.144 251.802
2848 351.128 244.724
2849 356.741 263.998
2850 363.465 249.355
2851 354.638 250.236
2852 348.138 254.992
2853 357.617 252.802
2854 355.587 257.992
2855 369.459 255.476
2856 372.541 252.555
2857 353.723 241.702
2858 350.726 255.5
2859 352.507 248.837
2860 348.167 257.286
2861 347.425 247.386
2862 341.311 247.71
2863 359.85 253.5
2864 357.323 262.878
2865 357.983 262.998
2866 352.094 254.028
2867 358.391 249.902
2868 363.978 254.929
2869 339.158 249.55
2870 354.076 252.46
2871 363.772 258.621
2872 376.643 261.442
2873 351.955 260.952
2874 350.592 254.496
2875 367.374 254.804
2876 354.378 245.87
2877 356.083 256.418
2878 356.637 244.982
2879 358.83 253.192
2880 354.817 255.5
2881 362.767 251.998
2882 354.047 257.686
2883 361.569 256.881
2884 354.373 251.664
2885 359.881 252.083
2886 348.718 260.906
2887 369.439 250
2888 360.2 262.572
2889 353.27 256.496
2890 360.201 249.355
2891 352.263 260.808
2892 355.737 268.909
2893 358.993 253.322
2894 349.994 247.233
2895 355.28 249.998
2896 351.733 266.443
2897 353.17 249.968
2898 368.525 253.322
2899 349.551 257.952
2900 356.382 239.437
2901 362.767 248.439
2902 346.087 254.951
2903 343.562 265.908
2904 349.239 257
2905 359.633 253.898
2906 362.215 257.196
2907 369.497 240.792
2908 356.651 249.838
2909 361.404 243.274
2910 356.637 255.496
2911 370.788 252.282
2912 337.843 253.557
2913 357.986 246.901
2914 353.144 251.802
2915 365.23 252.666
2916 350.611 252.555
2917 361.994 243.475
2918 355.28 257.439
2919 353.712 258.325
2920 353.517 250.28
2921 357.617 258.147
2922 363.909 241.413
2923 361.21 253.992
2924 351.346 253.827
2925 376.962 258.227
2926 353.186 252.083
2927 362.921 260.931
2928 362.864 252.84
2929 339.853 265.364
2930 362.215 257.905
2931 352.616 260.442
2932 352.969 256.764
2933 356.476 254.904
2934 335.28 260.476
2935 358.103 259.906
2936 348.231 249.928
2937 363.136 261.769
2938 347.793 244.414
2939 350.05 254.676
2940 349.874 257.391
2941 365.056 253.192
2942 354.467 261.626
2943 373.164 259.326
2944 362.997 265.33
2945 358.295 257.905
2946 367.615 267.634
2947 348.798 249.319
2948 356.655 252.555
2949 355.91 256.875
2950 332.039 256.951
2951 355.161 244.796
2952 351.602 253.46
2953 359.555 255.992
2954 368.083 254.668
2955 350.688 249.758
2956 363.249 268.732
2957 355.408 246.968
2958 364.807 243.475
2959 362.313 247.459
2960 360.837 255.229
2961 346.687 261.04
2962 359.299 256.969
2963 359.032 255.93
2964 348.534 257.876
2965 361.84 252.083
2966 349.251 258.496
2967 359.444 260.808
2968 352.624 256.671
2969 351.255 251.476
2970 374.54 257.146
2971 366.041 248.318
2972 347.534 258.876
2973 349.728 258.374
2974 363.978 260.992
2975 349.68 265.682
2976 354.415 247.568
2977 342.342 261.677
2978 357.357 254.982
2979 353.822 249.758
2980 359.299 251.356
2981 355.652 247.659
2982 351.172 249.351
2983 351.844 256.998
2984 338.296 246.836
2985 352.403 248.355
2986 355.077 248.355
2987 350.493 248.837
2988 276.666 250.424
2989 366.235 249.078
2990 361.298 254.668
2991 356.533 252.929
2992 349.149 248.757
2993 357.986 243.315
2994 349.044 257.969
2995 361.21 259.496
2996 352.624 260.288
2997 362.268 251.968
2998 375.029 255.982
2999 363.136 249.872
3000 355.972 256.39
3001 349.239 260.724
3002 373.517 250.188
3003 356.382 254.283
3004 346.027 249.902
3005 301.41 252.715
3006 371.447 243.869
3007 350.885 258.565
3008 360.527 259.305
3009 360.916 251.903
3010 350.354 259.287
3011 353.857 248.475
3012 351.636 248.548
3013 358.751 255.67
3014 355.121 259.361
3015 357.743 254.904
3016 354.827 260.233
3017 354.522 250.928
3018 361.497 255.488
3019 368.068 247.798
3020 351.812 265.631
3021 355.077 260.488
3022 347.707 254.028
3023 358.663 255.39
3024 354.827 249.95
3025 366.235 249.872
3026 352.182 246.414
3027 368.525 251.998
3028 356.875 264.25
3029 361.522 253.969
3030 377.102 248
3031 365.212 261.878
3032 355.831 249.415
3033 353.007 254.441
3034 354.522 253.874
3035 370.054 251.95
3036 366.332 252.951
3037 370.157 256.905
3038 367.939 258
3039 351.713 245.475
3040 354.275 258.461
3041 357.365 255.284
3042 358.544 247.95
3043 364.741 259.969
3044 365.371 250.46
3045 361.298 245.231
3046 369.689 262.362
3047 358.748 257.843
3048 374.526 256.057
3049 343.562 261.289
3050 353.814 259.877
3051 354.175 262.29
3052 346.583 251.189
3053 363.916 244.998
3054 356.786 254.804
3055 360.677 253.762
3056 359.192 252.802
3057 348.597 258.998
3058 347.973 254.992
3059 352.884 254.441
3060 371.059 259.496
3061 349.99 258.287
3062 363.846 259.723
3063 359.437 250.902
3064 369.284 259.969
3065 359.758 253.982
3066 358.438 259.5
3067 361.905 256.359
3068 359.912 248.355
3069 357.642 253.874
3070 366.332 249.872
3071 351.16 246.836
3072 355.311 259.5
3073 344.778 259.496
3074 357.386 261.461
3075 363.505 246.353
3076 348.345 254.441
3077 364.768 253.357
3078 364.14 244.724
3079 360.117 258.496
3080 365.582 249.838
3081 352.59 252.282
3082 370.027 255.969
3083 351.696 245.231
3084 366.377 255.488
3085 353.621 244.706
3086 354.356 256.842
3087 362.604 257.672
3088 350.01 246.232
3089 348.167 248.95
3090 366.078 251
3091 268.384 259.287
3092 374.679 255.194
3093 346.118 243.487
3094 355.077 250.801
3095 362.381 253.716
3096 357.743 265.5
3097 353.746 249.279
3098 359.633 252.962
3099 375.827 249.475
3100 352.829 264.292
3101 371.903 241.981
3102 359.299 249.838
3103 372.253 250.992
3104 343.968 254.929
3105 366.974 243.795
3106 360.036 248.318
3107 364.916 256.671
3108 357.989 257.496
3109 349.044 258.244
3110 355.652 256.875
3111 358.965 243.458
3112 364.308 245.656
3113 350.05 257.488
3114 360.389 243.705
3115 352.459 261.677
3116 357.088 253.357
3117 364.022 258.876
3118 356.802 257.488
3119 348.597 252.44
3120 348.441 254.24
3121 359.667 259.952
3122 346.335 253
3123 355.978 246.658
3124 365.16 256.72
3125 342.053 238.925
3126 364.856 251.022
3127 361.129 252.5
3128 352.136 247.386
3129 359.207 260.488
3130 347.931 265.42
3131 360.45 255.969
3132 344.07 261.461
3133 352.95 259.5
3134 353.044 243.795
3135 352.061 256.39
3136 360.375 239.119
3137 358.288 256.324
3138 363.318 259.952
3139 378.502 260.906
3140 354.923 255.93
3141 365.23 268.421
3142 355.831 244.992
3143 350.605 241.458
3144 351.09 252.951
3145 356.931 249.838
3146 356.09 270.477
3147 347.53 261.477
3148 341.226 248.757
3149 363.465 254.358
3150 350.166 249.475
3151 341.157 248.954
3152 345.078 251.416
3153 353.454 249.355
3154 372.641 255.194
3155 364.472 257.243
3156 362.657 246.708
3157 363.277 251.281
3158 361.208 259.723
3159 359.316 250.95
3160 364.255 258.983
3161 425.763 259.623
3162 355.161 255.496
3163 367.791 251.137
3164 353.836 248.992
3165 354.192 259.931
3166 356.197 255.904
3167 363.868 255.67
3168 354.373 241.948
3169 369.049 256.982
3170 351.359 255.998
3171 359.653 247.756
3172 354.463 267.051
3173 356.02 257.488
3174 351.09 257.286
3175 363.868 251.992
3176 360.562 271.5
3177 366.426 247.71
3178 354.102 249.319
3179 344.687 257.983
3180 361.918 258.722
3181 357.881 253.488
3182 358.647 248.982
3183 362.011 262.998
3184 362.215 243.438
3185 363.222 255.617
3186 343.511 251.416
3187 358.057 254.142
3188 364.417 252.903
3189 354.436 256.418
3190 355.978 254.992
3191 357.795 262.202
3192 348.231 262.29
3193 358.663 251.611
3194 350.808 247.318
3195 357.097 262.846
3196 368.939 258.244
3197 342.053 261.442
3198 347.59 257.721
3199 337.843 250.08
3200 362.215 242.751
3201 360.983 250.968
3202 362.353 250.759
3203 353.016 253.496
3204 364.873 252.968
3205 365.467 254.998
3206 354.627 244.9
3207 354.972 251.189
3208 355.032 261.5
3209 353.555 247.439
3210 358.748 255.992
3211 349.112 262.726
3212 343.907 253.992
3213 350.28 261
3214 341.139 244.998
3215 356.983 257.969
3216 356.285 254.969
3217 344.677 258.461
3218 343.693 252.968
3219 332.558 258.952
3220 351.636 244.655
3221 362.301 265.394
3222 353.894 262.983
3223 352.165 253.929
3224 377.73 260.419
3225 354.728 249.8
3226 341.92 258.807
3227 356.637 247.992
3228 351.602 262.153
3229 367.14 256.992
3230 359.505 261.381
3231 355.421 253.46
3232 348.798 253.803
3233 358.43 263.852
3234 360.855 259.5
3235 371.903 260.461
3236 346.526 260.361
3237 366.517 254.498
3238 351.286 263.907
3239 368.244 257.496
3240 353.368 245.927
3241 363.673 259.767
3242 362.762 255.719
3243 370.718 251.903
3244 362.678 254.951
3245 354.373 260.392
3246 355.28 249.982
3247 354.189 253.969
3248 336.829 249.712
3249 350.307 261
3250 353.644 270.954
3251 356.903 244.945
3252 352.64 257.441
3253 365.781 262.81
3254 363.413 254.364
3255 340.044 257.952
3256 343.811 239.224
3257 350.43 256.496
3258 372.411 248.387
3259 350.157 260.992
3260 359.201 251.189
3261 350.591 251.929
3262 372.924 264.847
3263 363.868 256.875
3264 362.011 249.279
3265 344.354 257.843
3266 365.422 254.717
3267 357.19 251
3268 362.957 270.688
3269 351.111 258.496
3270 358.438 258.244
3271 356.415 267.365
3272 367.489 250.388
3273 376.376 251.46
3274 341.21 261.5
3275 351.5 257.091
3276 352.328 244.992
3277 360.211 254.283
3278 365.075 253.969
3279 356.535 252.357
3280 351.454 251.992
3281 389.245 256.285
3282 340.984 253.951
3283 362.381 243.475
3284 365.865 250.488
3285 354.305 257.461
3286 349.72 248.355
3287 362.044 249.95
3288 367.791 261.626
3289 370.155 252.666
3290 358.484 246.836
3291 355.831 259.287
3292 357.48 253.389
3293 374.7 260.931
3294 352.267 249.135
3295 348.848 254.389
3296 361.109 254.028
3297 354.734 257.969
3298 361.237 246.836
3299 368.219 252.282
3300 365.781 256.39
3301 361.762 252.962
3302 373.17 251.839
3303 350.605 253.614
3304 350.5 248.355
3305 353.972 263.363
3306 346.981 254.193
3307 349.72 249.487
3308 346.254 241.122
3309 353.712 255.5
3310 362.997 260.288
3311 351.255 248.278
3312 345.013 267.051
3313 357.48 256.93
3314 369.249 261.916
3315 355.015 248.077
3316 376.469 257.998
3317 369.478 254.874
3318 364.027 259.877
3319 356.836 250.928
3320 347.702 259.992
3321 364.849 254.417
3322 363.505 256.764
3323 365.422 258.905
3324 358.544 257.146
3325 361.684 255.476
3326 365.229 254.283
3327 369.196 246.708
3328 351.723 247.184
3329 352.739 249.415
3330 360.493 245.982
3331 377.439 247.798
3332 354.305 256.09
3333 359.444 252.761
3334 362.218 251.664
3335 349.17 259.969
3336 377.706 260.676
3337 351.171 247.439
3338 369.986 248.439
3339 359.032 251.44
3340 354.102 256.359
3341 347.891 248.95
3342 361.994 256.998
3343 374.46 243.799
3344 360.036 248.66
3345 368.344 252.389
3346 358.548 251.281
3347 356.567 253.998
3348 349.082 254.358
3349 352.739 261.931
3350 363.962 262.932
3351 336.936 245.707
3352 362.353 237.171
3353 358.873 254.389
3354 357.658 271
3355 440.643 252.357
3356 370.443 258.844
3357 349.149 257.146
3358 361.674 250.609
3359 358.369 261.998
3360 360.23 246.982
3361 356.931 250.992
3362 358.795 257.439
3363 357.881 248.711
3364 350.154 256.418
3365 371.736 249.319
3366 361.309 263.515
3367 360.677 250.416
3368 364.022 249.277
3369 367.696 253.951
3370 359.833 251.476
3371 356.205 251.992
3372 358.548 250.759
3373 333.819 262.726
3374 364.472 260.288
3375 372.95 245.87
3376 370.405 255.969
3377 363.222 252.416
3378 342.768 261.247
3379 379.937 253.673
3380 360.294 253.496
3381 357.571 249.415
3382 349.803 249.487
3383 359.579 260.676
3384 358.575 248.355
3385 366.614 243.998
3386 368.155 254.283
3387 372.169 254
3388 364.609 245.797
3389 359.121 258.488
3390 357.323 254.488
3391 364.417 252.46
3392 346.477 254.998
3393 360.323 250.968
3394 355.869 246.232
3395 354.972 254.049
3396 359.335 252.416
3397 348.798 253.982
3398 372.999 256.496
3399 345.248 254.476
3400 363.22 252.968
3401 348.138 261.916
3402 360.641 259.767
3403 368.187 244.477
3404 370.554 251.839
3405 379.895 264.443
3406 350.688 253.026
3407 346.341 248.837
3408 344.949 248.757
3409 364.723 251.426
3410 355.18 254.558
3411 339.534 255.194
3412 362.705 251.388
3413 354.844 247.417
3414 358.43 257.763
3415 364.672 253.44
3416 354.631 252.802
3417 366.06 258.876
3418 358.544 260.288
3419 353.542 255.46
3420 353.746 247.184
3421 356.511 250.416
3422 353.432 260.914
3423 347.223 261.878
3424 352.182 260.5
3425 350.999 263.488
3426 351.346 250.46
3427 359.858 252.998
3428 375.18 251.356
3429 355.077 252.903
3430 350.01 253.874
3431 354.72 250.034
3432 343.459 246.343
3433 356.48 252.802
3434 354.047 252.715
3435 358.309 247.95
3436 361.649 240.475
3437 360 255.842
3438 359.131 261.969
3439 357.771 246.708
3440 365.478 259.877
3441 364.672 259.149
3442 347.79 263.847
3443 354.965 254.24
3444 360.104 258.147
3445 366.426 256.144
3446 346.849 258.461
3447 357.488 263.443
3448 349.239 252.802
3449 366.483 252.238
3450 368.475 252.929
3451 352.914 261.969
3452 345.242 247.495
3453 357.642 257.806
3454 357.097 245.9
3455 372.717 255.998
3456 360.304 249.487
3457 365.056 247.233
3458 352.65 251.611
3459 349.833 264.772
3460 352.094 254.488
3461 364.225 263.241
3462 359.224 254.283
3463 366.826 250.5
3464 359.753 264.728
3465 359.753 256.285
3466 356.427 255.323
3467 354.195 254.488
3468 356.983 257.286
3469 342.999 248.274
3470 344.323 249.235
3471 346.583 244.706
3472 362.604 256.144
3473 354.817 249.421
3474 367.592 265.157
3475 363.923 248.998
3476 349.082 255.441
3477 353.463 255.417
3478 357.423 261.998
3479 339.65 270.255
3480 359.797 252.929
3481 367.038 257.905
3482 357.444 248.475
3483 444.702 253.389
3484 363.962 249.872
3485 351.812 261.992
3486 373.823 252.873
3487 363.571 250.663
3488 347.333 254.389
3489 358.028 253.045
3490 350.813 255.39
3491 366.715 250.663
3492 357.088 244
3493 343.2 260.906
3494 354.401 250.839
3495 346.814 265.548
3496 361.737 247.95
3497 361.129 248.757
3498 357.444 255.39
3499 353.621 257.843
3500 346.526 249.982
3501 360.493 253.951
3502 330.589 259.906
3503 358.594 250.44
3504 355.978 251.873
3505 353.555 254.929
3506 366.748 242.438
3507 357.927 254.969
3508 358.845 256.195
3509 473.221 263.443
3510 363.868 258
3511 347.373 252.84
3512 369.876 244.6
3513 358.195 250.872
3514 341.667 257.765
3515 362.957 256.369
3516 348.431 259.488
3517 367.129 247.354
3518 362.409 259.461
3519 356.859 254.441
3520 357.906 263.879
3521 339.158 252.5
3522 360.888 261.845
3523 357.743 251.388
3524 342.397 257.091
3525 372.95 250.968
3526 355.978 260.392
3527 360.201 253.969
3528 351.172 257.496
3529 355.049 248.016
3530 452.619 259.906
3531 348.937 241.967
3532 336.666 257.952
3533 344.482 244.706
3534 358.548 252.992
3535 368.475 261.496
3536 344.877 268.686
3537 354.192 255.488
3538 351.056 258.505
3539 358.909 258.093
3540 361.451 254.998
3541 349.149 265.953
3542 356.317 252.873
3543 352.551 258.488
3544 345.407 253.14
3545 368.342 251.237
3546 363.048 255.194
3547 361.649 249.712
3548 450.232 243.949
3549 358.309 251.356
3550 367.236 252.903
3551 352.783 253.614
3552 352.263 260.983
3553 370.621 249.499
3554 359.85 260.096
3555 359.783 250.872
3556 357.936 260.2
3557 364.022 252.238
3558 344.006 247.439
3559 356.637 253.46
3560 368.011 241.495
3561 370.076 243.384
3562 365.39 255.805
3563 362.4 253.5
3564 355.528 255.904
3565 352.363 261.201
3566 348.895 235.828
3567 365.582 254.5
3568 353.644 260.969
3569 361.84 252.46
3570 359.687 263.983
3571 357.085 248.66
3572 365.13 249.439
3573 354.965 243.413
3574 369.014 246.386
3575 357.983 262.202
3576 365.709 253.951
3577 352.459 256.982
3578 370.016 262.907
3579 352.062 242.475
3580 332.262 262.85
3581 368.814 256.496
3582 363.731 254.283
3583 362.74 256.618
3584 353.621 253.762
3585 347.095 253.488
3586 368.699 264.97
3587 354.102 257.441
3588 343.379 261.5
3589 338.482 244.992
3590 364.365 252.982
3591 353.582 249.992
3592 456.937 267.395
3593 361.587 253.417
3594 354.522 241.702
3595 365.467 247.901
3596 373.698 256
3597 355.501 248.387
3598 361.065 258.476
3599 360.514 262.328
3600 359.751 260.327
3601 347.53 254.874
3602 359.833 255.5
3603 343.671 254.488
3604 357.866 249.95
3605 349.148 247.605
3606 347.073 253.322
3607 341.311 252.416
3608 349.42 258.89
3609 347.027 253.488
3610 357.881 253.5
3611 340.166 261.392
3612 342.183 257.286
3613 364 260.877
3614 356.533 262.393
3615 355.831 252.715
3616 366.426 256.805
3617 372.541 265.488
3618 347.436 257.992
3619 364.849 246.232
3620 361.663 259.983
3621 344.697 257.36
3622 355.18 254.46
3623 359.11 263.727
3624 355.015 255.998
3625 329.509 249.279
3626 378.037 257.721
3627 351.955 259.844
3628 359.399 254.982
3629 356.09 250.44
3630 360.658 256.998
3631 369.402 250.476
3632 375.029 265.5
3633 360.375 255.39
3634 347.373 254.615
3635 379.419 257.461
3636 357.301 249.355
3637 347.557 239.992
3638 348.478 249.487
3639 360.837 250.388
3640 346.906 243.438
3641 362.4 251.714
3642 357.29 239.119
3643 355.377 249.279
3644 358.909 246.382
3645 351.696 250.95
3646 352.507 254.967
3647 354.901 257.06
3648 361.859 252.555
3649 347.986 248.757
3650 364.598 243.438
3651 348.534 253.44
3652 353.644 249.712
3653 358.099 253.929
3654 364.323 253
3655 351.5 247.386
3656 357.126 246.189
3657 362.243 257.721
3658 360.104 253.762
3659 362.338 248.968
3660 354.153 249.475
3661 359.104 255.998
3662 348.488 248.487
3663 369.785 246.268
3664 368.494 244.477
3665 352.65 252.496
3666 357.088 251.839
3667 364.814 251.873
3668 358.777 257.973
3669 373.716 251.998
3670 346.069 250.902
3671 366.033 247.483
3672 371.51 253.716
3673 357.906 258.905
3674 340.911 246.386
3675 363.413 252.998
3676 364.052 247.075
3677 365.229 242.868
3678 353.144 259.361
3679 357.024 257.441
3680 355.311 255.441
3681 361.796 253.557
3682 365.595 252.286
3683 355.851 255.982
3684 356.476 259.969
3685 357.211 261.878
3686 355.733 268.909
3687 354.844 253.322
3688 356.802 261.461
3689 356.968 256.39
3690 349.833 257.998
3691 358.664 248.278
3692 341.503 255.719
3693 357.024 249.487
3694 366.268 245.949
3695 354.965 257.286
3696 370.621 257.721
3697 363.136 252.46
3698 340.306 255.46
3699 354.897 253.752
3700 354.752 255.476
3701 368.321 252.802
3702 354.752 264
3703 351.178 259.723
3704 371.074 250.839
3705 362.767 251.416
3706 356.912 260.096
3707 376.887 245.927
3708 354.728 264.244
3709 371.403 257.5
3710 353.966 257.843
3711 345.078 257.876
3712 354.648 256.488
3713 364.417 245.754
3714 369.049 256.969
3715 364.768 243.384
3716 351.379 258.496
3717 349.6 258.093
3718 361.762 261.878
3719 371.09 249.387
3720 352.576 264.681
3721 354.584 256.842
3722 359.944 251.356
3723 362.461 255.56
3724 357.667 258.93
3725 366.332 243.274
3726 361.455 256.982
3727 367.791 245.499
3728 360.4 263.907
3729 366.483 261.983
3730 361.007 244.18
3731 359.525 254.992
3732 354.356 243.538
3733 366.856 259.623
3734 362.957 250.236
3735 358.43 261.769
3736 370.621 239.591
3737 368.451 251.929
3738 360.342 249.279
3739 349.274 252.802
3740 362.353 261.461
3741 356.945 254.998
3742 363.916 256.476
3743 352.704 257.461
3744 354.559 256.5
3745 350.28 261.461
3746 354.648 249.187
3747 355.935 253.322
3748 359.316 242.066
3749 362.69 244.274
3750 363.304 258.905
3751 361.796 256.562
3752 351.379 252.929
3753 357.571 258.505
3754 367.592 245.275
3755 359.299 258.325
3756 354.275 258.909
3757 366.332 254.951
3758 357.301 265.292
3759 366.135 251.356
3760 288.638 255.805
3761 365.422 249.662
3762 357.592 251.666
3763 358.936 259.419
3764 352.718 242.066
3765 356.427 256.5
3766 359.224 259.507
3767 364.255 243.869
3768 346.341 252.84
3769 355.472 260.724
3770 358.994 254.5
3771 361.404 253.045
3772 358.548 250.928
3773 356.802 249.968
3774 356.912 261.677
3775 350.428 252.389
3776 364.538 259.675
3777 366.826 249.992
3778 353.712 263.42
3779 337.396 260.931
3780 359.653 247.756
3781 426.192 260.327
3782 356.362 252.44
3783 350.905 259.769
3784 346.83 249.355
3785 372.411 256.285
3786 351.056 247.415
3787 353.144 259.808
3788 339.301 255.719
3789 349.148 261.461
3790 352.704 247.798
3791 349.99 253.46
3792 357.211 252.139
3793 360.658 257.286
3794 353.27 265.848
3795 354.275 257.765
3796 368.382 247.968
3797 368.168 252.238
3798 362.425 253.14
3799 346.83 253.762
3800 353.321 256.234
3801 374.003 255.764
3802 356.293 253.361
3803 371.792 261.626
3804 362.014 267.849
3805 342.689 258.93
3806 355.777 252.496
3807 352.727 254.433
3808 355.421 251.416
3809 365.602 255.969
3810 337.883 245.797
3811 367.592 259.998
3812 368.388 254.717
3813 357.771 238.931
3814 356.533 241.499
3815 450.759 261.327
3816 372.165 250.579
3817 358.329 249.95
3818 366.332 265.104
3819 358.873 257.905
3820 362.014 246.755
3821 354.972 258.36
3822 351.16 243.315
3823 367.791 265.998
3824 361.455 252.903
3825 360 259.844
3826 369.242 249.351
3827 364.589 249.982
3828 357.866 248.799
3829 349.538 252.802
3830 357.088 250.08
3831 362.215 245.316
3832 361.684 250.496
3833 361.208 245.495
3834 359.944 241.413
3835 353.907 260.476
3836 350.423 255.951
3837 362.133 248.185
3838 356.441 257.091
3839 372.161 257.998
3840 365.93 264.477
3841 361.123 261.419
3842 359.753 253.5
3843 364.685 258.093
3844 347.34 254.417
3845 361.684 248.992
3846 358.103 259.361
3847 362.576 255.194
3848 348.797 244.385
3849 344.389 254.24
3850 360.677 256.39
3851 362.138 250.476
3852 356.535 249.487
3853 353.463 249.187
3854 356.836 260.952
3855 364.255 260.768
3856 361.83 250.424
3857 346.341 247.71
3858 359.783 254.323
3859 357.827 254.755
3860 359.751 260.288
3861 363.909 258.36
3862 355.528 257.243
3863 348.167 261.419
3864 360.755 248.133
3865 345.132 255.46
3866 364.225 243.475
3867 362.902 268.635
3868 361.208 250.02
3869 376.886 254.496
3870 355.18 252.929
3871 355.978 253.969
3872 353.814 257.93
3873 365.027 264.204
3874 364.986 252.873
3875 348.103 253.14
3876 366.377 259
3877 348.034 254.142
3878 362.461 259.767
3879 351.812 239.867
3880 364.672 255.496
3881 367.336 258.807
3882 338.325 244.229
3883 346.302 254.142
3884 342.999 251.802
3885 369.617 247
3886 351.056 274.489
3887 353.27 254.951
3888 351.454 252.19
3889 364 255.719
3890 360.658 262.998
3891 360.323 254.717
3892 361.455 258.981
3893 354.728 253.14
3894 370.608 249.487
3895 356.859 251.873
3896 364.685 256.93
3897 360.493 251.496
3898 361.419 267.395
3899 356.317 256.951
3900 355.408 248.799
3901 360.514 254.417
3902 353.186 247.71
3903 369.876 240.458
3904 354.965 251.611
3905 362.767 250.968
3906 357.841 265.848
3907 348.594 254.982
3908 361.905 249.351
3909 354.972 253.46
3910 345.612 253.614
3911 346.964 258.93
3912 354.076 245.992
3913 360.583 259.392
3914 359.667 250.95
3915 366.148 257.721
3916 362.461 248.485
3917 381.209 259.442
3918 366.005 262.726
3919 367.336 240.271
3920 362.243 250.743
3921 355.9 250.551
3922 361.859 248.016
3923 358.986 261.969
3924 364.052 249.495
3925 365.467 255.323
3926 352.718 245.186
3927 359.833 266.983
3928 352.576 253.389
3929 339.19 246.658
3930 351.943 244.753
3931 364.365 256.951
3932 348.895 253.998
3933 369.047 259.476
3934 366.399 255.875
3935 356.415 249.95
3936 352.851 257.973
3937 357.176 253.841
3938 357.29 251.873
3939 364.464 254.24
3940 347.954 256.5
3941 338.755 250.839
3942 361.953 247.075
3943 352.363 254.951
3944 358.647 255.982
3945 358.028 258.621
3946 349.703 249.187
3947 352.511 257.806
3948 354.827 252.282
3949 358.748 257.806
3950 352.292 245.353
3951 350.949 251.189
3952 356.382 253
3953 354.648 258.418
3954 358.103 249.439
3955 354.305 256.842
3956 353.972 254.441
3957 355.777 249.74
3958 367.383 254.417
3959 371.298 258.975
3960 354.278 256.369
3961 349.159 251.802
3962 348.848 257.36
3963 338.876 258.461
3964 360.45 255.982
3965 359.121 237.924
3966 360.641 251.321
3967 359.671 254.969
3968 351.618 252.761
3969 348.798 253.803
3970 360.679 262.042
3971 357.441 260.877
3972 347.79 267.97
3973 359.671 251.426
3974 355.869 243.869
3975 362.69 262.932
3976 350.28 265.047
3977 359.758 264.462
3978 354.024 252.488
3979 373.363 268.332
3980 370.292 264.363
3981 353.514 248.485
3982 370.07 263.462
3983 348.921 254.804
3984 358.965 254.193
3985 337.893 255.137
3986 353.069 254.951
3987 337.58 247.837
3988 353.299 253.992
3989 363.413 253.44
3990 336.526 246.317
3991 350.714 255.93
3992 351.09 253.841
3993 365.82 252.873
3994 350.726 257.196
3995 354.752 250.992
3996 347.033 251.237
3997 354.638 257.418
3998 366.135 238.382
3999 357.542 246.276
4000 353.758 256.905
4001 386.057 257.461
4002 351.696 244.982
4003 363.12 256.285
4004 356.281 261.769
4005 373.631 253.803
4006 361.497 248.459
4007 366.587 254.498
4008 346.246 251.968
4009 367.162 258.325
4010 357.539 253.969
4011 354.076 261.362
4012 355.311 251.356
4013 364.308 252.982
4014 358.544 252.968
4015 365.056 255.982
4016 345.701 247.71
4017 361.237 251.982
4018 359.489 265.42
4019 357.357 257.969
4020 347.914 252.389
4021 362.243 253.803
4022 364.417 254.193
4023 341.336 264.204
4024 348.231 239.383
4025 361.39 250.609
4026 371.09 240.865
4027 356.083 254.998
4028 348.03 251.802
4029 376.183 261.477
4030 350.428 250.416
4031 353.723 245.459
4032 363.413 255.951
4033 343.321 256.5
4034 351.286 262.983
4035 361.569 255.488
4036 458.345 267.881
4037 359.444 256.93
4038 347.146 258.5
4039 367.048 254.874
4040 349.6 250.28
4041 362.803 254.283
4042 352.459 258.147
4043 377.224 256.562
4044 353.321 259.392
4045 360.916 260.392
4046 353.186 262.846
4047 357.771 250.992
4048 351.618 246.232
4049 347.692 260.246
