0 1 1
1 351.255 249.235
2 357.48 252.496
3 351.723 255.969
4 343.68 254.929
5 354.305 248.487
6 348.698 246.755
7 329.606 250.982
8 337.314 253.192
9 355.106 255.284
10 344.465 242
11 336 251.416
12 339.853 259.931
13 351.807 251.553
14 332.797 267.107
15 347.471 259.419
16 337.446 256.671
17 340.082 250.12
18 338.176 255.902
19 330.708 249.279
20 343.68 247.81
21 341.139 243.799
22 358.647 255.088
23 345.109 252.083
24 348.167 254.441
25 335.662 255.194
26 336.632 263.386
27 364.255 256.031
28 348.573 257.973
29 350.247 253.904
30 341.661 263.629
31 353.822 255.617
32 347.033 252.488
33 342.901 246.526
34 347.954 257.952
35 339.918 253.965
36 345.128 248.415
37 348.103 251.714
38 354.923 246.13
39 357.989 256.195
40 346.087 261.488
41 345.407 259.442
42 329.803 249.928
43 346.432 264.855
44 346.981 255.56
45 354.401 238.897
46 350.45 250.416
47 349.8 260.676
48 357.126 254.142
49 353.652 251.189
50 351.723 254.142
51 335.996 255.764
52 336.975 269.97
53 346.981 256.905
54 349.239 261.151
55 335.969 259.199
56 349.929 249.872
57 349.874 247.499
58 335.857 261.289
59 343.907 243.967
60 354.817 254.668
61 354.827 263.241
62 348.597 256.501
63 334.174 253.488
64 346.526 261.247
65 348.103 252.19
66 332.986 251.839
67 353.712 250.49
68 338.538 257.992
69 349.711 251.476
70 338.083 251.873
71 352.375 252.761
72 343.22 263.998
73 349.349 258.461
74 357.057 249.277
75 357.662 252.488
76 335.678 248.757
77 335.625 260.992
78 339.765 248.077
79 340.097 256.992
80 339.853 241.899
81 353.27 250.95
82 352.165 263.203
83 349.943 256.242
84 335.204 243.125
85 378.476 251.5
86 341.347 253.841
87 356.285 248.485
88 348.937 251.476
89 347.033 252.5
90 346.477 253.898
91 345.167 247.982
92 345.881 242.967
93 348.597 264.488
94 339.678 258.441
95 329.509 243.752
96 350.839 246.544
97 340.082 248.871
98 353.353 271.212
99 351.955 258.476
100 351.733 258.5
101 337.962 258.722
102 355.869 249.902
103 354.972 258.844
104 342.768 245.385
105 349.721 260.038
106 332.917 255.992
107 347.702 250.609
108 362.301 252.357
109 330.356 244.655
110 346.139 248.318
111 358.823 250.992
112 346.254 252.083
113 340.5 240.832
114 354.401 260.246
115 351.505 259.361
116 338.762 257.461
117 344.913 259.998
118 351.16 250.982
119 345.652 253.982
120 361.84 246.317
121 347.138 256.842
122 343.479 256.992
123 345.977 250.759
124 351.696 254.874
125 351.056 248.439
126 358.103 246.927
127 371.484 248.318
128 345.612 254.992
129 347.249 259.844
130 346.02 259.442
131 345.155 258.198
132 367.24 245.459
133 355.106 251.821
134 336.526 249.387
135 355.82 246.982
136 349.716 249.499
137 342.476 263.992
138 354.435 254.496
139 347.59 258.722
140 357.049 248.757
141 355.644 250.488
142 338.904 254.969
143 353.27 258.983
144 359.201 247.992
145 353.069 253.965
146 368.874 244.495
147 348.698 249.135
148 358.095 265.364
149 350.174 255.323
150 340.635 248.387
151 365.923 256.5
152 359.525 253.46
153 345.065 248.94
154 350.354 248.606
155 351.966 249.487
156 345.881 258.969
157 352.505 248.439
158 344.449 267.365
159 344.423 253.951
160 346.79 261.992
161 350.28 252.968
162 342.939 260.877
163 348.253 255.441
164 333.119 257.806
165 346.583 243.705
166 342.434 255.875
167 355.82 247.271
168 344.423 253.282
169 351.505 257.905
170 347.471 254.874
171 340.204 249.712
172 342.183 247.992
173 345.576 251.714
174 346.254 244.869
175 343.318 254.998
176 349.364 246.353
177 347.59 266.933
178 330.356 258
179 340.823 264.488
180 351.888 244.274
181 351.359 258.766
182 334.277 247.968
183 345.919 256.618
184 368.982 256.969
185 335.38 255.764
186 349.349 255.417
187 350.611 248.355
188 357.771 251.321
189 353.893 257.146
190 351.454 262.393
191 351.716 256.618
192 336.077 260.15
193 350.086 253.389
194 338.538 235.947
195 354.047 256.998
196 346.655 254.476
197 349.943 251.356
198 338.987 249.8
199 349.159 252.488
200 357.936 253.557
201 329.459 254.998
202 336.378 254.142
203 348.246 255.998
204 365.541 250.89
205 347.333 243.458
206 352.179 243.998
207 353.186 255.323
208 357.126 250.236
209 347.53 254.488
210 358.197 252.903
211 355.256 264.992
212 343.01 250.968
213 351.955 252.998
214 351.248 256.905
