0 1 1
1 352.739 254.992
2 345.3 253.288
3 352.704 251.416
4 342.622 244.338
5 330.518 252.761
6 350.371 262.5
7 338.526 252
8 346.432 258.244
9 353.592 258.807
10 352.041 246.797
11 353.409 258.5
12 335.562 266.86
13 341.221 259.808
14 360.125 251.46
15 357.955 255.284
16 347.931 258.287
17 356.765 260.327
18 343.01 239.531
19 339.464 246.317
20 350.808 255.904
21 349.84 255.969
22 349.256 264.155
23 346.432 247.439
24 362.802 261.769
25 337.532 252.357
26 354.102 252.929
27 342.666 251.76
28 339.853 248.234
29 345.543 258.244
30 355.015 250.46
31 349.385 257.286
32 350.731 256.969
33 355.831 248.982
34 349.239 253.868
35 343.441 256.905
36 340.1 252.238
37 357.667 250.44
38 345.948 255.992
39 349.033 252.416
40 348.797 245.414
41 341.473 250.95
42 351.636 252.357
43 348.698 255.143
44 338.491 253.992
45 351.845 247.075
46 348.864 266.991
47 349.803 247.927
48 344.569 264.363
49 350.779 249.712
50 351.454 251.189
51 353.098 252.321
52 339.336 256.562
53 352.624 256.09
54 328.195 255.359
55 339.853 254.9
56 339.027 264.443
57 359.579 259.723
58 335.969 257.391
59 343.604 260.931
60 355.421 247.439
61 342.561 240.468
62 335.072 268.909
63 351.611 247.346
64 347.027 261.496
65 346.41 261.931
66 353.822 253.14
67 342.508 246.386
68 331.596 259.442
69 353.186 255.764
70 338.876 247.354
71 339.915 268.97
72 342.397 253.085
73 348.356 262.42
74 352.551 253.762
75 357.866 247.952
76 364.016 263.363
77 333.41 251.321
78 336 261.906
79 349.149 249.078
80 336.286 247.659
81 355.528 253
82 349.721 250.998
83 347.027 251.082
84 341.991 253.417
85 359.032 252.357
86 337.009 253.13
87 344.767 254.488
88 342.561 245.341
89 345.333 249.758
90 349.8 257.763
91 345.786 253.716
92 336 255.284
93 351.056 247.871
94 343.884 260.419
95 352.263 255.323
96 354.195 254.142
97 347.223 247.475
98 350.154 249.872
99 348.345 248.968
100 339.882 260.15
101 341.157 260.724
102 352.905 260.419
103 348.543 245.438
104 341.92 258.36
105 336.482 255.476
106 343.418 249.187
107 353.652 256.618
108 339.09 254.874
109 348.231 264.155
110 337.31 246.755
111 335.28 255.417
112 341.21 251.488
113 341.221 252.903
114 348.379 246.949
115 359.55 242.066
116 338.646 254.929
117 334.567 259.442
118 328.085 241.002
119 362.767 255.46
120 341.991 260.969
121 349.42 253.282
122 342.357 253.488
123 345.647 259.767
124 355.18 251.137
125 349.445 243.458
126 331.156 248.548
127 360.205 256.488
128 346.087 261.496
129 436.463 260.569
130 355.657 243.384
131 343.418 256.476
132 345.808 250.476
133 337.941 256.488
134 345.155 250.49
135 335.726 250.32
136 354.72 241.384
137 352.739 243.869
138 342.342 247.927
139 358.184 246.901
140 359.489 244.385
141 365.034 245.87
142 345.919 256.144
143 340.547 255.875
144 332.973 254.283
145 356.735 244.927
146 354.192 255.998
147 345.701 251.664
148 342.666 259.567
149 356.317 253.716
150 361.674 257.144
151 347.027 253.998
152 340.338 251.356
153 342.416 243.125
154 354.401 263.5
155 339.131 252.962
156 349.42 246.439
157 345.242 263.68
158 349.99 252.389
159 344.783 250.992
160 346.635 252.895
