0.5 6 1
1.5 35501 0.999951
2.5 20637 0.712405
3.5 21341 0.545253
4.5 12806 0.372398
5.5 8530 0.268674
6.5 6400 0.199584
7.5 4649 0.147746
8.5 3143 0.110091
9.5 2451 0.0846333
10.5 1886 0.0647811
11.5 1461 0.0495051
12.5 1058 0.0376715
13.5 892 0.0291021
14.5 681 0.0218772
15.5 521 0.0163613
16.5 431 0.0121414
17.5 308 0.00865043
18.5 237 0.00615574
19.5 176 0.00423612
20.5 132 0.00281058
21.5 84 0.00174143
22.5 51 0.00106106
23.5 30 0.000647973
24.5 24 0.000404983
25.5 11 0.000210591
26.5 9 0.000121495
27.5 5 4.85979e-05
28.5 0 8.09966e-06
29.5 0 8.09966e-06
30.5 1 8.09966e-06
