0.5 9 1
1.5 43625 0.99994
2.5 24835 0.710044
3.5 26025 0.545011
4.5 15629 0.37207
5.5 10286 0.268213
6.5 7719 0.19986
7.5 5439 0.148566
8.5 4070 0.112423
9.5 3067 0.0853773
10.5 2254 0.0649965
11.5 1759 0.0500183
12.5 1419 0.0383294
13.5 1047 0.0288999
14.5 802 0.0219424
15.5 698 0.016613
16.5 517 0.0119746
17.5 383 0.00853906
18.5 271 0.00599395
19.5 214 0.00419311
20.5 141 0.00277104
21.5 99 0.00183407
22.5 68 0.0011762
23.5 40 0.000724325
24.5 28 0.000458517
25.5 13 0.000272452
26.5 10 0.000186065
27.5 10 0.000119613
28.5 3 5.31614e-05
29.5 1 3.32259e-05
30.5 2 2.65807e-05
31.5 1 1.32904e-05
32.5 0 6.64518e-06
33.5 1 6.64518e-06
