0 0
1 0
2 -28.1449
3 -2.31571
4 -4.08366
5 -1.11121
6 -7.71603
7 -4.92159
8 -7.04162
9 -1.24638
10 -9.75401
11 2.85477
12 -2.39609
13 -1.25454
14 -6.62762
15 -24.1412
16 -31.4162
17 -23.2439
18 11.5727
19 10.3087
20 5.53111
21 15.8722
22 -6.31092
23 -16.5727
24 4.46666
25 -8.80498
26 -8.4571
27 16.6372
28 -27.5796
29 -0.862166
30 -5.41798
31 -9.08857
32 -6.30232
33 -2.16753
34 -4.40639
35 8.24499
36 -0.448071
37 -17.3359
38 25.3668
39 0.141221
40 -61.2901
41 -10.3623
42 13.5498
43 35.9552
44 9.34514
45 4.51264
46 -7.91737
47 -2.18357
48 -7.57134
49 2.59394
50 -8.7391
51 -4.64651
52 -0.0375235
53 -5.80568
54 -1.853
55 -9.47127
56 -26.1687
57 -10.154
58 41.2871
59 41.4159
60 29.2571
61 39.8272
62 28.0455
63 13.8115
64 -8.05645
65 18.2936
66 42.3318
67 56.8092
68 38.7131
69 44.3059
70 20.667
71 30.2786
