0       0
1       0
2       -123.263
3       -121.621
4       -121.305
5       -121.726
6       -114.085
7       -118.066
8       -121.147
9       -121.14
10      -115.945
11      -122.552
12      -120.939
13      -120.516
14      -121.351
15      -122.105
16      -119.913
17      -119.96
18      -120.294
19      -120.175
20      -123.632
21      -125.412
22      -123.792
23      -126.615
24      -126.359
25      -124.505
26      -120.188
27      -122.603
28      -119.858
29      -123.592
30      -117.121
31      -119.967
32      -121.325
33      -124.596
34      -120.061
35      -119.66
36      -122.368
37      -118.857
38      -120.528
39      -121.221
40      -118.881
41      -119.64
42      -121.669
43      -119.794
44      -119.761
45      -118.791
46      -120.048
47      -121.172
48      -125.615
49      -124.515
50      -124.398
51      -124.573
52      -126.898
53      -127.921
54      -123.43
55      -125.075
56      -124.366
57      -124.447
58      -121.945
59      -120.814
60      -120.366
61      -121.056
62      -124.076
63      -122.52
64      -120.62
65      -121.973
66      -120.473
67      -122.001
68      -120.758
69      -123.689
70      -120.021
71      -123.039