0       0
1       0
2       -121.37
3       -121.216
4       -121.215
5       -121.661
6       -119.307
7       -122.047
8       -118.661
9       -120.606
10      -117.83
11      -118.613
12      -120.534
13      -121.432
14      -121.157
15      -121.778
16      -119.584
17      -120.722
18      -120.162
19      -119.834
20      -123.761
21      -125.781
22      -123.205
23      -126.722
24      -121.586
25      -119.582
26      -119.525
27      -120.132
28      -121.808
29      -121.785
30      -116.988
31      -119.625
32      -121.864
33      -122.262
34      -120.134
35      -119.694
36      -122.099
37      -121.18
38      -121.853
39      -121.926
40      -119.213
41      -120.615
42      -122.673
43      -121.241
44      -121.041
45      -120.494
46      -120.612
47      -122.792
48      -126.525
49      -125.894
50      -125.356
51      -125.058
52      -127.813
53      -127.963
54      -123.878
55      -126.273
56      -125.461
57      -125.265
58      -122.835
59      -121.749
60      -122.929
61      -122.477
62      -124.677
63      -124.385
64      -121.231
65      -122.811
66      -122.398
67      -122.856
68      -122.074
69      -123.24
70      -121.129
71      -124.123
