0 0
1 2.5650433459414446
2 -3.995972739146658
3 -0.7677549218284291
4 -0.8192689837604284
5 -0.3461361799094197
6 -1.3543130232014051
7 -0.9189324173137067
8 -1.2697956921852152
9 -0.4901431691705033
10 -1.6592428237327987
11 0.0990160568000437
12 -0.6574823350918998
13 -0.6590274784024592
14 -1.3319940334044031
15 -3.765212928591181
16 -4.7110498205724
17 -3.4041165049654736
18 1.3252391337689782
19 1.0998434796737102
20 0.46047739608443494
21 1.8298747590783608
22 -1.2746462204731954
23 -2.606318958598687
24 0.2024908918639484
25 -1.587040756486792
26 -1.5843417613089723
27 2.033448083306495
28 -4.219792107521978
29 -0.49630934572050417
30 -1.0787889133744315
31 -1.7254298196830538
32 -1.282064706077663
33 -0.6823831057231274
34 -0.9962176307801657
35 0.8242901614138493
36 -0.3538560765047389
37 -2.8366552336440862
38 3.1519331184061565
39 -0.6069633331247826
40 -8.896338871179061
41 -1.7737617799742391
42 1.5930296413335385
43 4.745579610516108
44 0.7848676698486167
45 0.23207790707319004
46 -1.529139912859842
47 -0.711138584790293
48 -1.2402658578919987
49 -0.01725751390714213
50 -1.5191035243626656
51 -0.7983579285042119
52 -0.16824901801533454
53 -0.9187868625378202
54 -0.5732131222585216
55 -1.5890316070387331
56 -3.6841218255249677
57 -1.47031016362568
58 5.524418813342641
59 5.410906423279181
60 4.137 
61 5.347422246747515
62 3.627082361101555
63 1.5000000036690626
64 -1.348143967110404
65 2.3003862730494022
66 5.5471000702437046
67 7.5440545040079305
68 5.257461978347849
69 5.754103863402196
70 2.6592879834989467
71 3.779863763720865
