0 0.0
1 0.0
2 -123.48
3 -125.775
4 -123.098
5 -123.861
6 -120.122
7 -123.16
8 -120.005
9 -122.263
10 -119.429
11 -120.368
12 -121.509
13 -123.247
14 -122.653
15 -123.259
16 -121.26
17 -121.45
18 -121.149
19 -121.173
20 -124.865
21 -127.396
22 -124.776
23 -128.343
24 -124.056
25 -121.453
26 -123.04
27 -122.726
28 -125.116
29 -123.873
30 -118.461
31 -121.559
32 -124.097
33 -124.221
34 -121.821
35 -121.259
36 -124.035
37 -123.156
38 -124.418
39 -124.287
40 -120.817
41 -122.112
42 -124.657
43 -122.702
44 -122.566
45 -122.102
46 -123.351
47 -124.897
48 -128.784
49 -128.064
50 -127.804
51 -128.027
52 -130.477
53 -131.066
54 -126.228
55 -128.346
56 -128.416
57 -127.821
58 -127.056
59 -124.25
60 -126.189
61 -124.42
62 -127.036
63 -127.602
64 -123.513
65 -125.009
66 -125.795
67 -125.023
68 -124.818
69 -125.502
70 -123.098
71 -126.455
