       0
1       0
2       -117.337
3       -117.66
4       -118.109
5       -118.015
6       -115.101
7       -118.185
8       -114.691
9       -116.315
10      -113.927
11      -114.383
12      -116.655
13      -116.419
14      -116.698
15      -117.883
16      -115.327
17      -116.793
18      -116.047
19      -115.78
20      -120.395
21      -121.917
22      -119.109
23      -122.582
24      -118.556
25      -116.565
26      -116.465
27      -116.307
28      -117.879
29      -118.631
30      -114.443
31      -116.733
32      -118.686
33      -119.053
34      -117.222
35      -116.324
36      -119.178
37      -118.042
38      -118.69
39      -119.426
40      -116.859
41      -118.087
42      -119.383
43      -117.866
44      -118.363
45      -117.815
46      -118.601
47      -120.878
48      -123.97
49      -123.58
50      -123.163
51      -123.116
52      -125.732
53      -125.955
54      -121.322
55      -123.745
56      -123.25
57      -123.216
58      -120.447
59      -119.526
60      -119.357
61      -119.538
62      -121.62
63      -120.906
64      -118.703
65      -119.939
66      -118.974
67      -119.809
68      -119.037
69      -120.624
70      -118.878
71      -121.226