0 0
1 -90.59642888020052
2 -121.41722800568203
3 -121.10399770372484
4 -120.56839140283297
5 -121.93165219250783
6 -119.18556040461348
7 -122.47382910613247
8 -118.9607108587697
9 -120.4961306905066
10 -118.34171309306159
11 -118.76129702980352
12 -121.00022513327241
13 -120.9535686071486
14 -121.00879677649303
15 -120.873350764867
16 -119.92442633426386
17 -120.59480633930656
18 -120.28179788833148
19 -119.71603443908396
20 -123.58809522911852
21 -125.66802426635653
22 -123.56733017942513
23 -126.71517148107691
24 -121.88003279556203
25 -119.73399454720946
26 -120.45288390030115
27 -120.6104926324887
28 -122.25834743702042
29 -122.01274605872739
30 -117.99908688691042
31 -120.72129669571437
32 -122.00230785346204
33 -122.46943663369574
34 -120.95176130591283
35 -120.25650523955737
36 -123.29816505112663
37 -121.71377105627023
38 -122.11865133858583
39 -122.69859051754045
40 -120.8522194412285
41 -121.92780475171466
42 -122.79358796361163
43 -121.56366750228801
44 -120.90498907261927
45 -121.57857297908222
46 -122.57918594185352
47 -123.13887903342533
48 -126.52240228759938
49 -126.28615969281194
50 -125.82187908221375
51 -124.69771452799719
52 -128.48251320287198
53 -127.19184502273443
54 -124.4315241277416
55 -127.41299724385642
56 -125.37875972125167
57 -124.93479479246032
58 -123.6743933522261
59 -121.55171860575612
60 -123.92806878197314
61 -122.86103378618594
62 -125.16075711638975
63 -125.41204924741393
64 -122.17220750404111
65 -123.73882441623374
66 -122.27580295556096
67 -121.9658962280034
68 -121.44882228959919
69 -122.69268839981024
70 -121.80431864306246
71 -124.90001992424277
