0       0
1       0
2       -117.139
3       -117.637
4       -117.389
5       -117.366
6       -115.703
7       -117.519
8       -115.297
9       -117
10      -114.044
11      -114.959
12      -116.32
13      -116.545
14      -117.224
15      -118.394
16      -115.289
17      -117.059
18      -116.125
19      -114.849
20      -119.776
21      -121.006
22      -119.365
23      -122.537
24      -118.024
25      -116.132
26      -116.076
27      -115.845
28      -117.743
29      -118.001
30      -112.633
31      -115.688
32      -118.238
33      -118.228
34      -116.76
35      -115.146
36      -117.918
37      -117.353
38      -117.728
39      -118.397
40      -115.986
41      -116.872
42      -119.219
43      -116.687
44      -117.447
45      -116.573
46      -118.023
47      -119.178
48      -122.671
49      -122.533
50      -121.609
51      -121.43
52      -124.006
53      -123.983
54      -119.533
55      -121.767
56      -121.856
57      -121.652
58      -118.835
59      -118.518
60      -118.691
61      -118.677
62      -120.615
63      -119.729
64      -117.189
65      -119.194
66      -118.551
67      -118.628
68      -117.739
69      -119.429
70      -117.627
71      -119.536
