0       0
1       0
2       -118.432
3       -118.72
4       -119.101
5       -119.176
6       -116.858
7       -119.526
8       -116.486
9       -118.218
10      -115.557
11      -115.924
12      -118.077
13      -118.136
14      -117.909
15      -119.529
16      -117.053
17      -117.634
18      -117.162
19      -116.988
20      -121.391
21      -122.648
22      -120.776
23      -123.753
24      -119.833
25      -117.793
26      -117.987
27      -117.834
28      -119.512
29      -119.924
30      -114.809
31      -117.582
32      -119.549
33      -119.891
34      -118.189
35      -116.909
36      -119.738
37      -118.96
38      -119.576
39      -120.518
40      -117.91
41      -118.7
42      -120.469
43      -118.616
44      -119.002
45      -118.664
46      -119.036
47      -120.879
48      -124.282
49      -123.92
50      -123.738
51      -123.74
52      -125.783
53      -126.384
54      -121.638
55      -124.309
56      -123.902
57      -123.778
58      -121.041
59      -120.102
60      -120.134
61      -120.68
62      -122.144
63      -121.641
64      -119.345
65      -120.456
66      -119.844
67      -120.641
68      -120.002
69      -121.396
70      -119.226
71      -121.604
