0 0
1 0
2 -7.20587
3 -7.21995
4 -7.19879
5 -7.17557
6 -7.24872
7 -7.23769
8 -7.1922
9 -7.19355
10 -7.14643
11 -7.09832
12 -7.2805
13 -7.12384
14 -7.27867
15 -7.14054
16 -7.15251
17 -7.27514
18 -7.15547
19 -6.99794
20 -7.28656
21 -7.20508
22 -7.08681
23 -7.20757
24 -7.20218
25 -7.24689
26 -7.0676
27 -6.91551
28 -7.12283
29 -7.15207
30 -7.0722
31 -7.09682
32 -7.18586
33 -7.11043
34 -7.15343
35 -7.13269
36 -7.12824
37 -7.06306
38 -7.1651
39 -7.09253
40 -7.14475
41 -7.24462
42 -7.16096
43 -7.03211
44 -7.29105
45 -7.16787
46 -7.15008
47 -7.1575
48 -7.22208
49 -7.24381
50 -7.28727
51 -7.18501
52 -7.19704
53 -7.30324
54 -7.27716
55 -7.19807
56 -7.30221
57 -7.31243
58 -7.23288
59 -7.3518
60 -7.27363
61 -7.27636
62 -7.27727
63 -7.30985
64 -7.22836
65 -7.20251
66 -7.23993
67 -7.29898
68 -7.02431
69 -7.29276
70 -7.15753
71 -7.15391
